16392 11946 21701
21701 11946 16392
11946 16392 21701
26341 11210 13470
13470 11210 26341
11210 13470 26341
15206 5142 25472
5142 15206 25472
25472 5142 15206
21061 3885 24836
24836 3885 21061
3885 21061 24836
13402 5718 15949
5718 13402 15949
15949 5718 13402
25338 26718 27410
27410 25338 26718
26718 25338 27410
23926 24209 26251
24209 23926 26251
26251 23926 24209
9711 4964 9019
9019 4964 9711
4964 9019 9711
5043 23780 29766
23780 5043 29766
29766 5043 23780
22850 1606 10463
10463 1606 22850
1606 10463 22850
26058 7173 17446
7173 17446 26058
17446 7173 26058
15111 15953 17272
17272 15111 15953
15953 15111 17272
16695 17903 25532
25532 16695 17903
17903 16695 25532
8469 2728 18044
18044 2728 8469
2728 8469 18044
29762 7878 9526
7878 9526 29762
9526 7878 29762
15340 10764 16783
16783 10764 15340
10764 15340 16783
20818 8076 28729
8076 20818 28729
28729 8076 20818
18368 5866 25242
25242 5866 18368
5866 18368 25242
14135 5278 19188
5278 14135 19188
19188 5278 14135
16886 19003 19744
19744 16886 19003
19003 16886 19744
13255 2898 9613
9613 2898 13255
2898 9613 13255
26580 7135 12482
7135 12482 26580
12482 7135 26580
27984 7086 18354
7086 18354 27984
18354 7086 27984
8416 9004 10222
10222 8416 9004
9004 8416 10222
15001 10200 20314
10200 15001 20314
20314 10200 15001
8872 14046 21834
21834 8872 14046
14046 8872 21834
9254 4051 18318
4051 9254 18318
18318 4051 9254
1382 4365 24060
24060 1382 4365
4365 1382 24060
14567 19848 27285
19848 14567 27285
27285 14567 19848
21101 11266 29500
29500 11266 21101
11266 21101 29500
22256 10554 12824
12824 10554 22256
10554 12824 22256
16127 17530 18738
18738 16127 17530
17530 16127 18738
11655 16683 24381
24381 11655 16683
16683 11655 24381
19882 2673 14369
2673 14369 19882
14369 2673 19882
18221 6283 29728
29728 6283 18221
6283 18221 29728
29398 2078 7977
2078 7977 29398
7977 2078 29398
15274 8169 22760
8169 15274 22760
22760 8169 15274
2456 19544 21374
19544 2456 21374
21374 2456 19544
21134 1636 8889
8889 1636 21134
1636 8889 21134
17975 6933 18858
6933 17975 18858
18858 6933 17975
12299 7895 24064
24064 7895 12299
7895 12299 24064
5810 10897 13445
13445 5810 10897
10897 5810 13445
6715 8155 28284
28284 6715 8155
8155 6715 28284
24840 20965 21501
21501 20965 24840
20965 21501 24840
7417 21274 28606
21274 7417 28606
28606 7417 21274
18157 35 17074
17074 35 18157
35 17074 18157
13860 15593 25276
15593 13860 25276
25276 13860 15593
14722 11036 16575
11036 14722 16575
16575 11036 14722
20386 14863 27867
27867 14863 20386
14863 20386 27867
21598 11080 25737
11080 21598 25737
25737 11080 21598
25914 1850 14951
14951 1850 25914
1850 14951 25914
1958 14108 19441
19441 1958 14108
14108 1958 19441
11113 11713 15567
15567 11113 11713
11713 11113 15567
348 5949 16865
5949 348 16865
16865 348 5949
22208 4205 17141
17141 4205 22208
4205 17141 22208
25141 11766 27546
27546 11766 25141
11766 25141 27546
25623 10059 13332
13332 10059 25623
10059 13332 25623
10264 9491 11483
11483 9491 10264
9491 10264 11483
7079 5339 26420
5339 7079 26420
26420 5339 7079
10885 21266 26304
26304 10885 21266
21266 10885 26304
9095 4151 9514
4151 9095 9514
9514 4151 9095
29191 387 20385
387 20385 29191
20385 387 29191
10375 11147 18951
18951 10375 11147
11147 10375 18951
24621 1980 29989
1980 24621 29989
29989 1980 24621
12981 14019 26191
14019 12981 26191
26191 12981 14019
3897 7031 12456
7031 3897 12456
12456 3897 7031
6809 9451 14465
9451 6809 14465
14465 6809 9451
2398 10591 15528
10591 2398 15528
15528 2398 10591
28757 12960 25036
12960 25036 28757
25036 12960 28757
9589 3747 12952
3747 9589 12952
12952 3747 9589
6441 13424 23890
13424 6441 23890
23890 6441 13424
17306 886 11928
886 11928 17306
11928 886 17306
6650 24148 27450
24148 6650 27450
27450 6650 24148
16399 20769 29986
20769 16399 29986
29986 16399 20769
21690 4394 9053
4394 9053 21690
9053 4394 21690
21328 16264 24765
24765 16264 21328
16264 21328 24765
22002 18608 19373
19373 18608 22002
18608 19373 22002
16272 2657 16011
2657 16011 16272
16011 2657 16272
16638 11906 13254
13254 11906 16638
11906 13254 16638
20348 6378 17827
17827 6378 20348
6378 17827 20348
14125 2904 19845
19845 2904 14125
2904 14125 19845
15633 8937 27576
27576 8937 15633
8937 15633 27576
10532 11144 27968
11144 10532 27968
27968 10532 11144
2164 23597 24775
24775 2164 23597
23597 2164 24775
1397 17482 20853
17482 1397 20853
20853 1397 17482
15994 1048 4587
4587 1048 15994
1048 4587 15994
23487 26955 27516
26955 23487 27516
27516 23487 26955
8332 7899 21376
7899 8332 21376
21376 7899 8332
10877 23544 25646
25646 10877 23544
23544 10877 25646
5873 18355 21118
21118 5873 18355
18355 5873 21118
2476 12302 20607
20607 2476 12302
12302 2476 20607
19041 6008 19026
19026 6008 19041
6008 19026 19041
10454 3739 27245
27245 3739 10454
3739 10454 27245
7455 9046 29711
29711 7455 9046
9046 7455 29711
20096 11430 19870
19870 11430 20096
11430 19870 20096
17620 5456 22854
22854 5456 17620
5456 17620 22854
6113 22594 28339
22594 6113 28339
28339 6113 22594
19755 7260 13538
13538 7260 19755
7260 13538 19755
5001 18199 18476
18199 5001 18476
18476 5001 18199
28214 14991 25341
25341 14991 28214
14991 25341 28214
13045 2303 18957
2303 13045 18957
18957 2303 13045
4038 11544 13315
13315 4038 11544
11544 4038 13315
13745 15875 21499
15875 13745 21499
21499 13745 15875
11028 12059 16770
16770 11028 12059
12059 11028 16770
29840 9167 26533
26533 9167 29840
9167 26533 29840
27928 3734 20640
20640 3734 27928
3734 20640 27928
8015 5906 24889
24889 5906 8015
5906 8015 24889
7212 1540 29178
1540 7212 29178
29178 1540 7212
24427 13371 18643
13371 18643 24427
18643 13371 24427
4690 18545 19568
19568 4690 18545
18545 4690 19568
18679 5766 18490
5766 18490 18679
18490 5766 18679
15187 8503 12631
8503 12631 15187
12631 8503 15187
29961 17428 22701
17428 22701 29961
22701 17428 29961
25494 4009 7091
7091 4009 25494
4009 7091 25494
16145 2026 5697
2026 5697 16145
5697 2026 16145
22041 11058 12978
12978 11058 22041
11058 12978 22041
24686 1575 23010
23010 1575 24686
1575 23010 24686
22193 21126 27647
27647 21126 22193
21126 22193 27647
9177 6647 29030
29030 6647 9177
6647 9177 29030
15696 4081 10710
10710 4081 15696
4081 10710 15696
20230 4874 18661
18661 4874 20230
4874 18661 20230
18191 404 754
404 754 18191
754 404 18191
27696 7733 17598
7733 17598 27696
17598 7733 27696
12033 23078 29588
29588 12033 23078
23078 12033 29588
14109 11505 15037
11505 14109 15037
15037 11505 14109
21513 9782 22001
9782 21513 22001
22001 9782 21513
793 3401 10472
10472 793 3401
3401 793 10472
468 17644 22166
22166 468 17644
17644 468 22166
14840 9295 28885
28885 9295 14840
9295 14840 28885
25162 1013 22914
22914 1013 25162
1013 22914 25162
10882 3328 15319
3328 10882 15319
15319 3328 10882
26698 21975 26807
21975 26698 26807
26807 21975 26698
27454 9595 16339
9595 16339 27454
16339 9595 27454
21523 3236 25561
3236 21523 25561
25561 3236 21523
18901 15811 16928
15811 16928 18901
16928 15811 18901
28637 6896 25485
25485 6896 28637
6896 25485 28637
3101 172 7355
172 3101 7355
7355 172 3101
5522 4491 16778
16778 4491 5522
4491 5522 16778
1776 7224 13079
13079 1776 7224
7224 1776 13079
23972 9262 17448
17448 9262 23972
9262 17448 23972
25966 25908 26799
26799 25908 25966
25908 25966 26799
2077 192 23599
23599 192 2077
192 2077 23599
7384 14120 15328
14120 7384 15328
15328 7384 14120
7686 11157 23638
23638 7686 11157
11157 7686 23638
13692 1296 5806
5806 1296 13692
1296 5806 13692
9052 3583 7783
7783 3583 9052
3583 7783 9052
25429 6523 21476
6523 21476 25429
21476 6523 25429
28612 14024 22261
22261 14024 28612
14024 22261 28612
3503 13362 18856
18856 3503 13362
13362 3503 18856
21176 2162 11167
11167 2162 21176
2162 11167 21176
23813 2391 5084
5084 2391 23813
2391 5084 23813
21721 18742 22434
18742 21721 22434
22434 18742 21721
15990 17901 28441
17901 15990 28441
28441 15990 17901
10724 21849 22615
21849 10724 22615
22615 10724 21849
9723 5874 20860
5874 9723 20860
20860 5874 9723
15163 13479 20650
13479 15163 20650
20650 13479 15163
15527 16092 21111
16092 15527 21111
21111 15527 16092
14356 5973 10600
10600 5973 14356
5973 10600 14356
7883 11574 24921
11574 7883 24921
24921 7883 11574
25582 86 22938
86 22938 25582
22938 86 25582
12787 1052 12591
12591 1052 12787
1052 12591 12787
28446 4572 8558
4572 8558 28446
8558 4572 28446
394 13401 23499
23499 394 13401
13401 394 23499
15890 20275 24070
24070 15890 20275
20275 15890 24070
2735 4950 26841
26841 2735 4950
4950 2735 26841
13283 7853 15537
7853 13283 15537
15537 7853 13283
17968 8388 27979
27979 8388 17968
8388 17968 27979
8655 11016 21709
21709 8655 11016
11016 8655 21709
1156 59 24002
24002 59 1156
59 1156 24002
8662 3202 21221
3202 8662 21221
21221 3202 8662
14518 6443 18029
18029 6443 14518
6443 14518 18029
20723 6830 26940
6830 20723 26940
26940 6830 20723
12738 4952 29155
4952 12738 29155
29155 4952 12738
28603 4112 8956
4112 8956 28603
8956 4112 28603
21803 949 9316
9316 949 21803
949 9316 21803
29268 6620 17568
6620 17568 29268
17568 6620 29268
10497 1434 10328
10328 1434 10497
1434 10328 10497
25218 11853 12144
12144 11853 25218
11853 12144 25218
13012 16177 29419
29419 13012 16177
16177 13012 29419
24359 13372 13392
13392 13372 24359
13372 13392 24359
17117 21416 26073
21416 17117 26073
26073 17117 21416
16228 14054 22473
14054 16228 22473
22473 14054 16228
14996 17841 26697
17841 14996 26697
26697 14996 17841
22977 17311 26737
26737 17311 22977
17311 22977 26737
11768 15368 29689
29689 11768 15368
15368 11768 29689
8370 11675 22283
22283 8370 11675
11675 8370 22283
8488 23199 23692
23692 8488 23199
23199 8488 23692
15051 18401 23239
18401 15051 23239
23239 15051 18401
10025 2808 22121
22121 2808 10025
2808 10025 22121
7021 9069 11781
11781 7021 9069
9069 7021 11781
10367 2990 14760
14760 2990 10367
2990 10367 14760
17065 4885 17838
4885 17065 17838
17838 4885 17065
951 6789 26726
26726 951 6789
6789 951 26726
16815 24159 26827
26827 16815 24159
24159 16815 26827
2927 8130 18296
8130 2927 18296
18296 2927 8130
9328 25440 25965
25965 9328 25440
25440 9328 25965
3531 18746 26971
26971 3531 18746
18746 3531 26971
16900 16862 18617
16862 16900 18617
18617 16862 16900
15648 22126 22586
22586 15648 22126
22126 15648 22586
27216 14008 14879
14008 14879 27216
14879 14008 27216
19968 14309 20589
20589 14309 19968
14309 19968 20589
29388 23082 23120
23082 23120 29388
23120 23082 29388
23309 15021 15478
15021 15478 23309
15478 15021 23309
24644 9912 16687
16687 9912 24644
9912 16687 24644
15872 6357 20340
6357 15872 20340
20340 6357 15872
6860 6145 27738
6145 6860 27738
27738 6145 6860
14817 17993 28149
17993 14817 28149
28149 14817 17993
14880 24832 25337
24832 14880 25337
25337 14880 24832
16732 9559 28115
9559 16732 28115
28115 9559 16732
24472 10445 13080
10445 13080 24472
13080 10445 24472
1055 1069 27532
27532 1055 1069
1069 1055 27532
14071 3835 23196
3835 14071 23196
23196 3835 14071
22602 6634 29554
6634 22602 29554
29554 6634 22602
21506 15883 26215
15883 21506 26215
26215 15883 21506
28938 15484 26996
15484 26996 28938
26996 15484 28938
891 9825 12294
9825 891 12294
12294 891 9825
9682 7905 25955
25955 7905 9682
7905 9682 25955
339 3907 22538
3907 339 22538
22538 339 3907
28812 2980 27271
2980 27271 28812
27271 2980 28812
4470 4116 10291
4116 4470 10291
10291 4116 4470
666 12965 29705
12965 666 29705
29705 666 12965
1498 5079 13699
13699 1498 5079
5079 1498 13699
23024 15455 28984
28984 15455 23024
15455 23024 28984
22721 21964 22060
22060 21964 22721
21964 22060 22721
7649 10174 17507
10174 7649 17507
17507 7649 10174
29059 2760 6998
2760 6998 29059
6998 2760 29059
4994 8796 20539
8796 4994 20539
20539 4994 8796
23178 18142 24551
24551 18142 23178
18142 23178 24551
20445 22855 23189
22855 20445 23189
23189 20445 22855
29976 10640 24478
10640 24478 29976
24478 10640 29976
5694 17181 19427
19427 5694 17181
17181 5694 19427
20495 2503 7874
7874 2503 20495
2503 7874 20495
11563 18515 27067
27067 11563 18515
18515 11563 27067
14122 5189 10961
5189 10961 14122
10961 5189 14122
23606 27897 28476
28476 23606 27897
27897 23606 28476
15141 885 4076
4076 885 15141
885 4076 15141
11773 9513 19017
19017 9513 11773
9513 11773 19017
15107 13055 23691
13055 15107 23691
23691 13055 15107
26648 5423 29714
29714 5423 26648
5423 26648 29714
26293 1396 7053
7053 1396 26293
1396 7053 26293
7298 13820 19037
13820 7298 19037
19037 7298 13820
4141 14341 25916
14341 4141 25916
25916 4141 14341
14384 5387 25567
5387 14384 25567
25567 5387 14384
23229 19459 27213
19459 23229 27213
27213 19459 23229
2455 470 9493
470 2455 9493
9493 470 2455
5923 12528 21057
12528 5923 21057
21057 5923 12528
9724 1114 4196
4196 1114 9724
1114 4196 9724
18386 6566 7267
6566 7267 18386
7267 6566 18386
7162 13285 14235
14235 7162 13285
13285 7162 14235
14160 1790 4463
4463 1790 14160
1790 4463 14160
3385 1586 17943
17943 1586 3385
1586 3385 17943
12774 12748 21546
21546 12748 12774
12748 12774 21546
14144 11930 21483
21483 11930 14144
11930 14144 21483
7364 6547 25644
6547 7364 25644
25644 6547 7364
9351 18201 20785
18201 9351 20785
20785 9351 18201
814 11068 12696
11068 814 12696
12696 814 11068
15312 12124 22263
22263 12124 15312
12124 15312 22263
11333 1308 12609
1308 11333 12609
12609 1308 11333
21564 4272 9293
4272 9293 21564
9293 4272 21564
11614 8886 25592
8886 11614 25592
25592 8886 11614
20062 9164 22510
9164 20062 22510
22510 9164 20062
12833 5656 22511
5656 12833 22511
22511 5656 12833
9669 395 7666
7666 395 9669
395 7666 9669
29595 14570 26759
26759 14570 29595
14570 26759 29595
26727 17545 25695
17545 25695 26727
25695 17545 26727
15040 1690 7109
7109 1690 15040
1690 7109 15040
7028 9411 13238
13238 7028 9411
9411 7028 13238
15012 4556 23824
23824 4556 15012
4556 15012 23824
15411 940 27841
940 15411 27841
27841 940 15411
6047 16840 28604
28604 6047 16840
16840 6047 28604
7065 16200 18960
16200 7065 18960
18960 7065 16200
4989 17193 17586
17586 4989 17193
17193 4989 17586
8791 29751 29887
29751 8791 29887
29887 8791 29751
14466 2048 28138
28138 2048 14466
2048 14466 28138
10998 14615 17091
14615 10998 17091
17091 10998 14615
8018 7577 18735
7577 8018 18735
18735 7577 8018
357 9474 23367
9474 357 23367
23367 357 9474
26830 2861 24004
24004 2861 26830
2861 24004 26830
26760 13956 18501
18501 13956 26760
13956 18501 26760
2630 4090 4524
4090 2630 4524
4524 2630 4090
29344 2950 7375
7375 2950 29344
2950 7375 29344
4971 4578 22328
4578 4971 22328
22328 4578 4971
3611 21122 28074
21122 3611 28074
28074 3611 21122
11326 16661 18448
18448 11326 16661
16661 11326 18448
17912 13729 27132
27132 13729 17912
13729 17912 27132
11119 21880 27793
27793 11119 21880
21880 11119 27793
9872 2667 26466
26466 2667 9872
2667 9872 26466
3396 15109 18833
18833 3396 15109
15109 3396 18833
11731 6361 21708
21708 6361 11731
6361 11731 21708
9663 6229 17244
6229 9663 17244
17244 6229 9663
22508 19916 25355
19916 22508 25355
25355 19916 22508
22775 13916 26921
26921 13916 22775
13916 22775 26921
15997 11159 27864
11159 15997 27864
27864 11159 15997
29384 4539 16447
4539 16447 29384
16447 4539 29384
24945 10783 24373
10783 24373 24945
24373 10783 24945
4180 7197 23893
23893 4180 7197
7197 4180 23893
147 8160 21207
21207 147 8160
8160 147 21207
6939 8302 13870
13870 6939 8302
8302 6939 13870
23086 13216 18897
13216 18897 23086
18897 13216 23086
21213 3909 16740
3909 16740 21213
16740 3909 21213
19289 3554 23573
23573 3554 19289
3554 19289 23573
17178 21525 29425
29425 17178 21525
21525 17178 29425
77 9359 13075
9359 77 13075
13075 77 9359
15940 23992 29811
23992 15940 29811
29811 15940 23992
12257 1220 25730
1220 12257 25730
25730 1220 12257
1888 12701 26741
12701 1888 26741
26741 1888 12701
15118 16553 21951
21951 15118 16553
16553 15118 21951
6836 12919 20300
12919 6836 20300
20300 6836 12919
24520 7928 29245
29245 7928 24520
7928 24520 29245
18714 2032 15688
15688 2032 18714
2032 15688 18714
3826 20176 28134
20176 3826 28134
28134 3826 20176
14442 7339 10223
10223 7339 14442
7339 10223 14442
7001 1775 9970
9970 1775 7001
1775 7001 9970
3579 3058 23033
23033 3058 3579
3058 3579 23033
14065 21108 23186
21108 14065 23186
23186 14065 21108
7650 10247 29066
29066 7650 10247
10247 7650 29066
917 7875 23569
23569 917 7875
7875 917 23569
26826 2116 29806
2116 26826 29806
29806 2116 26826
16964 20250 24290
24290 16964 20250
20250 16964 24290
7923 15958 19247
19247 7923 15958
15958 7923 19247
8628 2040 13195
13195 2040 8628
2040 8628 13195
7846 8323 9407
9407 7846 8323
8323 7846 9407
9887 1012 14312
14312 1012 9887
1012 9887 14312
7725 4834 21780
4834 7725 21780
21780 4834 7725
29643 10835 13502
13502 10835 29643
10835 13502 29643
24627 17867 23257
17867 23257 24627
23257 17867 24627
10153 2654 7155
2654 7155 10153
7155 2654 10153
19388 2646 4418
4418 2646 19388
2646 4418 19388
196 23648 24620
24620 196 23648
23648 196 24620
6752 27440 29990
27440 6752 29990
29990 6752 27440
6671 18741 25135
18741 6671 25135
25135 6671 18741
3074 19907 24037
24037 3074 19907
19907 3074 24037
25103 20434 29640
29640 20434 25103
20434 25103 29640
10951 10653 29660
29660 10653 10951
10653 10951 29660
19964 5004 20699
5004 19964 20699
20699 5004 19964
15434 825 916
916 825 15434
825 916 15434
21818 2353 2922
2353 2922 21818
2922 2353 21818
27489 2978 16847
16847 2978 27489
2978 16847 27489
12409 17148 28450
17148 12409 28450
28450 12409 17148
4370 24285 26736
26736 4370 24285
24285 4370 26736
3640 6971 29443
6971 3640 29443
29443 3640 6971
9726 22091 27269
27269 9726 22091
22091 9726 27269
2820 12095 28664
28664 2820 12095
12095 2820 28664
7795 6107 15823
6107 7795 15823
15823 6107 7795
17967 5711 19757
5711 17967 19757
19757 5711 17967
3626 3481 26360
26360 3481 3626
3481 3626 26360
6314 15992 19331
15992 6314 19331
19331 6314 15992
1345 5600 7482
5600 1345 7482
7482 1345 5600
27834 3767 24714
3767 24714 27834
24714 3767 27834
24985 23641 25606
23641 24985 25606
25606 23641 24985
316 1740 27290
1740 316 27290
27290 316 1740
8203 4625 14079
4625 8203 14079
14079 4625 8203
23541 361 13906
361 13906 23541
13906 361 23541
23014 17958 28332
17958 23014 28332
28332 17958 23014
28964 30 16852
16852 30 28964
30 16852 28964
14508 13191 13736
13736 13191 14508
13191 13736 14508
27397 14970 28222
14970 27397 28222
28222 14970 27397
26911 2161 5955
5955 2161 26911
2161 5955 26911
24087 12606 26169
12606 24087 26169
26169 12606 24087
11347 4385 14455
4385 11347 14455
14455 4385 11347
3246 300 18158
300 3246 18158
18158 300 3246
23659 3409 8647
3409 8647 23659
8647 3409 23659
13958 13130 18750
13130 13958 18750
18750 13130 13958
12187 2884 4981
4981 2884 12187
2884 4981 12187
5851 1021 14419
1021 5851 14419
14419 1021 5851
21014 18403 24645
18403 21014 24645
24645 18403 21014
23334 24565 24998
24998 23334 24565
24565 23334 24998
23300 1900 29563
1900 23300 29563
29563 1900 23300
13662 1122 6024
6024 1122 13662
1122 6024 13662
5828 659 1673
1673 659 5828
659 1673 5828
14087 8400 8599
8599 8400 14087
8400 8599 14087
9794 8205 26444
26444 8205 9794
8205 9794 26444
19614 432 25612
432 19614 25612
25612 432 19614
6348 11694 11931
11931 6348 11694
11694 6348 11931
9099 692 22321
22321 692 9099
692 9099 22321
5119 9152 28259
9152 5119 28259
28259 5119 9152
1236 24557 27032
24557 1236 27032
27032 1236 24557
29726 3793 25492
3793 25492 29726
25492 3793 29726
15061 17196 18828
17196 15061 18828
18828 15061 17196
1166 15562 27412
15562 1166 27412
27412 1166 15562
29893 11240 12784
12784 11240 29893
11240 12784 29893
21242 3075 15726
3075 15726 21242
15726 3075 21242
11976 10209 14713
10209 11976 14713
14713 10209 11976
21339 15729 18036
15729 18036 21339
18036 15729 21339
29136 14212 23231
23231 14212 29136
14212 23231 29136
15770 16576 17706
16576 15770 17706
17706 15770 16576
14436 15607 22813
15607 14436 22813
22813 14436 15607
2469 14810 17719
17719 2469 14810
14810 2469 17719
25544 4363 27601
27601 4363 25544
4363 25544 27601
7998 8808 17129
8808 7998 17129
17129 7998 8808
403 11066 27417
27417 403 11066
11066 403 27417
17026 15867 17707
17707 15867 17026
15867 17026 17707
24458 11449 23764
23764 11449 24458
11449 23764 24458
7830 6067 10282
6067 7830 10282
10282 6067 7830
4425 18305 27406
18305 4425 27406
27406 4425 18305
24606 11912 29844
29844 11912 24606
11912 24606 29844
11141 12441 25911
12441 11141 25911
25911 11141 12441
25002 7261 13253
7261 13253 25002
13253 7261 25002
25810 674 27846
674 25810 27846
27846 674 25810
6925 2529 13312
13312 2529 6925
2529 6925 13312
25253 8519 18524
8519 18524 25253
18524 8519 25253
7493 13859 24314
24314 7493 13859
13859 7493 24314
10201 5213 12874
5213 10201 12874
12874 5213 10201
9690 11046 23047
11046 9690 23047
23047 9690 11046
13937 26464 26592
26592 13937 26464
26464 13937 26592
4948 11114 23977
11114 4948 23977
23977 4948 11114
17714 15474 22224
22224 15474 17714
15474 17714 22224
6963 2029 11217
2029 6963 11217
11217 2029 6963
9813 3702 29148
29148 3702 9813
3702 9813 29148
10052 10990 24253
10990 10052 24253
24253 10052 10990
10936 10976 20040
20040 10936 10976
10976 10936 20040
19169 683 5153
5153 683 19169
683 5153 19169
19589 21440 21542
21440 19589 21542
21542 19589 21440
787 17401 18518
18518 787 17401
17401 787 18518
20168 983 15499
15499 983 20168
983 15499 20168
3471 15392 22548
15392 3471 22548
22548 3471 15392
28383 7412 11234
7412 11234 28383
11234 7412 28383
9482 18003 20212
20212 9482 18003
18003 9482 20212
28116 4840 7414
7414 4840 28116
4840 7414 28116
23646 14974 15759
14974 15759 23646
15759 14974 23646
5646 7991 13173
7991 5646 13173
13173 5646 7991
19138 766 15145
15145 766 19138
766 15145 19138
7235 243 2479
243 2479 7235
2479 243 7235
7487 20233 23928
23928 7487 20233
20233 7487 23928
29535 16101 24531
24531 16101 29535
16101 24531 29535
6244 4025 27868
4025 6244 27868
27868 4025 6244
10470 3756 19859
19859 3756 10470
3756 10470 19859
23505 1609 22341
1609 22341 23505
22341 1609 23505
401 19518 25012
25012 401 19518
19518 401 25012
20261 18520 25283
25283 18520 20261
18520 20261 25283
27790 10722 21204
21204 10722 27790
10722 21204 27790
19577 926 4670
4670 926 19577
926 4670 19577
28204 3364 9502
9502 3364 28204
3364 9502 28204
27023 1024 24589
24589 1024 27023
1024 24589 27023
24121 2471 18207
2471 18207 24121
18207 2471 24121
20591 8177 18188
18188 8177 20591
8177 18188 20591
14386 23921 28699
23921 14386 28699
28699 14386 23921
5154 5778 19602
19602 5154 5778
5778 5154 19602
10140 16194 19079
16194 10140 19079
19079 10140 16194
13383 2889 17453
2889 13383 17453
17453 2889 13383
26305 20955 21385
21385 20955 26305
20955 21385 26305
12275 473 4606
4606 473 12275
473 4606 12275
7839 23121 28170
28170 7839 23121
23121 7839 28170
9312 1088 13737
13737 1088 9312
1088 9312 13737
27694 3499 11682
11682 3499 27694
3499 11682 27694
6089 8300 20174
8300 6089 20174
20174 6089 8300
24823 11676 17184
11676 17184 24823
17184 11676 24823
21107 22702 24550
24550 21107 22702
22702 21107 24550
21167 10763 18260
10763 18260 21167
18260 10763 21167
26087 5285 21642
5285 21642 26087
21642 5285 26087
9357 8734 12927
8734 9357 12927
12927 8734 9357
8234 11221 13467
11221 8234 13467
13467 8234 11221
23428 2366 9272
9272 2366 23428
2366 9272 23428
13154 15155 23292
23292 13154 15155
15155 13154 23292
13050 9007 18367
9007 13050 18367
18367 9007 13050
15207 6470 12521
12521 6470 15207
6470 12521 15207
26495 7676 23827
7676 23827 26495
23827 7676 26495
29529 2428 5559
2428 5559 29529
5559 2428 29529
16369 6011 8441
8441 6011 16369
6011 8441 16369
5328 22506 23184
23184 5328 22506
22506 5328 23184
23472 6568 19187
19187 6568 23472
6568 19187 23472
20863 6549 28645
6549 20863 28645
28645 6549 20863
5162 16736 29079
29079 5162 16736
16736 5162 29079
1537 56 21222
56 1537 21222
21222 56 1537
7668 22683 24916
22683 7668 24916
24916 7668 22683
2513 21551 26619
26619 2513 21551
21551 2513 26619
17335 7078 13491
7078 13491 17335
13491 7078 17335
22050 6243 11086
6243 11086 22050
11086 6243 22050
8198 14640 18089
14640 8198 18089
18089 8198 14640
10973 26097 27467
26097 10973 27467
27467 10973 26097
13810 3710 29634
3710 13810 29634
29634 3710 13810
8182 9132 16053
9132 8182 16053
16053 8182 9132
25205 16719 17991
16719 17991 25205
17991 16719 25205
12985 12973 16890
12973 12985 16890
16890 12973 12985
1200 16939 20202
16939 1200 20202
20202 1200 16939
20157 13727 15033
15033 13727 20157
13727 15033 20157
22028 16191 28304
16191 22028 28304
28304 16191 22028
4620 9471 22169
9471 4620 22169
22169 4620 9471
26520 22161 23883
23883 22161 26520
22161 23883 26520
13269 922 8816
8816 922 13269
922 8816 13269
6471 5383 26210
5383 6471 26210
26210 5383 6471
14425 921 20145
921 14425 20145
20145 921 14425
7194 8928 19521
19521 7194 8928
8928 7194 19521
15569 6590 29974
6590 15569 29974
29974 6590 15569
18609 12067 20666
20666 12067 18609
12067 18609 20666
17359 6032 17821
6032 17359 17821
17821 6032 17359
3340 13879 15634
13879 3340 15634
15634 3340 13879
20918 11508 26701
26701 11508 20918
11508 20918 26701
17220 2251 22911
22911 2251 17220
2251 17220 22911
21200 3755 9754
3755 9754 21200
9754 3755 21200
24398 17592 22599
17592 22599 24398
22599 17592 24398
7531 15546 25470
25470 7531 15546
15546 7531 25470
12463 22682 23517
23517 12463 22682
22682 12463 23517
23849 1425 5631
1425 5631 23849
5631 1425 23849
29699 7145 18465
7145 18465 29699
18465 7145 29699
22883 4985 28159
28159 4985 22883
4985 22883 28159
1793 7022 24567
7022 1793 24567
24567 1793 7022
10638 8534 15002
15002 8534 10638
8534 10638 15002
27679 22056 26417
26417 22056 27679
22056 26417 27679
9677 25158 25686
25158 9677 25686
25686 9677 25158
17729 16527 17964
16527 17729 17964
17964 16527 17729
17837 20183 29760
20183 17837 29760
29760 17837 20183
13229 216 22632
216 13229 22632
22632 216 13229
8180 4671 19145
4671 8180 19145
19145 4671 8180
11635 25016 29661
25016 11635 29661
29661 11635 25016
22752 19524 21246
19524 21246 22752
21246 19524 22752
15787 13850 24475
24475 13850 15787
13850 15787 24475
21252 1780 13405
13405 1780 21252
1780 13405 21252
3149 6692 13864
6692 3149 13864
13864 3149 6692
15244 11053 25665
11053 15244 25665
25665 11053 15244
18460 3254 9720
9720 3254 18460
3254 9720 18460
11660 137 6811
6811 137 11660
137 6811 11660
6456 25959 28779
25959 6456 28779
28779 6456 25959
7952 5555 18871
18871 5555 7952
5555 7952 18871
981 16024 17439
16024 981 17439
17439 981 16024
27062 14721 15927
15927 14721 27062
14721 15927 27062
12971 4737 13204
4737 12971 13204
13204 4737 12971
29274 21032 25419
25419 21032 29274
21032 25419 29274
14203 4092 13078
4092 13078 14203
13078 4092 14203
3465 15818 18959
18959 3465 15818
15818 3465 18959
23558 2779 21193
21193 2779 23558
2779 21193 23558
15524 20750 28666
20750 15524 28666
28666 15524 20750
25950 19417 25033
25033 19417 25950
19417 25033 25950
23062 1579 1882
1579 1882 23062
1882 1579 23062
26427 2634 16233
2634 16233 26427
16233 2634 26427
21109 3512 13100
3512 13100 21109
13100 3512 21109
15108 18002 18017
18017 15108 18002
18002 15108 18017
17953 13391 13896
13391 13896 17953
13896 13391 17953
4251 7942 20886
7942 4251 20886
20886 4251 7942
21808 11432 22494
22494 11432 21808
11432 21808 22494
23684 6938 28417
6938 23684 28417
28417 6938 23684
27154 3676 17334
17334 3676 27154
3676 17334 27154
3578 22253 29449
29449 3578 22253
22253 3578 29449
16875 3349 29336
29336 3349 16875
3349 16875 29336
18022 5127 20398
20398 5127 18022
5127 18022 20398
18974 11965 12932
11965 12932 18974
12932 11965 18974
4743 2290 16580
2290 4743 16580
16580 2290 4743
14269 18256 24609
18256 14269 24609
24609 14269 18256
5294 17081 26650
17081 5294 26650
26650 5294 17081
29748 2794 4108
4108 2794 29748
2794 4108 29748
1912 48 27805
48 1912 27805
27805 48 1912
28250 1644 4075
1644 4075 28250
4075 1644 28250
10406 17203 28490
17203 10406 28490
28490 10406 17203
21833 28285 28822
28285 21833 28822
28822 21833 28285
25035 18363 26843
26843 18363 25035
18363 25035 26843
19260 19094 26303
19094 19260 26303
26303 19094 19260
16516 445 29876
445 16516 29876
29876 445 16516
25643 6368 24348
24348 6368 25643
6368 24348 25643
28225 19467 23401
19467 23401 28225
23401 19467 28225
19117 16119 21067
16119 19117 21067
21067 16119 19117
27886 17852 21484
17852 21484 27886
21484 17852 27886
29950 7459 27577
27577 7459 29950
7459 27577 29950
27293 2461 17577
17577 2461 27293
2461 17577 27293
159 9751 29289
29289 159 9751
9751 159 29289
2436 4195 13062
13062 2436 4195
4195 2436 13062
21489 8418 19669
8418 19669 21489
19669 8418 21489
21936 1258 14220
1258 14220 21936
14220 1258 21936
9479 2929 26065
26065 2929 9479
2929 9479 26065
7009 4593 6902
4593 6902 7009
6902 4593 7009
15013 17107 24654
17107 15013 24654
24654 15013 17107
2076 21152 23147
23147 2076 21152
21152 2076 23147
22008 1722 12459
12459 1722 22008
1722 12459 22008
15226 4545 19595
4545 15226 19595
19595 4545 15226
25509 12990 28043
28043 12990 25509
12990 25509 28043
20752 15534 25754
15534 20752 25754
25754 15534 20752
15570 10078 20003
10078 15570 20003
20003 10078 15570
17873 13210 15386
15386 13210 17873
13210 15386 17873
5909 2858 24731
24731 2858 5909
2858 5909 24731
23391 23685 24912
24912 23391 23685
23685 23391 24912
21236 8955 29197
8955 21236 29197
29197 8955 21236
18948 5521 23283
5521 18948 23283
23283 5521 18948
15091 10631 28898
10631 15091 28898
28898 10631 15091
25764 5315 29756
5315 25764 29756
29756 5315 25764
3475 888 8163
888 3475 8163
8163 888 3475
15668 10922 27376
27376 10922 15668
10922 15668 27376
4102 19920 29864
29864 4102 19920
19920 4102 29864
27677 1305 12399
1305 12399 27677
12399 1305 27677
16001 9399 9659
9659 9399 16001
9399 9659 16001
28371 13118 19211
19211 13118 28371
13118 19211 28371
4676 18873 26490
18873 4676 26490
26490 4676 18873
16034 4345 6453
6453 4345 16034
4345 6453 16034
17327 3106 21609
21609 3106 17327
3106 17327 21609
7020 14336 19523
19523 7020 14336
14336 7020 19523
10038 18905 21913
21913 10038 18905
18905 10038 21913
6017 3691 13162
13162 3691 6017
3691 6017 13162
10905 23384 23714
23714 10905 23384
23384 10905 23714
25676 7593 25258
25258 7593 25676
7593 25258 25676
15408 6766 16374
16374 6766 15408
6766 15408 16374
12460 2757 4031
2757 4031 12460
4031 2757 12460
10771 6282 12003
6282 10771 12003
12003 6282 10771
14326 8879 16129
16129 8879 14326
8879 14326 16129
3122 13955 22467
22467 3122 13955
13955 3122 22467
18387 2296 18114
2296 18114 18387
18114 2296 18387
19902 3275 25444
25444 3275 19902
3275 19902 25444
12943 1777 12115
12115 1777 12943
1777 12115 12943
20350 6707 12138
12138 6707 20350
6707 12138 20350
15700 18590 20684
18590 15700 20684
20684 15700 18590
29873 5019 17354
17354 5019 29873
5019 17354 29873
12980 17872 20013
17872 12980 20013
20013 12980 17872
6878 21087 23310
23310 6878 21087
21087 6878 23310
12987 9728 29487
9728 12987 29487
29487 9728 12987
14115 16455 24763
24763 14115 16455
16455 14115 24763
8154 25735 29903
29903 8154 25735
25735 8154 29903
4896 27129 28336
28336 4896 27129
27129 4896 28336
27611 13186 29630
29630 13186 27611
13186 27611 29630
9704 9248 20617
9248 9704 20617
20617 9248 9704
16659 12099 22339
12099 16659 22339
22339 12099 16659
4492 12237 12354
12354 4492 12237
12237 4492 12354
19685 4729 17594
4729 17594 19685
17594 4729 19685
14064 8870 9346
8870 9346 14064
9346 8870 14064
2563 21871 23949
21871 2563 23949
23949 2563 21871
18787 5293 22308
22308 5293 18787
5293 18787 22308
11936 1977 21854
1977 11936 21854
21854 1977 11936
10338 2210 24773
2210 10338 24773
24773 2210 10338
4507 12469 18631
12469 4507 18631
18631 4507 12469
5893 1406 27368
27368 1406 5893
1406 5893 27368
10528 5480 26000
5480 10528 26000
26000 5480 10528
2462 24739 26987
26987 2462 24739
24739 2462 26987
6543 5336 11027
11027 5336 6543
5336 6543 11027
19542 716 27562
716 19542 27562
27562 716 19542
7201 1815 3245
3245 1815 7201
1815 3245 7201
9490 9530 18945
18945 9490 9530
9530 9490 18945
1675 11146 25477
25477 1675 11146
11146 1675 25477
3454 2500 29734
2500 3454 29734
29734 2500 3454
2966 20000 21759
20000 2966 21759
21759 2966 20000
26422 11478 18240
11478 18240 26422
18240 11478 26422
26064 11609 26576
26576 11609 26064
11609 26064 26576
5525 5197 21570
5197 5525 21570
21570 5197 5525
21766 8990 29103
29103 8990 21766
8990 21766 29103
10736 5993 10117
5993 10117 10736
10117 5993 10736
20047 18230 25414
18230 20047 25414
25414 18230 20047
19727 23767 29070
23767 19727 29070
29070 19727 23767
12564 14296 29420
14296 12564 29420
29420 12564 14296
18648 16230 20602
20602 16230 18648
16230 18648 20602
24804 16841 20377
16841 20377 24804
20377 16841 24804
8510 14910 23981
23981 8510 14910
14910 8510 23981
11187 13280 14470
13280 11187 14470
14470 11187 13280
27708 27795 29654
29654 27708 27795
27795 27708 29654
3580 2245 14747
2245 3580 14747
14747 2245 3580
29153 9653 26445
26445 9653 29153
9653 26445 29153
15829 11893 19596
11893 15829 19596
19596 11893 15829
23126 7714 14460
14460 7714 23126
7714 14460 23126
23023 8659 23905
23905 8659 23023
8659 23023 23905
27878 4468 25315
4468 25315 27878
25315 4468 27878
9848 8725 11726
8725 9848 11726
11726 8725 9848
9405 13581 14517
14517 9405 13581
13581 9405 14517
26850 15080 21769
15080 21769 26850
21769 15080 26850
29399 5628 14741
14741 5628 29399
5628 14741 29399
4214 7255 28068
28068 4214 7255
7255 4214 28068
19085 1321 20653
20653 1321 19085
1321 19085 20653
12986 5058 14355
14355 5058 12986
5058 12986 14355
292 3883 8170
8170 292 3883
3883 292 8170
19974 11020 26687
26687 11020 19974
11020 19974 26687
7203 14562 20401
14562 7203 20401
20401 7203 14562
20990 5789 11085
11085 5789 20990
5789 11085 20990
22287 22390 27506
27506 22287 22390
22390 22287 27506
1646 5275 14136
5275 1646 14136
14136 1646 5275
28544 694 4911
4911 694 28544
694 4911 28544
27393 6814 24028
6814 24028 27393
24028 6814 27393
2774 799 29744
29744 799 2774
799 2774 29744
25117 23103 29833
29833 23103 25117
23103 25117 29833
6023 5272 11890
11890 5272 6023
5272 6023 11890
15262 1061 9290
9290 1061 15262
1061 9290 15262
21756 7628 15612
7628 15612 21756
15612 7628 21756
8596 12101 13212
13212 8596 12101
12101 8596 13212
9849 6618 12218
12218 6618 9849
6618 9849 12218
7678 17614 23580
23580 7678 17614
17614 7678 23580
16464 12914 27181
27181 12914 16464
12914 16464 27181
17264 13798 22453
13798 17264 22453
22453 13798 17264
3836 26579 29048
26579 3836 29048
29048 3836 26579
10821 1833 16048
1833 10821 16048
16048 1833 10821
10024 19895 25521
25521 10024 19895
19895 10024 25521
9389 8041 18722
8041 9389 18722
18722 8041 9389
5733 20112 27893
20112 5733 27893
27893 5733 20112
26447 5250 12308
5250 12308 26447
12308 5250 26447
496 6723 7035
7035 496 6723
6723 496 7035
4414 349 7347
349 4414 7347
7347 349 4414
29306 1835 17748
17748 1835 29306
1835 17748 29306
27260 5264 18730
18730 5264 27260
5264 18730 27260
20443 22049 28372
22049 20443 28372
28372 20443 22049
4802 3596 22116
3596 4802 22116
22116 3596 4802
22326 898 15018
898 15018 22326
15018 898 22326
25609 20593 28930
20593 25609 28930
28930 20593 25609
18041 5146 28647
28647 5146 18041
5146 18041 28647
28868 9767 29150
9767 28868 29150
29150 9767 28868
17083 22528 28219
22528 17083 28219
28219 17083 22528
29899 9016 19131
9016 19131 29899
19131 9016 29899
24430 13750 14568
13750 14568 24430
14568 13750 24430
28908 3537 24288
3537 24288 28908
24288 3537 28908
16846 2082 26371
26371 2082 16846
2082 16846 26371
13501 8201 14604
14604 8201 13501
8201 13501 14604
9156 3043 12951
12951 3043 9156
3043 9156 12951
10963 17528 20973
20973 10963 17528
17528 10963 20973
9617 8307 11852
11852 8307 9617
8307 9617 11852
18847 4738 23686
23686 4738 18847
4738 18847 23686
7169 10547 12752
10547 7169 12752
12752 7169 10547
27141 10827 17646
17646 10827 27141
10827 17646 27141
4452 19654 26548
26548 4452 19654
19654 4452 26548
22485 4849 7683
4849 7683 22485
7683 4849 22485
14680 24570 25997
25997 14680 24570
24570 14680 25997
23329 12832 19976
12832 19976 23329
19976 12832 23329
12534 8552 27949
27949 8552 12534
8552 12534 27949
6277 18333 28897
28897 6277 18333
18333 6277 28897
10383 6572 11797
6572 10383 11797
11797 6572 10383
14512 6972 22251
22251 6972 14512
6972 14512 22251
3889 5573 6258
5573 3889 6258
6258 3889 5573
11145 12420 28060
28060 11145 12420
12420 11145 28060
18167 4785 29434
4785 18167 29434
29434 4785 18167
4934 15283 24401
15283 4934 24401
24401 4934 15283
25238 2030 24966
24966 2030 25238
2030 24966 25238
21665 5761 18578
5761 18578 21665
18578 5761 21665
8188 20467 26985
26985 8188 20467
20467 8188 26985
236 28923 29200
29200 236 28923
28923 236 29200
13366 21232 25297
21232 13366 25297
25297 13366 21232
1427 1876 25993
1876 1427 25993
25993 1427 1876
402 904 8806
904 402 8806
8806 402 904
7590 8785 15444
15444 7590 8785
8785 7590 15444
19316 4509 22395
22395 4509 19316
4509 19316 22395
1210 238 20761
238 1210 20761
20761 238 1210
17075 783 20018
783 17075 20018
20018 783 17075
21720 1706 11709
1706 11709 21720
11709 1706 21720
4186 6166 15038
6166 4186 15038
15038 4186 6166
12557 9931 9945
9931 9945 12557
9945 9931 12557
13107 4184 24933
4184 13107 24933
24933 4184 13107
17986 1284 13182
13182 1284 17986
1284 13182 17986
17002 21610 25227
25227 17002 21610
21610 17002 25227
16674 16938 25389
25389 16674 16938
16938 16674 25389
14291 15276 23375
23375 14291 15276
15276 14291 23375
14011 933 17828
933 14011 17828
17828 933 14011
3272 25148 29729
25148 3272 29729
29729 3272 25148
23260 4938 16678
16678 4938 23260
4938 16678 23260
24104 1615 4319
4319 1615 24104
1615 4319 24104
1035 11062 29895
11062 1035 29895
29895 1035 11062
27959 22874 29433
29433 22874 27959
22874 27959 29433
26235 9236 15313
9236 15313 26235
15313 9236 26235
19802 4735 8459
4735 8459 19802
8459 4735 19802
16907 11330 15647
11330 15647 16907
15647 11330 16907
13926 1331 24924
24924 1331 13926
1331 13926 24924
16639 938 9220
938 9220 16639
9220 938 16639
27986 8917 22196
22196 8917 27986
8917 22196 27986
741 1089 20327
20327 741 1089
1089 741 20327
17859 12851 20688
12851 17859 20688
20688 12851 17859
10758 3875 4959
3875 4959 10758
4959 3875 10758
8745 12605 14295
14295 8745 12605
12605 8745 14295
24515 12286 25288
25288 12286 24515
12286 24515 25288
27383 19454 19509
19454 19509 27383
19509 19454 27383
19404 26933 27024
27024 19404 26933
26933 19404 27024
9159 10205 10322
10322 9159 10205
10205 9159 10322
17589 17286 26584
17286 17589 26584
26584 17286 17589
28774 12815 24397
24397 12815 28774
12815 24397 28774
20308 15011 25897
25897 15011 20308
15011 20308 25897
12862 17280 18815
17280 12862 18815
18815 12862 17280
27492 1519 19605
19605 1519 27492
1519 19605 27492
6790 4631 29353
4631 6790 29353
29353 4631 6790
22281 9860 29939
29939 9860 22281
9860 22281 29939
18732 23523 28193
23523 18732 28193
28193 18732 23523
6771 27270 29214
29214 6771 27270
27270 6771 29214
1914 1113 27943
27943 1113 1914
1113 1914 27943
8384 18488 25490
18488 8384 25490
25490 8384 18488
8931 20373 27179
27179 8931 20373
20373 8931 27179
25165 10995 28039
28039 10995 25165
10995 25165 28039
29054 23208 27306
23208 27306 29054
27306 23208 29054
21263 12713 28730
12713 21263 28730
28730 12713 21263
10194 14242 23551
23551 10194 14242
14242 10194 23551
17071 7997 9436
9436 7997 17071
7997 9436 17071
1371 4473 26767
26767 1371 4473
4473 1371 26767
15610 8092 8912
8092 8912 15610
8912 8092 15610
19149 5843 8877
5843 8877 19149
8877 5843 19149
25790 11129 13515
11129 13515 25790
13515 11129 25790
20349 18118 25097
18118 20349 25097
25097 18118 20349
7192 24032 25425
25425 7192 24032
24032 7192 25425
15273 5348 17046
5348 15273 17046
17046 5348 15273
27238 5370 23037
5370 23037 27238
23037 5370 27238
23566 18453 22243
18453 22243 23566
22243 18453 23566
14067 25305 29585
25305 14067 29585
29585 14067 25305
12232 8924 19458
8924 12232 19458
19458 8924 12232
21850 6638 19695
19695 6638 21850
6638 19695 21850
6644 12296 17038
12296 6644 17038
17038 6644 12296
3337 3776 28391
28391 3337 3776
3776 3337 28391
16584 11023 26837
11023 16584 26837
26837 11023 16584
5115 727 13943
727 5115 13943
13943 727 5115
2318 16169 21466
16169 2318 21466
21466 2318 16169
13510 14666 28625
14666 13510 28625
28625 13510 14666
25480 986 11899
986 11899 25480
11899 986 25480
29140 12208 29293
29293 12208 29140
12208 29140 29293
20561 16807 27697
27697 16807 20561
16807 20561 27697
17106 3469 18919
18919 3469 17106
3469 17106 18919
16965 23546 26037
