93 193 268
268 93 193
193 93 268
192 87 239
239 87 192
87 192 239
241 197 290
290 197 241
197 241 290
148 42 245
42 148 245
245 42 148
82 2 34
34 2 82
2 34 82
122 95 141
95 122 141
141 95 122
136 190 202
190 136 202
202 136 190
188 44 158
158 44 188
44 158 188
128 127 132
132 127 128
127 128 132
286 118 211
118 211 286
211 118 286
294 153 209
153 209 294
209 153 294
271 3 7
7 3 271
3 7 271
262 179 255
179 255 262
255 179 262
232 27 97
97 27 232
27 97 232
226 196 222
196 222 226
222 196 226
234 38 139
38 139 234
139 38 234
25 126 272
272 25 126
126 25 272
19 50 240
50 19 240
240 19 50
160 64 269
64 160 269
269 64 160
259 11 169
11 169 259
169 11 259
264 85 178
178 85 264
85 178 264
165 28 142
142 28 165
28 142 165
138 151 275
275 138 151
151 138 275
177 59 78
59 78 177
78 59 177
189 37 284
284 37 189
37 189 284
172 134 214
214 134 172
134 172 214
30 32 253
32 30 253
253 30 32
176 161 233
233 161 176
161 176 233
195 6 250
250 6 195
6 195 250
292 62 83
62 83 292
83 62 292
254 220 235
220 235 254
235 220 254
36 129 223
223 36 129
129 36 223
41 60 90
60 41 90
90 41 60
207 110 171
171 110 207
110 171 207
17 212 256
256 17 212
212 17 256
173 103 237
103 173 237
237 103 173
266 10 219
219 10 266
10 219 266
69 94 194
194 69 94
94 69 194
117 238 242
242 117 238
238 117 242
65 80 109
80 65 109
109 65 80
295 31 181
181 31 295
31 181 295
252 146 225
225 146 252
146 225 252
150 56 276
56 150 276
276 56 150
218 23 164
23 164 218
164 23 218
167 54 155
155 54 167
54 155 167
157 68 300
300 68 157
68 157 300
208 66 210
66 208 210
210 66 208
48 124 277
124 48 277
277 48 124
86 40 263
40 86 263
263 40 86
280 13 76
13 76 280
76 13 280
291 39 137
39 137 291
137 39 291
249 168 298
298 168 249
168 249 298
46 75 274
75 46 274
274 46 75
61 251 282
251 61 282
282 61 251
63 43 296
43 63 296
296 43 63
115 1 297
1 115 297
297 1 115
116 18 58
58 18 116
18 58 116
186 175 180
175 180 186
180 175 186
152 67 174
67 152 174
174 67 152
265 185 201
185 201 265
201 185 265
215 52 199
199 52 215
52 199 215
22 88 221
221 22 88
88 22 221
74 15 287
287 15 74
15 74 287
123 162 278
162 123 278
278 123 162
144 143 236
143 144 236
236 143 144
145 200 283
200 145 283
283 145 200
53 163 279
163 53 279
279 53 163
258 79 216
79 216 258
216 79 258
149 108 289
289 108 149
108 149 289
35 51 246
246 35 51
51 35 246
5 81 84
84 5 81
81 5 84
70 112 183
183 70 112
112 70 183
285 114 204
204 114 285
114 204 285
227 131 135
135 131 227
131 135 227
267 77 102
77 102 267
102 77 267
125 203 231
203 125 231
231 125 203
107 72 111
72 107 111
111 72 107
170 98 187
187 98 170
98 170 187
140 184 260
260 140 184
184 140 260
91 104 229
229 91 104
104 91 229
166 191 224
191 166 224
224 166 191
20 154 230
230 20 154
154 20 230
29 205 248
248 29 205
205 29 248
243 4 273
273 4 243
4 243 273
99 96 100
100 96 99
96 99 100
228 47 119
119 47 228
47 119 228
33 257 261
257 33 261
261 33 257
105 101 120
101 105 120
120 101 105
213 45 293
293 45 213
45 213 293
206 130 156
156 130 206
130 156 206
217 24 57
24 57 217
57 24 217
21 71 121
71 21 121
121 21 71
244 12 55
12 55 244
55 12 244
299 9 92
9 92 299
92 9 299
89 270 288
270 89 288
288 89 270
26 106 198
106 26 198
198 26 106
14 8 49
8 14 49
49 8 14
133 113 247
113 133 247
247 113 133
281 73 147
147 73 281
73 147 281
159 16 182
16 159 182
182 16 159
