188 53 179
179 53 188
53 179 188
94 138 265
265 94 138
138 94 265
135 115 187
187 115 135
115 135 187
77 216 258
258 77 216
216 77 258
157 96 131
96 131 157
131 96 157
139 83 196
83 139 196
196 83 139
183 56 89
56 89 183
89 56 183
28 210 247
247 28 210
210 28 247
254 82 242
82 242 254
242 82 254
224 88 267
267 88 224
88 224 267
64 130 250
130 64 250
250 64 130
54 230 299
299 54 230
230 54 299
113 29 218
218 29 113
29 113 218
145 109 278
109 145 278
278 109 145
259 185 215
185 215 259
215 185 259
21 176 269
269 21 176
176 21 269
98 238 292
292 98 238
238 98 292
173 65 268
268 65 173
65 173 268
170 159 243
243 159 170
159 170 243
200 8 59
59 8 200
8 59 200
67 7 38
38 7 67
7 38 67
287 51 251
251 51 287
51 251 287
208 27 95
95 27 208
27 95 208
165 41 90
41 90 165
90 41 165
300 252 262
252 262 300
262 252 300
226 148 285
285 148 226
148 226 285
174 22 42
22 42 174
42 22 174
128 164 272
164 128 272
272 128 164
273 74 231
231 74 273
74 231 273
103 43 117
43 103 117
117 43 103
136 9 37
9 37 136
37 9 136
245 12 32
32 12 245
12 32 245
16 23 141
23 16 141
141 16 23
86 40 261
40 86 261
261 40 86
167 70 132
70 132 167
132 70 167
71 79 205
79 71 205
205 71 79
111 102 296
102 111 296
296 102 111
25 177 229
229 25 177
177 25 229
264 171 263
263 171 264
171 263 264
162 152 212
152 162 212
212 152 162
133 52 75
52 75 133
75 52 133
63 60 143
143 60 63
60 63 143
108 50 99
50 99 108
99 50 108
150 61 192
61 150 192
192 61 150
236 35 282
282 35 236
35 236 282
255 26 197
197 26 255
26 197 255
34 15 20
20 15 34
15 20 34
163 36 202
202 36 163
36 163 202
48 122 240
122 48 240
240 48 122
3 178 295
295 3 178
178 3 295
156 5 91
5 91 156
91 5 156
116 284 297
297 116 284
284 116 297
189 204 213
204 189 213
213 189 204
184 18 147
18 147 184
147 18 184
80 155 223
223 80 155
155 80 223
180 84 220
220 84 180
84 180 220
4 13 24
13 4 24
24 4 13
100 203 290
290 100 203
203 100 290
289 118 256
118 256 289
256 118 289
49 55 123
123 49 55
55 49 123
68 58 101
101 58 68
58 68 101
249 10 271
271 10 249
10 249 271
126 1 270
1 126 270
270 1 126
211 140 186
186 140 211
140 186 211
246 39 119
119 39 246
39 119 246
129 92 232
232 92 129
92 129 232
6 31 283
31 6 283
283 6 31
214 47 158
158 47 214
47 158 214
166 2 241
2 166 241
241 2 166
280 149 153
153 149 280
149 153 280
206 161 182
161 182 206
182 161 206
244 219 281
281 219 244
219 244 281
17 57 151
57 17 151
151 17 57
172 44 225
225 44 172
44 172 225
201 14 237
14 201 237
237 14 201
134 125 248
125 134 248
248 125 134
78 217 228
217 78 228
228 78 217
234 45 66
45 66 234
66 45 234
277 137 191
137 191 277
191 137 277
124 253 274
274 124 253
253 124 274
199 127 293
293 127 199
127 199 293
19 69 260
69 19 260
260 19 69
195 276 286
286 195 276
276 195 286
146 107 193
193 107 146
107 146 193
87 142 181
142 87 181
181 87 142
33 194 207
207 33 194
194 33 207
257 190 288
190 257 288
288 190 257
298 105 235
105 235 298
235 105 298
233 120 275
120 233 275
275 120 233
112 85 227
85 112 227
227 85 112
154 72 106
72 106 154
106 72 154
266 76 294
76 266 294
294 76 266
114 81 104
81 104 114
104 81 114
279 110 209
209 110 279
110 209 279
169 121 239
239 121 169
121 169 239
30 11 160
160 11 30
11 30 160
175 62 168
62 168 175
168 62 175
221 144 291
291 144 221
144 221 291
46 73 198
73 46 198
198 46 73
97 93 222
222 93 97
93 97 222
