25386 17 23757
17 23757 25386
23757 17 25386
28222 4675 18463
18463 4675 28222
4675 18463 28222
9584 20064 29070
29070 9584 20064
20064 9584 29070
21972 1023 24730
24730 1023 21972
1023 21972 24730
1073 2716 22168
2716 1073 22168
22168 1073 2716
17323 8623 17590
17590 8623 17323
8623 17323 17590
9978 759 11586
759 9978 11586
11586 759 9978
10521 2177 18639
18639 2177 10521
2177 10521 18639
25870 18112 20679
18112 20679 25870
20679 18112 25870
7624 15904 25336
25336 7624 15904
15904 7624 25336
20625 6704 24173
6704 20625 24173
24173 6704 20625
8523 2682 10990
10990 2682 8523
2682 8523 10990
5172 10382 15531
10382 5172 15531
15531 5172 10382
4505 20851 24409
24409 4505 20851
20851 4505 24409
18215 5165 24559
24559 5165 18215
5165 18215 24559
29821 2898 15864
2898 15864 29821
15864 2898 29821
24759 1572 20054
20054 1572 24759
1572 20054 24759
20218 12386 20879
12386 20218 20879
20879 12386 20218
9477 7846 9776
9776 7846 9477
7846 9477 9776
12511 4299 23081
23081 4299 12511
4299 12511 23081
3376 3682 19724
3682 3376 19724
19724 3376 3682
6339 22216 29337
22216 6339 29337
29337 6339 22216
429 11767 28098
11767 429 28098
28098 429 11767
8209 8138 18603
8138 8209 18603
18603 8138 8209
13310 3664 10985
10985 3664 13310
3664 10985 13310
24106 12046 25256
12046 24106 25256
25256 12046 24106
17680 911 27673
27673 911 17680
911 17680 27673
16191 536 28625
536 16191 28625
28625 536 16191
29922 9996 20414
9996 20414 29922
20414 9996 29922
21442 7089 19295
7089 19295 21442
19295 7089 21442
14908 8189 19007
19007 8189 14908
8189 14908 19007
20644 2748 23410
23410 2748 20644
2748 20644 23410
18973 11713 28525
11713 18973 28525
28525 11713 18973
24989 14553 18607
14553 18607 24989
18607 14553 24989
10803 14097 26047
14097 10803 26047
26047 10803 14097
6101 5147 18087
18087 5147 6101
5147 6101 18087
8260 12935 22096
22096 8260 12935
12935 8260 22096
25458 18503 23378
23378 18503 25458
18503 23378 25458
18622 6544 18736
18736 6544 18622
6544 18622 18736
23 2169 13389
2169 23 13389
13389 23 2169
16636 1991 24975
24975 1991 16636
1991 16636 24975
2370 26971 28237
28237 2370 26971
26971 2370 28237
4348 10530 24517
24517 4348 10530
10530 4348 24517
29119 3895 17328
3895 17328 29119
17328 3895 29119
1616 6634 15189
6634 1616 15189
15189 1616 6634
3251 3730 20599
20599 3251 3730
3730 3251 20599
23266 17383 18424
17383 18424 23266
18424 17383 23266
15264 3567 26672
26672 3567 15264
3567 15264 26672
20319 17553 23887
23887 17553 20319
17553 20319 23887
1976 5824 27125
27125 1976 5824
5824 1976 27125
13102 1390 27535
1390 13102 27535
27535 1390 13102
28322 12187 18193
12187 18193 28322
18193 12187 28322
11157 7024 15289
7024 11157 15289
15289 7024 11157
18494 13986 21850
13986 18494 21850
21850 13986 18494
13149 26540 29363
26540 13149 29363
29363 13149 26540
14342 1102 24475
24475 1102 14342
1102 14342 24475
5131 2777 16254
16254 2777 5131
2777 5131 16254
24470 12141 17522
17522 12141 24470
12141 17522 24470
23717 7679 10353
7679 10353 23717
10353 7679 23717
17537 3493 12279
12279 3493 17537
3493 12279 17537
12920 5602 25889
25889 5602 12920
5602 12920 25889
21825 9849 14692
14692 9849 21825
9849 14692 21825
20284 9551 18610
9551 18610 20284
18610 9551 20284
9911 5929 18349
18349 5929 9911
5929 9911 18349
20318 12705 16097
12705 16097 20318
16097 12705 20318
19172 15835 23311
23311 15835 19172
15835 19172 23311
14473 4577 23532
23532 4577 14473
4577 14473 23532
14307 11697 19523
19523 11697 14307
11697 14307 19523
23333 291 6394
291 6394 23333
6394 291 23333
4470 10167 10545
10545 4470 10167
10167 4470 10545
15553 11535 17774
11535 15553 17774
17774 11535 15553
9013 24993 25929
24993 9013 25929
25929 9013 24993
7107 13707 13995
13995 7107 13707
13707 7107 13995
19079 8841 23028
23028 8841 19079
8841 19079 23028
22414 7187 10807
7187 10807 22414
10807 7187 22414
2786 4779 6060
6060 2786 4779
4779 2786 6060
27854 22491 29010
22491 27854 29010
29010 22491 27854
23300 5174 11002
11002 5174 23300
5174 11002 23300
8341 13081 14382
14382 8341 13081
13081 8341 14382
16323 2995 19147
2995 16323 19147
19147 2995 16323
10861 10152 12717
12717 10152 10861
10152 10861 12717
23059 4007 27863
4007 23059 27863
27863 4007 23059
12663 2410 12300
12300 2410 12663
2410 12300 12663
1776 10402 24887
24887 1776 10402
10402 1776 24887
3149 5299 28859
28859 3149 5299
5299 3149 28859
29159 17970 22516
22516 17970 29159
17970 22516 29159
5749 5018 22214
5018 5749 22214
22214 5018 5749
5703 21136 22944
21136 5703 22944
22944 5703 21136
21228 14718 20122
14718 20122 21228
20122 14718 21228
1814 11010 11408
11408 1814 11010
11010 1814 11408
3122 7060 29971
29971 3122 7060
7060 3122 29971
17470 1915 29939
1915 17470 29939
29939 1915 17470
6927 3079 3518
3079 3518 6927
3518 3079 6927
21582 11045 27025
27025 11045 21582
11045 21582 27025
20136 696 8933
8933 696 20136
696 8933 20136
26990 1896 16450
16450 1896 26990
1896 16450 26990
25360 1382 23193
23193 1382 25360
1382 23193 25360
15863 1259 15746
15746 1259 15863
1259 15746 15863
25136 10091 19641
10091 19641 25136
19641 10091 25136
3951 2049 14532
2049 3951 14532
14532 2049 3951
29555 760 7043
7043 760 29555
760 7043 29555
22150 10259 22775
22775 10259 22150
10259 22150 22775
21453 25304 27543
27543 21453 25304
25304 21453 27543
9103 6906 13460
13460 6906 9103
6906 9103 13460
1886 4091 5760
4091 1886 5760
5760 1886 4091
28517 20523 29964
20523 28517 29964
29964 20523 28517
22929 3739 6431
6431 3739 22929
3739 6431 22929
5809 12501 23294
12501 5809 23294
23294 5809 12501
10361 1597 15512
15512 1597 10361
1597 10361 15512
23479 854 14257
14257 854 23479
854 14257 23479
26640 5829 14289
5829 14289 26640
14289 5829 26640
9182 14264 15705
14264 9182 15705
15705 9182 14264
22627 5324 29083
5324 22627 29083
29083 5324 22627
25975 14086 15659
15659 14086 25975
14086 15659 25975
9869 4161 15540
4161 9869 15540
15540 4161 9869
27259 25767 27210
27210 25767 27259
25767 27210 27259
5619 5032 27889
27889 5032 5619
5032 5619 27889
18959 25134 29358
29358 18959 25134
25134 18959 29358
18605 19053 29836
29836 18605 19053
19053 18605 29836
1822 4283 16434
4283 1822 16434
16434 1822 4283
3901 25364 27150
25364 3901 27150
27150 3901 25364
12856 1839 13849
13849 1839 12856
1839 12856 13849
20815 26499 26701
26701 20815 26499
26499 20815 26701
15683 3253 16516
16516 3253 15683
3253 15683 16516
16564 4413 16836
16836 4413 16564
4413 16564 16836
13635 2337 11920
2337 11920 13635
11920 2337 13635
16209 2309 25258
2309 16209 25258
25258 2309 16209
12614 10201 15656
10201 12614 15656
15656 10201 12614
29956 1805 19518
1805 19518 29956
19518 1805 29956
6678 22528 26757
22528 6678 26757
26757 6678 22528
26504 15377 21555
15377 21555 26504
21555 15377 26504
12002 24585 26605
26605 12002 24585
24585 12002 26605
28588 12873 29818
12873 28588 29818
29818 12873 28588
21483 19573 21820
21820 19573 21483
19573 21483 21820
8378 4933 19020
19020 4933 8378
4933 8378 19020
29168 6961 28640
6961 28640 29168
28640 6961 29168
18660 7487 28920
7487 18660 28920
28920 7487 18660
19572 619 16319
619 16319 19572
16319 619 19572
25428 22653 26265
26265 22653 25428
22653 25428 26265
19590 9379 15819
9379 15819 19590
15819 9379 19590
19041 28576 29504
28576 19041 29504
29504 19041 28576
3584 14474 17718
17718 3584 14474
14474 3584 17718
13130 690 14755
690 13130 14755
14755 690 13130
17147 4770 26013
26013 4770 17147
4770 17147 26013
9425 1520 19386
19386 1520 9425
1520 9425 19386
2841 19869 22079
22079 2841 19869
19869 2841 22079
22748 15850 24472
24472 15850 22748
15850 22748 24472
680 3088 6524
6524 680 3088
3088 680 6524
10204 2889 23239
23239 2889 10204
2889 10204 23239
22828 17282 24352
17282 22828 24352
24352 17282 22828
10817 4440 12927
4440 10817 12927
12927 4440 10817
27214 4651 27281
4651 27214 27281
27281 4651 27214
12612 229 8384
8384 229 12612
229 8384 12612
11985 6818 12357
6818 11985 12357
12357 6818 11985
24803 2890 14875
2890 14875 24803
14875 2890 24803
25190 15090 23113
15090 23113 25190
23113 15090 25190
21467 8228 28708
28708 8228 21467
8228 21467 28708
2467 8747 15257
8747 2467 15257
15257 2467 8747
12773 9537 10724
10724 9537 12773
9537 10724 12773
13003 3602 28081
3602 13003 28081
28081 3602 13003
21606 8829 10511
10511 8829 21606
8829 10511 21606
2193 7628 28556
28556 2193 7628
7628 2193 28556
27168 9188 10622
10622 9188 27168
9188 10622 27168
12149 19629 28188
19629 12149 28188
28188 12149 19629
18799 9239 17457
9239 17457 18799
17457 9239 18799
15753 13128 18025
13128 15753 18025
18025 13128 15753
23449 3375 19014
19014 3375 23449
3375 19014 23449
6089 12699 26187
26187 6089 12699
12699 6089 26187
29751 2818 23848
23848 2818 29751
2818 23848 29751
5562 8742 18845
18845 5562 8742
8742 5562 18845
18728 6439 9319
9319 6439 18728
6439 9319 18728
5281 161 29069
29069 161 5281
161 5281 29069
23818 16971 28369
28369 16971 23818
16971 23818 28369
23493 17545 25235
17545 23493 25235
25235 17545 23493
6946 219 27950
27950 219 6946
219 6946 27950
26372 1219 21620
1219 21620 26372
21620 1219 26372
1800 8104 13234
8104 1800 13234
13234 1800 8104
16142 12162 17454
12162 16142 17454
17454 12162 16142
20480 11797 12746
11797 12746 20480
12746 11797 20480
17956 5288 25100
25100 5288 17956
5288 17956 25100
28301 7646 16950
16950 7646 28301
7646 16950 28301
3891 20224 25106
25106 3891 20224
20224 3891 25106
2628 16882 21672
16882 2628 21672
21672 2628 16882
5690 23295 24366
24366 5690 23295
23295 5690 24366
76 16944 18558
16944 76 18558
18558 76 16944
27546 17673 29105
17673 27546 29105
29105 17673 27546
17963 5465 16578
16578 5465 17963
5465 16578 17963
28954 19534 22241
22241 19534 28954
19534 22241 28954
13696 6533 14982
14982 6533 13696
6533 13696 14982
17292 6911 17842
6911 17292 17842
17842 6911 17292
25842 347 26274
347 25842 26274
26274 347 25842
23664 8385 20998
8385 20998 23664
20998 8385 23664
12825 12144 22927
12144 12825 22927
22927 12144 12825
26470 13272 27752
13272 26470 27752
27752 13272 26470
14975 9251 19578
19578 9251 14975
9251 14975 19578
5181 6424 14130
6424 5181 14130
14130 5181 6424
14588 26382 27909
27909 14588 26382
26382 14588 27909
19997 4978 6941
6941 4978 19997
4978 6941 19997
15375 16543 28784
28784 15375 16543
16543 15375 28784
27118 9493 17339
17339 9493 27118
9493 17339 27118
7954 516 4698
4698 516 7954
516 4698 7954
24800 11025 28822
28822 11025 24800
11025 24800 28822
17740 12164 28462
28462 12164 17740
12164 17740 28462
26851 18821 23363
18821 23363 26851
23363 18821 26851
14575 11945 22310
11945 14575 22310
22310 11945 14575
23436 5238 9482
5238 9482 23436
9482 5238 23436
23524 5030 5806
5030 5806 23524
5806 5030 23524
24639 753 8932
8932 753 24639
753 8932 24639
6378 5779 8495
5779 6378 8495
8495 5779 6378
16362 5986 13562
5986 13562 16362
13562 5986 16362
11243 19080 29223
29223 11243 19080
19080 11243 29223
9696 14852 21343
21343 9696 14852
14852 9696 21343
9184 3851 10318
3851 9184 10318
10318 3851 9184
19452 5865 22403
22403 5865 19452
5865 19452 22403
5883 1371 12110
12110 1371 5883
1371 5883 12110
14741 1365 26546
1365 14741 26546
26546 1365 14741
8907 11380 18869
18869 8907 11380
11380 8907 18869
8198 7273 27636
7273 8198 27636
27636 7273 8198
2275 7004 17347
17347 2275 7004
7004 2275 17347
20360 7964 14070
7964 14070 20360
14070 7964 20360
18398 3533 7827
7827 3533 18398
3533 7827 18398
3708 26852 29273
26852 3708 29273
29273 3708 26852
3327 13484 14510
14510 3327 13484
13484 3327 14510
14394 9611 20716
9611 14394 20716
20716 9611 14394
14839 6021 29540
29540 6021 14839
6021 14839 29540
5672 17278 25869
25869 5672 17278
17278 5672 25869
6856 13560 18355
13560 6856 18355
18355 6856 13560
2519 15949 25582
25582 2519 15949
15949 2519 25582
9289 1378 13339
1378 9289 13339
13339 1378 9289
10628 15061 24022
15061 10628 24022
24022 10628 15061
6803 6947 21367
6947 6803 21367
21367 6803 6947
4991 148 22646
148 4991 22646
22646 148 4991
26062 5793 28453
28453 5793 26062
5793 26062 28453
23058 12072 24932
24932 12072 23058
12072 23058 24932
25761 995 13256
13256 995 25761
995 13256 25761
18513 14235 20958
14235 18513 20958
20958 14235 18513
25107 12965 29985
12965 25107 29985
29985 12965 25107
20710 7763 16893
16893 7763 20710
7763 16893 20710
20899 30 17165
30 17165 20899
17165 30 20899
7294 19779 21376
19779 7294 21376
21376 7294 19779
21959 9301 24513
24513 9301 21959
9301 21959 24513
8536 18941 27458
27458 8536 18941
18941 8536 27458
1510 14358 24013
14358 1510 24013
24013 1510 14358
24077 250 28169
28169 250 24077
250 24077 28169
20290 3442 22669
3442 20290 22669
22669 3442 20290
2312 21758 23443
23443 2312 21758
21758 2312 23443
2495 147 274
274 147 2495
147 274 2495
10757 28942 29794
29794 10757 28942
28942 10757 29794
5757 15755 27262
27262 5757 15755
15755 5757 27262
27079 5955 10706
5955 10706 27079
10706 5955 27079
1566 11575 20391
11575 1566 20391
20391 1566 11575
734 24560 25138
25138 734 24560
24560 734 25138
24764 12760 20214
12760 20214 24764
20214 12760 24764
20278 11819 15717
15717 11819 20278
11819 15717 20278
15054 2864 23420
23420 2864 15054
2864 15054 23420
5881 1811 19875
1811 5881 19875
19875 1811 5881
3561 14265 15964
14265 3561 15964
15964 3561 14265
24574 4087 18957
4087 18957 24574
18957 4087 24574
5573 1109 11459
11459 1109 5573
1109 5573 11459
10836 20424 21997
20424 10836 21997
21997 10836 20424
19324 18673 24279
18673 19324 24279
24279 18673 19324
15688 3856 26132
26132 3856 15688
3856 15688 26132
16700 7127 15766
7127 15766 16700
15766 7127 16700
25815 13374 17685
17685 13374 25815
13374 17685 25815
29021 4993 11496
4993 11496 29021
11496 4993 29021
10044 15153 17103
17103 10044 15153
15153 10044 17103
14280 7100 20900
20900 7100 14280
7100 14280 20900
11207 17565 24533
17565 11207 24533
24533 11207 17565
6598 12090 27674
27674 6598 12090
12090 6598 27674
6505 3479 29209
3479 6505 29209
29209 3479 6505
6116 25197 26913
25197 6116 26913
26913 6116 25197
24747 19683 20443
20443 19683 24747
19683 20443 24747
17806 9866 22886
22886 9866 17806
9866 17806 22886
9702 8230 12186
8230 9702 12186
12186 8230 9702
3782 3445 6238
3445 3782 6238
6238 3445 3782
9699 3905 6583
6583 3905 9699
3905 6583 9699
10047 6189 8087
6189 8087 10047
8087 6189 10047
29235 1590 7807
7807 1590 29235
1590 7807 29235
28184 15079 29476
15079 28184 29476
29476 15079 28184
18652 1516 2807
1516 2807 18652
2807 1516 18652
18300 10683 18565
10683 18300 18565
18565 10683 18300
26171 11537 25280
25280 11537 26171
11537 25280 26171
7296 18186 24109
18186 7296 24109
24109 7296 18186
26075 9798 19433
19433 9798 26075
9798 19433 26075
21103 24626 27812
27812 21103 24626
24626 21103 27812
5729 17384 21012
17384 5729 21012
21012 5729 17384
2274 12167 21186
21186 2274 12167
12167 2274 21186
25353 3521 29572
3521 25353 29572
29572 3521 25353
20819 4139 26172
4139 20819 26172
26172 4139 20819
20933 2629 28016
28016 2629 20933
2629 20933 28016
3688 1927 24985
1927 3688 24985
24985 1927 3688
28471 3302 12613
3302 12613 28471
12613 3302 28471
15787 7579 10722
10722 7579 15787
7579 10722 15787
27295 2847 23153
2847 23153 27295
23153 2847 27295
13938 10601 17592
10601 13938 17592
17592 10601 13938
22081 11451 29622
11451 22081 29622
29622 11451 22081
14001 5428 25925
25925 5428 14001
5428 14001 25925
15413 4547 14835
14835 4547 15413
4547 14835 15413
10671 7584 13913
7584 10671 13913
13913 7584 10671
6937 25129 25938
25129 6937 25938
25938 6937 25129
19541 3492 14277
14277 3492 19541
3492 14277 19541
19874 5195 16581
5195 16581 19874
16581 5195 19874
5139 5584 12917
12917 5139 5584
5584 5139 12917
10208 6345 17352
17352 6345 10208
6345 10208 17352
26421 5146 22031
5146 22031 26421
22031 5146 26421
18229 16126 17999
17999 16126 18229
16126 17999 18229
9368 675 26956
675 9368 26956
26956 675 9368
17763 149 10193
149 10193 17763
10193 149 17763
20565 5783 10756
5783 10756 20565
10756 5783 20565
12734 7434 20564
20564 7434 12734
7434 12734 20564
16412 19796 28484
19796 16412 28484
28484 16412 19796
13188 1261 9074
9074 1261 13188
1261 9074 13188
6741 27793 28165
27793 6741 28165
28165 6741 27793
7717 16009 23952
16009 7717 23952
23952 7717 16009
22970 999 13255
13255 999 22970
999 13255 22970
6114 5876 22556
5876 6114 22556
22556 5876 6114
21095 19361 20737
20737 19361 21095
19361 20737 21095
3759 21742 26102
21742 3759 26102
26102 3759 21742
12073 13396 19429
13396 12073 19429
19429 12073 13396
824 23498 25734
23498 824 25734
25734 824 23498
13290 3852 18357
3852 13290 18357
18357 3852 13290
16345 8626 23758
8626 16345 23758
23758 8626 16345
9578 345 20177
20177 345 9578
345 9578 20177
26581 13292 23480
13292 23480 26581
23480 13292 26581
24972 2174 18055
2174 18055 24972
18055 2174 24972
19769 13783 14371
13783 14371 19769
14371 13783 19769
2223 4109 15687
15687 2223 4109
4109 2223 15687
13221 7999 11730
7999 11730 13221
11730 7999 13221
17177 9570 26735
26735 9570 17177
9570 17177 26735
14455 279 12724
279 12724 14455
12724 279 14455
26066 7084 23886
7084 23886 26066
23886 7084 26066
1289 350 18031
18031 350 1289
350 1289 18031
26538 6129 11957
6129 11957 26538
11957 6129 26538
27054 1910 20890
20890 1910 27054
1910 20890 27054
14772 16713 28695
28695 14772 16713
16713 14772 28695
6456 1999 21505
1999 6456 21505
21505 1999 6456
4029 18298 26186
26186 4029 18298
18298 4029 26186
28681 17942 22273
17942 22273 28681
22273 17942 28681
21961 4484 10632
4484 10632 21961
10632 4484 21961
22389 25896 29186
25896 22389 29186
29186 22389 25896
12608 15452 26134
15452 12608 26134
26134 12608 15452
13963 2008 6639
2008 6639 13963
6639 2008 13963
20344 13358 13703
13358 13703 20344
13703 13358 20344
28261 11488 13086
13086 11488 28261
11488 13086 28261
19330 19619 26022
26022 19330 19619
19619 19330 26022
10812 7971 23245
7971 10812 23245
23245 7971 10812
16463 105 27670
105 16463 27670
27670 105 16463
21031 14568 18317
18317 14568 21031
14568 18317 21031
25007 11861 24069
11861 24069 25007
24069 11861 25007
7755 6252 19170
6252 7755 19170
19170 6252 7755
13817 12433 22008
22008 12433 13817
12433 13817 22008
13777 17460 21985
21985 13777 17460
17460 13777 21985
22356 4580 9755
4580 9755 22356
9755 4580 22356
4568 7502 10006
10006 4568 7502
7502 4568 10006
19056 17699 20987
17699 19056 20987
20987 17699 19056
26945 12173 29666
29666 12173 26945
12173 26945 29666
4330 17503 28409
28409 4330 17503
17503 4330 28409
3294 21793 28803
21793 3294 28803
28803 3294 21793
1329 1521 17795
17795 1329 1521
1521 1329 17795
29479 1172 10930
10930 1172 29479
1172 10930 29479
17337 4521 16925
16925 4521 17337
4521 16925 17337
26481 12680 25009
25009 12680 26481
12680 25009 26481
14545 14593 15170
15170 14545 14593
14593 14545 15170
8898 2264 9627
9627 2264 8898
2264 8898 9627
23752 19834 25214
19834 23752 25214
25214 19834 23752
7581 8023 9441
9441 7581 8023
8023 7581 9441
10512 12674 27039
12674 10512 27039
27039 10512 12674
12536 12593 13099
13099 12536 12593
12593 12536 13099
15103 5282 24937
24937 5282 15103
5282 15103 24937
13401 14175 24758
14175 13401 24758
24758 13401 14175
6409 6274 26220
26220 6274 6409
6274 6409 26220
19865 1683 10305
10305 1683 19865
1683 10305 19865
9087 22717 28344
28344 9087 22717
22717 9087 28344
286 10212 16709
10212 286 16709
16709 286 10212
15278 3032 16967
16967 3032 15278
3032 15278 16967
13476 9701 21684
21684 9701 13476
9701 13476 21684
13005 1539 21953
21953 1539 13005
1539 13005 21953
25686 5479 20561
20561 5479 25686
5479 20561 25686
29339 4402 7430
4402 7430 29339
7430 4402 29339
28136 1418 3982
3982 1418 28136
1418 3982 28136
19336 13678 15743
15743 13678 19336
13678 15743 19336
17036 1863 20018
20018 1863 17036
1863 17036 20018
23250 4249 28671
28671 4249 23250
4249 23250 28671
526 8839 20134
8839 526 20134
20134 526 8839
3767 25017 26662
26662 3767 25017
25017 3767 26662
4329 67 2102
67 2102 4329
2102 67 4329
17293 8940 10444
10444 8940 17293
8940 10444 17293
14565 906 3078
906 3078 14565
3078 906 14565
10681 5425 22032
5425 10681 22032
22032 5425 10681
6243 4146 13626
13626 4146 6243
4146 6243 13626
1527 12764 15175
12764 1527 15175
15175 1527 12764
8924 11692 25179
25179 8924 11692
11692 8924 25179
3862 17784 29148
29148 3862 17784
17784 3862 29148
18325 24996 25579
25579 18325 24996
24996 18325 25579
10265 5651 6153
6153 5651 10265
5651 6153 10265
29747 16579 26733
16579 26733 29747
26733 16579 29747
27522 2717 16210
2717 16210 27522
16210 2717 27522
22495 20820 25891
25891 20820 22495
20820 22495 25891
14451 8469 16798
16798 8469 14451
8469 14451 16798
29672 2961 27631
27631 2961 29672
2961 27631 29672
1544 7170 29360
7170 1544 29360
29360 1544 7170
10801 19467 26379
19467 10801 26379
26379 10801 19467
29485 23347 25441
23347 25441 29485
25441 23347 29485
13479 21191 22122
21191 13479 22122
22122 13479 21191
5358 10636 14589
14589 5358 10636
10636 5358 14589
12117 2587 21565
2587 12117 21565
21565 2587 12117
1603 5980 10492
10492 1603 5980
5980 1603 10492
29763 7293 23125
7293 23125 29763
23125 7293 29763
24388 5610 8581
8581 5610 24388
5610 8581 24388
1998 13304 15371
15371 1998 13304
13304 1998 15371
20292 13024 21595
13024 20292 21595
21595 13024 20292
29196 9549 11364
11364 9549 29196
9549 11364 29196
5067 24555 29262
24555 5067 29262
29262 5067 24555
10089 8986 28045
8986 10089 28045
28045 8986 10089
663 17024 17966
17966 663 17024
17024 663 17966
9258 19491 27999
19491 9258 27999
27999 9258 19491
23117 5092 18218
18218 5092 23117
5092 18218 23117
21480 8654 25383
25383 8654 21480
8654 21480 25383
23365 10447 25226
25226 10447 23365
10447 23365 25226
8366 9588 27964
27964 8366 9588
9588 8366 27964
4418 3305 4134
4134 3305 4418
3305 4134 4418
20240 2562 14207
14207 2562 20240
2562 14207 20240
621 15325 26082
15325 621 26082
26082 621 15325
8333 19454 29595
19454 8333 29595
29595 8333 19454
24727 12055 28806
12055 24727 28806
28806 12055 24727
5615 10538 13053
10538 5615 13053
13053 5615 10538
18541 2568 8250
8250 2568 18541
2568 8250 18541
10354 12911 24870
24870 10354 12911
12911 10354 24870
7413 7813 29643
29643 7413 7813
7813 7413 29643
12655 25785 26773
25785 12655 26773
26773 12655 25785
23168 1045 12906
12906 1045 23168
1045 12906 23168
19694 1670 28705
1670 19694 28705
28705 1670 19694
29841 1052 13983
13983 1052 29841
1052 13983 29841
27373 16002 29291
29291 16002 27373
16002 27373 29291
1386 14879 18401
14879 1386 18401
18401 1386 14879
26604 8231 11222
11222 8231 26604
8231 11222 26604
4094 3385 9338
3385 4094 9338
9338 3385 4094
600 17287 21040
21040 600 17287
17287 600 21040
19663 2344 13413
13413 2344 19663
2344 13413 19663
2784 12775 17808
17808 2784 12775
12775 2784 17808
15734 43 12937
12937 43 15734
43 12937 15734
8632 8850 12414
8850 8632 12414
12414 8632 8850
12733 14299 16112
16112 12733 14299
14299 12733 16112
22153 17515 22602
22602 17515 22153
17515 22153 22602
24340 514 20719
514 20719 24340
20719 514 24340
27035 14711 16359
16359 14711 27035
14711 16359 27035
22751 2158 21339
2158 21339 22751
21339 2158 22751
20703 12232 14896
14896 12232 20703
12232 14896 20703
17108 5230 18386
18386 5230 17108
5230 17108 18386
26270 2319 8506
2319 8506 26270
8506 2319 26270
9271 18897 28541
28541 9271 18897
18897 9271 28541
16976 656 18388
656 16976 18388
18388 656 16976
15957 3619 4222
4222 3619 15957
3619 4222 15957
11012 1421 28848
1421 11012 28848
28848 1421 11012
28262 23030 27450
27450 23030 28262
23030 27450 28262
16795 7664 15790
7664 15790 16795
15790 7664 16795
16607 547 9361
547 9361 16607
9361 547 16607
13885 5078 16540
16540 5078 13885
5078 13885 16540
14115 1186 7387
1186 7387 14115
7387 1186 14115
1740 5082 8205
5082 1740 8205
8205 1740 5082
769 276 22400
22400 276 769
276 769 22400
6344 10644 15570
10644 6344 15570
15570 6344 10644
9071 9341 19986
19986 9071 9341
9341 9071 19986
20912 1853 17030
1853 17030 20912
17030 1853 20912
73 19706 29940
29940 73 19706
19706 73 29940
8479 10410 10832
10410 8479 10832
10832 8479 10410
21194 1630 4860
4860 1630 21194
1630 4860 21194
5893 21786 23152
21786 5893 23152
23152 5893 21786
6361 13 4031
4031 13 6361
13 4031 6361
1820 21264 26493
21264 1820 26493
26493 1820 21264
1620 1971 10443
1971 1620 10443
10443 1620 1971
20551 1047 2348
1047 2348 20551
2348 1047 20551
23476 6670 21721
6670 21721 23476
21721 6670 23476
18854 880 27711
27711 880 18854
880 18854 27711
27220 22087 23244
22087 23244 27220
23244 22087 27220
8456 4758 16774
4758 8456 16774
16774 4758 8456
7566 21614 23576
21614 7566 23576
23576 7566 21614
13258 15181 17793
15181 13258 17793
17793 13258 15181
14497 19448 25525
19448 14497 25525
25525 14497 19448
13948 21383 24595
24595 13948 21383
21383 13948 24595
2696 2246 11919
11919 2246 2696
2246 2696 11919
14760 6084 11132
11132 6084 14760
6084 11132 14760
3441 10430 12306
12306 3441 10430
10430 3441 12306
26256 2307 5510
5510 2307 26256
2307 5510 26256
21664 8207 15919
8207 15919 21664
15919 8207 21664
13979 14636 16347
16347 13979 14636
14636 13979 16347
9151 12628 22492
12628 9151 22492
22492 9151 12628
7698 11176 26444
26444 7698 11176
11176 7698 26444
12208 3520 22293
22293 3520 12208
3520 12208 22293
8422 19530 29784
19530 8422 29784
29784 8422 19530
7650 2952 5205
5205 2952 7650
2952 5205 7650
4958 15216 26977
15216 4958 26977
26977 4958 15216
4741 18986 29517
18986 4741 29517
29517 4741 18986
4604 7925 25561
25561 4604 7925
7925 4604 25561
20802 15043 21514
21514 15043 20802
15043 20802 21514
17981 19836 28149
28149 17981 19836
19836 17981 28149
19752 6017 12813
12813 6017 19752
6017 12813 19752
28441 20981 26273
20981 26273 28441
26273 20981 28441
29015 2694 16568
2694 16568 29015
16568 2694 29015
19083 18989 28115
28115 18989 19083
18989 19083 28115
11997 280 5004
280 5004 11997
5004 280 11997
10077 13056 19104
19104 10077 13056
13056 10077 19104
10084 2644 23357
23357 2644 10084
2644 10084 23357
12953 14064 17880
17880 12953 14064
14064 12953 17880
25511 10157 14756
14756 10157 25511
10157 14756 25511
4616 8300 20585
8300 4616 20585
20585 4616 8300
2079 6726 27362
27362 2079 6726
6726 2079 27362
28835 1488 29171
29171 1488 28835
1488 28835 29171
21076 14403 16400
16400 14403 21076
14403 16400 21076
18111 21526 26347
21526 18111 26347
26347 18111 21526
12113 12604 18891
18891 12113 12604
12604 12113 18891
15592 1535 7252
7252 1535 15592
1535 7252 15592
11231 8815 23451
8815 11231 23451
23451 8815 11231
8045 6363 8524
8524 6363 8045
6363 8045 8524
12976 18146 29423
18146 12976 29423
29423 12976 18146
29373 13478 17569
13478 17569 29373
17569 13478 29373
19097 7668 20430
20430 7668 19097
7668 19097 20430
29992 9830 17916
9830 17916 29992
17916 9830 29992
6050 15188 18371
18371 6050 15188
15188 6050 18371
18746 18203 20269
18203 18746 20269
20269 18203 18746
28203 7812 28986
7812 28203 28986
28986 7812 28203
29708 6570 16271
6570 16271 29708
16271 6570 29708
22140 9419 21757
9419 21757 22140
21757 9419 22140
23102 334 17756
17756 334 23102
334 17756 23102
17551 2860 19690
19690 2860 17551
2860 17551 19690
1533 12995 27419
27419 1533 12995
12995 1533 27419
4653 1298 15724
1298 4653 15724
15724 1298 4653
27307 5742 17518
17518 5742 27307
5742 17518 27307
12950 10611 29844
29844 10611 12950
10611 12950 29844
1241 3658 8229
8229 1241 3658
3658 1241 8229
21566 16204 18557
18557 16204 21566
16204 18557 21566
29314 14368 16473
14368 16473 29314
16473 14368 29314
1832 3407 22779
22779 1832 3407
3407 1832 22779
24728 24488 24621
24621 24488 24728
24488 24621 24728
21445 7929 29486
7929 21445 29486
29486 7929 21445
29304 8794 15285
15285 8794 29304
8794 15285 29304
10240 7589 13115
13115 7589 10240
7589 10240 13115
12695 2084 4259
4259 2084 12695
2084 4259 12695
7469 14727 25639
25639 7469 14727
14727 7469 25639
14021 27447 28385
28385 14021 27447
27447 14021 28385
22679 6539 10923
6539 10923 22679
10923 6539 22679
9754 3165 19931
19931 3165 9754
3165 9754 19931
531 17004 26791
26791 531 17004
17004 531 26791
1567 95 27750
27750 95 1567
95 1567 27750
25795 13451 19934
19934 13451 25795
13451 19934 25795
19504 9080 14222
9080 14222 19504
14222 9080 19504
11845 3671 9169
3671 9169 11845
9169 3671 11845
14832 5957 24169
24169 5957 14832
5957 14832 24169
28916 13663 29861
29861 13663 28916
13663 28916 29861
17295 11483 25890
25890 11483 17295
11483 17295 25890
10479 10824 15978
10824 10479 15978
15978 10479 10824
11620 8292 29612
8292 11620 29612
29612 8292 11620
26949 15663 27298
27298 15663 26949
15663 26949 27298
8787 11185 26798
11185 8787 26798
26798 8787 11185
23007 14118 25875
14118 23007 25875
25875 14118 23007
1436 1912 26034
26034 1436 1912
1912 1436 26034
16974 13275 27165
27165 13275 16974
13275 16974 27165
11167 9318 18493
9318 11167 18493
18493 9318 11167
22843 3844 20991
3844 20991 22843
20991 3844 22843
16903 17050 20592
20592 16903 17050
17050 16903 20592
15640 9399 25204
25204 9399 15640
9399 15640 25204
5248 5 5622
5622 5 5248
5 5248 5622
17087 19726 23528
23528 17087 19726
19726 17087 23528
4401 14445 25481
14445 4401 25481
25481 4401 14445
9174 15967 26462
15967 9174 26462
26462 9174 15967
15080 26091 27101
26091 15080 27101
27101 15080 26091
20015 9481 20680
20680 9481 20015
9481 20015 20680
7737 6820 27729
27729 6820 7737
6820 7737 27729
15727 15525 29550
29550 15525 15727
15525 15727 29550
25797 6013 22243
6013 22243 25797
22243 6013 25797
1079 4924 10614
4924 1079 10614
10614 1079 4924
7370 3526 9874
3526 7370 9874
9874 3526 7370
13770 21189 25968
21189 13770 25968
25968 13770 21189
16227 8944 22865
8944 16227 22865
22865 8944 16227
1941 2168 25900
2168 1941 25900
25900 1941 2168
19821 17977 24226
17977 19821 24226
24226 17977 19821
10185 22015 22604
22604 10185 22015
22015 10185 22604
10975 8531 25221
8531 10975 25221
25221 8531 10975
4213 20569 26482
20569 4213 26482
26482 4213 20569
26351 8516 12088
12088 8516 26351
8516 12088 26351
24205 19761 26836
26836 19761 24205
19761 24205 26836
18462 10082 17097
10082 17097 18462
17097 10082 18462
4115 8301 10010
10010 4115 8301
8301 4115 10010
12181 3937 25193
25193 3937 12181
3937 12181 25193
21337 11741 20882
20882 11741 21337
11741 20882 21337
17302 9850 17239
9850 17239 17302
17239 9850 17302
27184 7276 9775
7276 9775 27184
9775 7276 27184
5414 7871 8542
7871 5414 8542
8542 5414 7871
29333 592 12038
592 12038 29333
12038 592 29333
14314 12916 22837
22837 12916 14314
12916 14314 22837
26774 2325 9862
9862 2325 26774
2325 9862 26774
11644 17534 17637
17637 11644 17534
17534 11644 17637
8163 5777 7914
7914 5777 8163
5777 7914 8163
14485 18135 29330
29330 14485 18135
18135 14485 29330
6861 5404 7652
5404 6861 7652
7652 5404 6861
15461 7765 16843
7765 15461 16843
16843 7765 15461
5095 15719 28650
15719 5095 28650
28650 5095 15719
22249 11657 22746
22746 11657 22249
11657 22249 22746
17976 1819 21741
1819 17976 21741
21741 1819 17976
26036 17509 22781
22781 17509 26036
17509 22781 26036
18811 126 22594
126 18811 22594
22594 126 18811
5576 1071 22541
1071 5576 22541
22541 1071 5576
11487 6589 19675
6589 11487 19675
19675 6589 11487
29019 7277 15684
15684 7277 29019
7277 15684 29019
15036 3094 24418
3094 15036 24418
24418 3094 15036
24320 3499 8743
3499 8743 24320
8743 3499 24320
1029 13504 27734
27734 1029 13504
13504 1029 27734
17721 13233 19501
13233 17721 19501
19501 13233 17721
8446 7039 17449
7039 8446 17449
17449 7039 8446
26281 18773 27968
18773 26281 27968
27968 18773 26281
464 18833 23220
23220 464 18833
18833 464 23220
6664 11825 19967
11825 6664 19967
19967 6664 11825
3326 12598 21805
12598 3326 21805
21805 3326 12598
10115 16904 22084
22084 10115 16904
16904 10115 22084
3128 9295 29163
29163 3128 9295
9295 3128 29163
11070 1461 4336
4336 1461 11070
1461 4336 11070
15453 3227 27659
3227 15453 27659
27659 3227 15453
17760 24202 28186
28186 17760 24202
24202 17760 28186
20588 3922 19682
3922 19682 20588
19682 3922 20588
29970 11168 15470
11168 15470 29970
15470 11168 29970
25293 5458 9546
5458 9546 25293
9546 5458 25293
27367 197 20380
20380 197 27367
197 20380 27367
8405 9841 17217
9841 8405 17217
17217 8405 9841
20562 16057 28002
16057 20562 28002
28002 16057 20562
12887 25227 29146
25227 12887 29146
29146 12887 25227
21974 2714 29824
2714 21974 29824
29824 2714 21974
12290 20993 24312
24312 12290 20993
20993 12290 24312
13218 3576 27468
3576 13218 27468
27468 3576 13218
1313 4865 27457
27457 1313 4865
4865 1313 27457
29641 7835 25047
7835 25047 29641
25047 7835 29641
15361 9253 12592
12592 9253 15361
9253 12592 15361
10852 4624 10919
4624 10852 10919
10919 4624 10852
7898 20315 29448
29448 7898 20315
20315 7898 29448
20884 8603 16257
16257 8603 20884
8603 16257 20884
4202 7567 10486
7567 4202 10486
10486 4202 7567
20417 8064 26201
26201 8064 20417
8064 20417 26201
389 16430 16784
16784 389 16430
16430 389 16784
11130 867 972
867 972 11130
972 867 11130
6109 2558 28888
2558 6109 28888
28888 2558 6109
2234 9168 28194
28194 2234 9168
9168 2234 28194
5166 1871 13720
13720 1871 5166
1871 5166 13720
2066 125 17827
17827 125 2066
125 2066 17827
29012 13729 18391
18391 13729 29012
13729 18391 29012
28985 6082 20919
20919 6082 28985
6082 20919 28985
24112 3344 19617
3344 19617 24112
19617 3344 24112
17084 13042 17371
13042 17084 17371
17371 13042 17084
16047 5776 23534
23534 5776 16047
5776 16047 23534
9810 13998 25799
25799 9810 13998
13998 9810 25799
782 6843 21831
6843 782 21831
21831 782 6843
26222 14423 28583
14423 26222 28583
28583 14423 26222
3582 1601 26847
1601 3582 26847
26847 1601 3582
23338 21225 21763
21225 21763 23338
21763 21225 23338
2330 10926 17937
17937 2330 10926
10926 2330 17937
8927 3541 10395
10395 3541 8927
3541 8927 10395
5675 340 11318
11318 340 5675
340 5675 11318
27862 7422 24396
7422 24396 27862
24396 7422 27862
11913 15008 26748
26748 11913 15008
15008 11913 26748
7158 2535 12251
12251 2535 7158
2535 7158 12251
2630 23183 27338
23183 2630 27338
27338 2630 23183
23144 4373 28642
28642 4373 23144
4373 23144 28642
15834 21700 29676
29676 15834 21700
21700 15834 29676
2386 1035 20832
1035 2386 20832
20832 1035 2386
28868 26402 28183
28183 26402 28868
26402 28183 28868
19691 2141 8299
2141 8299 19691
8299 2141 19691
9935 9084 20609
9084 9935 20609
20609 9084 9935
23405 5401 29827
5401 23405 29827
29827 5401 23405
24393 2814 13577
13577 2814 24393
2814 13577 24393
1383 11553 21940
11553 1383 21940
21940 1383 11553
7161 18901 29800
29800 7161 18901
18901 7161 29800
21932 103 8761
8761 103 21932
103 8761 21932
11413 3947 28197
3947 11413 28197
28197 3947 11413
1972 21297 28801
28801 1972 21297
21297 1972 28801
18198 21841 28654
21841 18198 28654
28654 18198 21841
6537 7751 8553
7751 6537 8553
8553 6537 7751
26521 2944 5973
2944 5973 26521
5973 2944 26521
5609 1652 6327
1652 5609 6327
6327 1652 5609
22976 3184 28489
28489 3184 22976
3184 22976 28489
13888 15946 19048
15946 13888 19048
19048 13888 15946
3991 6322 26364
26364 3991 6322
6322 3991 26364
25512 12265 28581
28581 12265 25512
12265 25512 28581
25782 6957 25592
25592 6957 25782
6957 25592 25782
11986 22212 26907
22212 11986 26907
26907 11986 22212
13463 5514 10906
10906 5514 13463
5514 10906 13463
10015 8671 11595
11595 8671 10015
8671 10015 11595
15646 13153 15564
15564 13153 15646
13153 15564 15646
1271 3046 13689
13689 1271 3046
3046 1271 13689
29608 14700 22088
22088 14700 29608
14700 22088 29608
25323 498 27528
27528 498 25323
498 25323 27528
1484 304 11422
304 1484 11422
11422 304 1484
7330 23874 24133
23874 7330 24133
24133 7330 23874
8823 6719 28438
6719 8823 28438
28438 6719 8823
3394 3260 24915
24915 3260 3394
3260 3394 24915
11024 21070 26431
26431 11024 21070
21070 11024 26431
16760 13755 14634
13755 14634 16760
14634 13755 16760
9966 12701 15675
12701 9966 15675
15675 9966 12701
27663 10932 13314
13314 10932 27663
10932 13314 27663
20960 11981 17029
11981 17029 20960
17029 11981 20960
19745 2943 16324
16324 2943 19745
2943 16324 19745
28763 21598 26048
21598 26048 28763
26048 21598 28763
13848 12100 28228
28228 12100 13848
12100 13848 28228
13654 6562 19184
19184 6562 13654
6562 13654 19184
11182 6043 26039
6043 11182 26039
26039 6043 11182
7916 15478 27206
15478 7916 27206
27206 7916 15478
4670 5923 23349
5923 4670 23349
23349 4670 5923
24037 8618 9401
9401 8618 24037
8618 9401 24037
29340 14339 24850
14339 24850 29340
24850 14339 29340
2315 10781 17319
17319 2315 10781
10781 2315 17319
2431 176 28540
176 2431 28540
28540 176 2431
2034 11541 25116
25116 2034 11541
11541 2034 25116
27144 18090 26468
26468 18090 27144
18090 26468 27144
24814 1012 21273
21273 1012 24814
1012 21273 24814
3324 3525 19968
3525 3324 19968
19968 3324 3525
20215 1456 8149
1456 8149 20215
8149 1456 20215
27698 16460 25703
25703 16460 27698
16460 25703 27698
21533 13222 16863
13222 16863 21533
16863 13222 21533
10172 18133 20259
18133 10172 20259
20259 10172 18133
10909 18103 25435
25435 10909 18103
18103 10909 25435
13881 14080 20612
20612 13881 14080
14080 13881 20612
17582 783 14272
14272 783 17582
783 14272 17582
566 15407 28007
28007 566 15407
15407 566 28007
145 20200 26738
20200 145 26738
26738 145 20200
491 21544 22765
22765 491 21544
21544 491 22765
5574 3796 7667
3796 5574 7667
7667 3796 5574
24522 5160 11490
5160 11490 24522
11490 5160 24522
13347 13483 19885
13483 13347 19885
19885 13347 13483
5579 1234 29393
1234 5579 29393
29393 1234 5579
20113 22931 26092
26092 20113 22931
22931 20113 26092
23997 22851 29421
22851 23997 29421
29421 22851 23997
26954 1209 20440
1209 20440 26954
20440 1209 26954
16736 22460 24882
22460 16736 24882
24882 16736 22460
9404 22566 23585
23585 9404 22566
22566 9404 23585
13653 2207 21144
21144 2207 13653
2207 13653 21144
25350 19405 22595
19405 22595 25350
22595 19405 25350
26453 6800 25407
6800 25407 26453
25407 6800 26453
25684 19596 22823
22823 19596 25684
19596 22823 25684
2132 1433 14148
14148 1433 2132
1433 2132 14148
19347 12066 21229
21229 12066 19347
12066 19347 21229
9677 4289 12211
4289 9677 12211
12211 4289 9677
3427 14577 27377
27377 3427 14577
14577 3427 27377
29283 1599 14710
14710 1599 29283
1599 14710 29283
24872 3463 20732
20732 3463 24872
3463 20732 24872
10892 5047 22192
22192 5047 10892
5047 10892 22192
20821 94 17931
94 17931 20821
17931 94 20821
20615 11863 13136
11863 13136 20615
13136 11863 20615
16104 752 25176
25176 752 16104
752 16104 25176
11129 9543 26065
26065 9543 11129
9543 11129 26065
12857 10979 21706
21706 10979 12857
10979 12857 21706
19248 7822 29429
7822 19248 29429
29429 7822 19248
8674 20750 21323
20750 8674 21323
21323 8674 20750
8653 22325 25012
22325 8653 25012
25012 8653 22325
8617 17778 26154
26154 8617 17778
17778 8617 26154
5951 18492 28041
18492 5951 28041
28041 5951 18492
29639 8966 19658
19658 8966 29639
8966 19658 29639
17180 22807 28687
28687 17180 22807
22807 17180 28687
7471 2256 15975
15975 2256 7471
2256 7471 15975
14901 5989 12408
5989 12408 14901
12408 5989 14901
7571 9015 11724
9015 7571 11724
11724 7571 9015
6165 139 22371
139 6165 22371
22371 139 6165
24761 17816 29260
17816 24761 29260
29260 17816 24761
21306 5473 14840
5473 14840 21306
14840 5473 21306
7927 17546 27394
17546 7927 27394
27394 7927 17546
24225 14974 26578
14974 24225 26578
26578 14974 24225
12431 185 8590
185 8590 12431
8590 185 12431
28516 13098 19462
13098 19462 28516
19462 13098 28516
21750 8665 22979
22979 8665 21750
8665 21750 22979
5022 19220 20023
20023 5022 19220
19220 5022 20023
19514 3656 24634
24634 3656 19514
3656 19514 24634
21017 2569 5357
2569 5357 21017
5357 2569 21017
22725 4839 14550
14550 4839 22725
4839 14550 22725
26077 5496 25045
5496 25045 26077
25045 5496 26077
15476 1690 22034
1690 15476 22034
22034 1690 15476
69 979 7258
979 69 7258
7258 69 979
16735 9735 23593
23593 9735 16735
9735 16735 23593
3320 3395 17986
3395 3320 17986
17986 3320 3395
12509 20162 29586
29586 12509 20162
20162 12509 29586
1852 22641 29831
22641 1852 29831
29831 1852 22641
3379 5567 20285
20285 3379 5567
5567 3379 20285
12589 11076 11397
11397 11076 12589
11076 11397 12589
22197 14004 19881
19881 14004 22197
14004 19881 22197
14041 13561 26745
26745 13561 14041
13561 14041 26745
8313 11201 27100
11201 8313 27100
27100 8313 11201
346 17661 20712
17661 346 20712
20712 346 17661
3632 6331 10517
10517 3632 6331
6331 3632 10517
9603 2074 14649
14649 2074 9603
2074 9603 14649
11992 508 16616
508 11992 16616
16616 508 11992
24536 6498 24607
24607 6498 24536
6498 24536 24607
24277 1710 16894
1710 16894 24277
16894 1710 24277
8608 6136 13462
6136 8608 13462
13462 6136 8608
23221 6771 17836
17836 6771 23221
6771 17836 23221
1890 13955 17094
17094 1890 13955
