765 2685 2864
2685 765 2864
2864 765 2685
425 1230 2884
2884 425 1230
1230 425 2884
1721 2061 2483
2061 1721 2483
2483 1721 2061
1264 762 1481
762 1264 1481
1481 762 1264
2215 1181 2808
2808 1181 2215
1181 2215 2808
436 813 2916
2916 436 813
813 436 2916
1189 1729 1786
1786 1189 1729
1729 1189 1786
2694 684 698
698 684 2694
684 698 2694
542 1385 1659
1659 542 1385
1385 542 1659
2345 1257 1428
1257 1428 2345
1428 1257 2345
1281 190 2907
2907 190 1281
190 1281 2907
449 1652 2706
2706 449 1652
1652 449 2706
2971 2138 2988
2138 2971 2988
2988 2138 2971
879 1186 2171
1186 879 2171
2171 879 1186
2771 71 2960
2960 71 2771
71 2771 2960
1255 580 2218
580 1255 2218
2218 580 1255
1332 1018 2163
2163 1018 1332
1018 1332 2163
1785 431 569
431 569 1785
569 431 1785
61 791 1403
1403 61 791
791 61 1403
2441 555 1837
555 1837 2441
1837 555 2441
473 308 2259
2259 308 473
308 473 2259
1379 878 2690
878 1379 2690
2690 878 1379
1265 420 2455
2455 420 1265
420 1265 2455
668 1145 2250
2250 668 1145
1145 668 2250
2679 916 1627
916 1627 2679
1627 916 2679
426 1190 2525
2525 426 1190
1190 426 2525
2104 45 1345
1345 45 2104
45 1345 2104
218 530 795
530 218 795
795 218 530
777 2083 2665
2083 777 2665
2665 777 2083
1805 1775 1875
1875 1775 1805
1775 1805 1875
1337 336 2147
2147 336 1337
336 1337 2147
2831 309 2007
2007 309 2831
309 2007 2831
1725 475 2325
2325 475 1725
475 1725 2325
1798 1490 1823
1823 1490 1798
1490 1798 1823
1645 492 2640
492 1645 2640
2640 492 1645
1905 2149 2598
2149 1905 2598
2598 1905 2149
656 1726 2290
2290 656 1726
1726 656 2290
1307 387 2390
2390 387 1307
387 1307 2390
2636 1388 2854
2854 1388 2636
1388 2636 2854
1921 544 1828
544 1828 1921
1828 544 1921
2891 1278 2913
1278 2891 2913
2913 1278 2891
2921 665 2389
2389 665 2921
665 2389 2921
1734 329 1011
1011 329 1734
329 1011 1734
170 2499 2532
2532 170 2499
2499 170 2532
1215 98 644
644 98 1215
98 644 1215
2443 1920 2084
2084 1920 2443
1920 2084 2443
1951 806 2181
806 1951 2181
2181 806 1951
120 2550 2998
2550 120 2998
2998 120 2550
1188 753 1939
1939 753 1188
753 1188 1939
998 1599 2622
1599 998 2622
2622 998 1599
1365 2164 2648
2648 1365 2164
2164 1365 2648
180 239 1339
1339 180 239
239 180 1339
1674 1812 2817
1812 1674 2817
2817 1674 1812
2814 376 409
409 376 2814
376 409 2814
1423 317 2606
2606 317 1423
317 1423 2606
2451 1826 1913
1826 1913 2451
1913 1826 2451
941 1801 2069
2069 941 1801
1801 941 2069
2950 2019 2421
2019 2421 2950
2421 2019 2950
1542 889 1245
1245 889 1542
889 1245 1542
85 1204 1783
1783 85 1204
1204 85 1783
2453 1023 1266
1266 1023 2453
1023 1266 2453
2540 326 898
898 326 2540
326 898 2540
2129 469 2556
469 2129 2556
2556 469 2129
1774 448 565
565 448 1774
448 565 1774
649 556 1407
1407 556 649
556 649 1407
708 378 1668
378 708 1668
1668 378 708
2384 582 1363
1363 582 2384
582 1363 2384
1495 1242 1369
1242 1369 1495
1369 1242 1495
422 2073 2982
2073 422 2982
2982 422 2073
1731 1925 2018
1925 1731 2018
2018 1731 1925
1184 1294 2774
1294 1184 2774
2774 1184 1294
2419 533 2718
533 2419 2718
2718 533 2419
195 1884 2012
1884 195 2012
2012 195 1884
226 371 1623
371 226 1623
1623 226 371
2020 769 1586
1586 769 2020
769 1586 2020
108 1980 2090
1980 108 2090
2090 108 1980
187 1016 1450
1450 187 1016
1016 187 1450
2642 741 752
752 741 2642
741 752 2642
2478 1389 2331
1389 2331 2478
2331 1389 2478
1719 1340 2448
2448 1340 1719
1340 1719 2448
2195 704 2485
2485 704 2195
704 2195 2485
2586 485 1891
485 1891 2586
1891 485 2586
1713 1267 1684
1684 1267 1713
1267 1684 1713
2564 952 2214
2214 952 2564
952 2214 2564
2526 424 1749
424 1749 2526
1749 424 2526
2644 2508 2866
2508 2644 2866
2866 2508 2644
2607 272 2157
272 2157 2607
2157 272 2607
505 105 2502
105 505 2502
2502 105 505
1430 2153 2277
2153 1430 2277
2277 1430 2153
1269 434 2488
2488 434 1269
434 1269 2488
241 1126 1335
1335 241 1126
1126 241 1335
89 2258 2798
2258 89 2798
2798 89 2258
1880 415 1436
415 1436 1880
1436 415 1880
1803 520 2201
2201 520 1803
520 1803 2201
1877 398 1140
398 1140 1877
1140 398 1877
1271 519 1779
1779 519 1271
519 1271 1779
1584 504 2997
504 1584 2997
2997 504 1584
1421 940 1080
1080 940 1421
940 1080 1421
774 2216 2299
2216 774 2299
2299 774 2216
1865 834 2288
834 1865 2288
2288 834 1865
124 1678 2936
1678 124 2936
2936 124 1678
312 575 1862
1862 312 575
575 312 1862
2454 921 2859
2859 921 2454
921 2454 2859
719 650 1439
1439 650 719
650 719 1439
1445 674 1338
1338 674 1445
674 1338 1445
1174 852 857
852 857 1174
857 852 1174
1563 1094 2197
1094 1563 2197
2197 1094 1563
2893 25 2509
2509 25 2893
25 2509 2893
1333 1883 2122
2122 1333 1883
1883 1333 2122
1240 476 2721
2721 476 1240
476 1240 2721
620 459 1331
1331 459 620
459 620 1331
496 1368 2271
2271 496 1368
1368 496 2271
2957 2051 2439
2051 2439 2957
2439 2051 2957
268 2264 2999
2264 268 2999
2999 268 2264
2081 1788 2853
1788 2081 2853
2853 1788 2081
403 1404 1498
1404 403 1498
1498 403 1404
2490 1644 1670
1670 1644 2490
1644 1670 2490
2326 280 1808
1808 280 2326
280 1808 2326
907 114 2222
2222 114 907
114 907 2222
1809 945 1102
1102 945 1809
945 1102 1809
113 428 988
988 113 428
428 113 988
1530 296 911
296 911 1530
911 296 1530
1286 615 2127
615 1286 2127
2127 615 1286
1889 553 1185
553 1185 1889
1185 553 1889
2875 33 1459
33 1459 2875
1459 33 2875
667 965 2244
965 667 2244
2244 667 965
1610 1947 2320
2320 1610 1947
1947 1610 2320
1664 926 1092
926 1092 1664
1092 926 1664
1653 910 2772
910 1653 2772
2772 910 1653
2805 681 2887
2887 681 2805
681 2805 2887
2885 1919 2792
2792 1919 2885
1919 2792 2885
1561 26 70
26 70 1561
70 26 1561
1326 58 2241
58 1326 2241
2241 58 1326
1042 346 1238
1238 346 1042
346 1042 1238
1639 1496 1554
1554 1496 1639
1496 1554 1639
1473 458 1029
1029 458 1473
458 1029 1473
1227 96 943
943 96 1227
96 943 1227
335 793 2895
2895 335 793
793 335 2895
2820 83 1834
83 1834 2820
1834 83 2820
517 2466 2624
2466 517 2624
2624 517 2466
2423 864 1906
1906 864 2423
864 1906 2423
2144 1401 2347
2347 1401 2144
1401 2144 2347
1750 250 1550
1550 250 1750
250 1550 1750
1612 1988 2899
2899 1612 1988
1988 1612 2899
1334 54 1934
1934 54 1334
54 1334 1934
1744 1068 2572
1068 1744 2572
2572 1068 1744
1521 293 2632
2632 293 1521
293 1521 2632
636 1074 1859
1859 636 1074
1074 636 1859
2295 1601 1819
1601 1819 2295
1819 1601 2295
677 1733 2379
2379 677 1733
1733 677 2379
2944 2246 2595
2246 2595 2944
2595 2246 2944
299 498 2959
498 299 2959
2959 299 498
1241 110 654
654 110 1241
110 654 1241
587 1099 2543
1099 587 2543
2543 587 1099
2616 557 2914
2914 557 2616
557 2616 2914
1225 633 2124
633 1225 2124
2124 633 1225
2393 40 2142
40 2142 2393
2142 40 2393
1172 269 515
515 269 1172
269 515 1172
2168 607 1037
607 1037 2168
1037 607 2168
2933 1810 2056
2056 1810 2933
1810 2056 2933
2283 288 2220
2220 288 2283
288 2220 2283
1792 74 254
254 74 1792
74 254 1792
2587 65 1869
65 1869 2587
1869 65 2587
374 1004 1354
1354 374 1004
1004 374 1354
2463 1283 2173
1283 2173 2463
2173 1283 2463
1654 2031 2070
2031 1654 2070
2070 1654 2031
233 377 630
377 233 630
630 233 377
1070 1703 2651
1703 1070 2651
2651 1070 1703
601 2373 2795
2373 601 2795
2795 601 2373
1295 863 1322
863 1295 1322
1322 863 1295
600 573 639
639 573 600
573 600 639
2799 1409 1651
1651 1409 2799
1409 1651 2799
2764 697 2870
697 2764 2870
2870 697 2764
2230 1115 1978
1115 1978 2230
1978 1115 2230
1864 490 1718
1718 490 1864
490 1718 1864
1493 1203 1244
1244 1203 1493
1203 1244 1493
1797 1902 2316
1902 1797 2316
2316 1797 1902
666 106 1058
106 666 1058
1058 106 666
2841 316 1414
1414 316 2841
316 1414 2841
2187 62 2130
62 2130 2187
2130 62 2187
994 1509 2024
2024 994 1509
1509 994 2024
1114 1036 2099
2099 1036 1114
1036 1114 2099
949 1715 2286
2286 949 1715
1715 949 2286
1297 632 638
638 632 1297
632 638 1297
1832 799 1053
799 1053 1832
1053 799 1832
859 872 2615
2615 859 872
872 859 2615
750 339 1851
339 750 1851
1851 339 750
2741 2226 2865
2226 2741 2865
2865 2226 2741
1076 284 2278
2278 284 1076
284 1076 2278
2732 351 776
776 351 2732
351 776 2732
559 2094 2723
2094 559 2723
2723 559 2094
1701 996 1529
996 1529 1701
1529 996 1701
1127 541 1656
541 1127 1656
1656 541 1127
2938 370 2716
2716 370 2938
370 2716 2938
2513 129 1351
129 1351 2513
1351 129 2513
2044 737 1571
737 1571 2044
1571 737 2044
234 669 1035
1035 234 669
669 234 1035
1251 91 2560
2560 91 1251
91 1251 2560
2671 516 1806
516 1806 2671
1806 516 2671
1168 474 802
474 802 1168
802 474 1168
2111 1199 2804
2804 1199 2111
1199 2111 2804
2367 2432 2919
2432 2367 2919
2919 2367 2432
1777 948 2179
948 1777 2179
2179 948 1777
154 2892 2928
2928 154 2892
2892 154 2928
1938 2840 2872
2872 1938 2840
2840 1938 2872
1472 188 2889
188 1472 2889
2889 188 1472
583 1558 1751
1751 583 1558
1558 583 1751
2768 2579 2623
2623 2579 2768
2579 2623 2768
2060 502 2934
2934 502 2060
502 2060 2934
2041 808 2108
2108 808 2041
808 2041 2108
839 1929 2868
1929 839 2868
2868 839 1929
2109 97 174
174 97 2109
97 174 2109
1879 734 2354
2354 734 1879
734 1879 2354
1150 658 1918
658 1150 1918
1918 658 1150
1510 843 1153
843 1153 1510
1153 843 1510
2131 531 826
826 531 2131
531 826 2131
2611 283 876
283 876 2611
876 283 2611
2927 815 2948
815 2927 2948
2948 815 2927
1769 1613 2498
1613 1769 2498
2498 1613 1769
526 313 482
482 313 526
313 482 526
1696 304 2074
2074 304 1696
304 1696 2074
535 1548 1596
1596 535 1548
1548 535 1596
1606 1780 2746
2746 1606 1780
1780 1606 2746
92 1217 1553
1217 92 1553
1553 92 1217
1025 529 1224
1224 529 1025
529 1025 1224
543 597 1303
597 543 1303
1303 543 597
549 707 2730
2730 549 707
707 549 2730
2493 1747 2324
1747 2324 2493
2324 1747 2493
2567 722 1280
1280 722 2567
722 1280 2567
437 1745 1933
1745 437 1933
1933 437 1745
2785 1638 2125
1638 2125 2785
2125 1638 2785
2089 353 406
406 353 2089
353 406 2089
2358 616 2225
616 2225 2358
2225 616 2358
1313 220 1440
220 1313 1440
1440 220 1313
2154 1568 1831
1568 1831 2154
1831 1568 2154
9 1570 2437
1570 9 2437
2437 9 1570
2422 623 2311
2311 623 2422
623 2311 2422
2582 2708 2722
2708 2582 2722
2722 2582 2708
287 231 1263
1263 231 287
231 287 1263
2646 1137 1968
1968 1137 2646
1137 1968 2646
1416 169 493
169 493 1416
493 169 1416
1422 1124 2248
1124 1422 2248
2248 1124 1422
2757 1427 1661
1427 1661 2757
1661 1427 2757
1982 460 957
957 460 1982
460 957 1982
2198 1693 1908
1908 1693 2198
1693 1908 2198
1538 1344 2009
2009 1344 1538
1344 1538 2009
456 183 416
416 183 456
183 416 456
1349 360 2461
2461 360 1349
360 1349 2461
2388 1600 2446
2446 1600 2388
1600 2388 2446
2618 816 1352
816 1352 2618
1352 816 2618
2375 854 2953
2953 854 2375
854 2375 2953
709 1107 2489
2489 709 1107
1107 709 2489
1431 982 2348
982 1431 2348
2348 982 1431
1768 800 1252
800 1252 1768
1252 800 1768
219 1229 1739
1739 219 1229
1229 219 1739
2750 721 2867
721 2750 2867
2867 721 2750
159 917 1146
1146 159 917
917 159 1146
1425 2516 2826
2516 1425 2826
2826 1425 2516
1635 13 2698
2698 13 1635
13 1635 2698
34 1247 1564
1247 34 1564
1564 34 1247
478 947 1317
947 478 1317
1317 478 947
1937 2170 2561
2561 1937 2170
2170 1937 2561
2002 507 1488
1488 507 2002
507 1488 2002
924 1893 2140
2140 924 1893
1893 924 2140
773 2004 2736
2004 773 2736
2736 773 2004
1965 2282 2416
2416 1965 2282
2282 1965 2416
427 488 1105
1105 427 488
488 427 1105
1021 743 2956
743 1021 2956
2956 743 1021
418 407 1724
407 418 1724
1724 407 418
39 2200 2319
2319 39 2200
2200 39 2319
20 205 733
733 20 205
205 20 733
1836 1003 1085
1085 1003 1836
1003 1085 1836
2479 1602 2994
2994 1602 2479
1602 2479 2994
1491 900 2298
2298 900 1491
900 1491 2298
1195 715 1198
1198 715 1195
715 1195 1198
347 364 1784
1784 347 364
364 347 1784
2385 909 2802
909 2385 2802
2802 909 2385
42 590 2292
590 42 2292
2292 42 590
1709 412 766
766 412 1709
412 766 1709
2428 1446 2613
2613 1446 2428
1446 2428 2613
1209 2008 2765
2008 1209 2765
2765 1209 2008
93 2474 2755
2755 93 2474
2474 93 2755
2440 2832 2924
2832 2440 2924
2924 2440 2832
2578 2657 2969
2969 2578 2657
2657 2578 2969
2903 537 1609
1609 537 2903
537 1609 2903
29 1835 2641
1835 29 2641
2641 29 1835
1214 115 2304
115 1214 2304
2304 115 1214
2692 1981 2647
2647 1981 2692
1981 2647 2692
1791 891 2530
2530 891 1791
891 1791 2530
2990 958 1846
958 1846 2990
1846 958 2990
1663 2209 2839
2209 1663 2839
2839 1663 2209
2356 161 216
216 161 2356
161 216 2356
2284 104 686
104 686 2284
686 104 2284
1384 343 1813
343 1384 1813
1813 343 1384
2980 23 2403
2403 23 2980
23 2403 2980
182 1398 1683
1398 182 1683
1683 182 1398
2599 1582 2005
1582 2005 2599
2005 1582 2599
463 1098 2962
2962 463 1098
1098 463 2962
1572 342 599
342 599 1572
599 342 1572
198 277 1569
277 198 1569
1569 198 277
2040 1161 2350
2350 1161 2040
1161 2040 2350
2520 30 655
655 30 2520
30 655 2520
253 1507 2800
1507 253 2800
2800 253 1507
716 2510 2735
2510 716 2735
2735 716 2510
2155 2193 2257
2257 2155 2193
2193 2155 2257
2088 263 2625
2625 263 2088
263 2088 2625
1084 1001 1236
1001 1084 1236
1236 1001 1084
827 761 2343
761 827 2343
2343 761 827
819 369 1160
1160 369 819
369 819 1160
1794 1685 2760
2760 1685 1794
1685 1794 2760
1695 1062 1479
1062 1479 1695
1479 1062 1695
2221 570 1218
1218 570 2221
570 1218 2221
2087 2 1688
1688 2 2087
2 1688 2087
1306 1013 1453
1013 1306 1453
1453 1013 1306
1672 297 1543
1543 297 1672
297 1543 1672
1221 305 858
305 858 1221
858 305 1221
545 717 2518
717 545 2518
2518 545 717
1782 27 2544
27 1782 2544
2544 27 1782
443 1009 2846
1009 443 2846
2846 443 1009
1372 1054 2458
2458 1054 1372
1054 1372 2458
522 1800 2720
2720 522 1800
1800 522 2720
2371 662 2983
2983 662 2371
662 2371 2983
310 901 2206
2206 310 901
901 310 2206
1936 1524 2362
2362 1524 1936
1524 1936 2362
314 540 2825
2825 314 540
540 314 2825
2321 1462 2382
1462 2321 2382
2382 1462 2321
1357 2058 2249
2249 1357 2058
2058 1357 2249
2686 1164 2035
1164 2035 2686
2035 1164 2686
820 973 2975
973 820 2975
2975 820 973
1689 140 731
731 140 1689
140 731 1689
1006 651 1903
651 1006 1903
1903 651 1006
330 2079 2546
2546 330 2079
2079 330 2546
853 689 848
848 689 853
689 848 853
884 1676 1717
1676 884 1717
1717 884 1676
2701 237 1406
1406 237 2701
237 1406 2701
687 971 1434
1434 687 971
971 687 1434
1575 500 1585
1585 500 1575
500 1575 1585
2823 392 2631
2631 392 2823
392 2631 2823
2190 1397 1660
1660 1397 2190
1397 1660 2190
1118 1860 2412
2412 1118 1860
1860 1118 2412
2724 1901 2591
2591 1901 2724
1901 2591 2724
985 836 2910
2910 836 985
836 985 2910
1033 832 923
923 832 1033
832 923 1033
2481 12 1232
1232 12 2481
12 1232 2481
2500 249 1820
1820 249 2500
249 1820 2500
2427 1049 2072
2072 1049 2427
1049 2072 2427
2639 1275 1383
1275 1383 2639
1383 1275 2639
1512 306 1520
1520 306 1512
306 1512 1520
1506 860 1931
860 1506 1931
1931 860 1506
2877 1502 2517
2517 1502 2877
1502 2517 2877
1485 150 1250
1250 150 1485
150 1250 1485
591 1452 1465
1465 591 1452
1452 591 1465
1776 90 2482
2482 90 1776
90 1776 2482
163 223 1966
1966 163 223
223 163 1966
1624 117 2055
117 1624 2055
2055 117 1624
2328 1748 2269
2269 1748 2328
1748 2269 2328
1315 959 2857
959 1315 2857
2857 959 1315
1547 972 2756
2756 972 1547
972 1547 2756
2627 1673 2920
1673 2627 2920
2920 1673 2627
2334 729 865
729 865 2334
865 729 2334
1292 340 1392
1392 340 1292
340 1292 1392
2505 2527 2585
2527 2505 2585
2585 2505 2527
2075 874 1646
874 1646 2075
1646 874 2075
1998 692 1895
1895 692 1998
692 1895 1998
849 1781 2229
1781 849 2229
2229 849 1781
1119 931 1012
1012 931 1119
931 1012 1119
1449 693 1887
1887 693 1449
693 1449 1887
2459 2067 2341
2341 2067 2459
2067 2341 2459
2372 2655 2829
2655 2372 2829
2829 2372 2655
1466 798 1618
798 1466 1618
1618 798 1466
1066 196 2596
196 1066 2596
2596 196 1066
1418 1175 2728
2728 1175 1418
1175 1418 2728
1405 992 2404
2404 992 1405
992 1405 2404
1608 2228 2413
2413 1608 2228
2228 1608 2413
8 133 2245
2245 8 133
133 8 2245
52 323 546
323 52 546
546 52 323
2748 67 2336
67 2336 2748
2336 67 2748
1970 348 1922
1922 348 1970
348 1922 1970
1662 1588 2194
2194 1588 1662
1588 1662 2194
68 1125 2150
2150 68 1125
1125 68 2150
1395 2588 2947
2588 1395 2947
2947 1395 2588
66 240 480
240 66 480
480 66 240
2346 63 877
63 877 2346
877 63 2346
804 672 2837
2837 672 804
672 804 2837
1347 1604 2542
2542 1347 1604
1604 1347 2542
1461 598 2538
598 1461 2538
2538 598 1461
2330 1165 1953
1165 1953 2330
1953 1165 2330
2707 604 814
604 814 2707
814 604 2707
2183 337 2965
337 2183 2965
2965 337 2183
1961 2779 2838
2779 1961 2838
2838 1961 2779
1061 204 1795
1795 204 1061
204 1061 1795
1059 1371 2178
1371 1059 2178
2178 1059 1371
137 593 2196
593 137 2196
2196 137 593
1727 181 1249
1249 181 1727
181 1249 1727
2922 617 2584
617 2584 2922
2584 617 2922
94 232 2894
2894 94 232
232 94 2894
2645 966 1207
966 1207 2645
1207 966 2645
2781 1310 1996
1996 1310 2781
1310 1996 2781
1508 64 1179
1179 64 1508
64 1179 1508
818 1148 1873
1873 818 1148
1148 818 1873
503 724 1771
724 503 1771
1771 503 724
2848 1528 2536
2536 1528 2848
1528 2536 2848
2563 1737 2557
2557 1737 2563
1737 2557 2563
202 1211 2912
2912 202 1211
1211 202 2912
2856 394 696
696 394 2856
394 696 2856
990 1329 2211
2211 990 1329
1329 990 2211
227 1710 1753
1753 227 1710
1710 227 1753
372 1722 2635
2635 372 1722
1722 372 2635
46 904 1611
1611 46 904
904 46 1611
1593 260 2313
260 1593 2313
2313 260 1593
87 28 2450
2450 28 87
28 87 2450
1202 981 1212
981 1202 1212
1212 981 1202
1302 2414 2417
2414 1302 2417
2417 1302 2414
2951 3 17
3 17 2951
17 3 2951
1648 999 2026
2026 999 1648
999 1648 2026
720 454 1650
454 720 1650
1650 454 720
2162 236 1312
1312 236 2162
236 1312 2162
1628 634 1657
634 1628 1657
1657 634 1628
164 1531 1815
1531 164 1815
1815 164 1531
2803 285 2092
285 2092 2803
2092 285 2803
1170 628 2847
2847 628 1170
628 1170 2847
1691 1133 2285
2285 1133 1691
1133 1691 2285
2777 270 1667
1667 270 2777
270 1667 2777
349 596 2638
596 349 2638
2638 349 596
1503 821 1948
821 1503 1948
1948 821 1503
2302 320 2039
320 2039 2302
2039 320 2302
116 2100 2237
2100 116 2237
2237 116 2100
55 1848 2932
2932 55 1848
1848 55 2932
35 1699 2240
1699 35 2240
2240 35 1699
1196 128 886
886 128 1196
128 886 1196
172 939 983
939 172 983
983 172 939
2569 331 828
331 828 2569
828 331 2569
1309 421 2267
421 1309 2267
2267 421 1309
1954 856 2236
856 1954 2236
2236 856 1954
1830 2381 2693
2381 1830 2693
2693 1830 2381
728 566 2476
566 728 2476
2476 566 728
1359 850 2656
2656 850 1359
850 1359 2656
82 664 1456
1456 82 664
664 82 1456
2737 2134 2600
2134 2600 2737
2600 2134 2737
2238 592 2663
592 2238 2663
2663 592 2238
642 1213 2949
1213 642 2949
2949 642 1213
938 1282 1457
1457 938 1282
1282 938 1457
1533 1665 2672
1665 1533 2672
2672 1533 1665
678 1432 1591
1432 678 1591
1591 678 1432
730 929 2165
929 730 2165
2165 730 929
2522 767 1870
1870 767 2522
767 1870 2522
2167 2410 2890
2410 2167 2890
2890 2167 2410
1448 2457 2468
2468 1448 2457
2457 1448 2468
221 2254 2339
2254 221 2339
2339 221 2254
2812 688 2669
2669 688 2812
688 2669 2812
2769 1064 2308
1064 2308 2769
2308 1064 2769
1048 2303 2378
2303 1048 2378
2378 1048 2303
1839 301 2402
301 1839 2402
2402 301 1839
2272 1178 2128
1178 2128 2272
2128 1178 2272
2261 1121 1987
1987 1121 2261
1121 1987 2261
855 444 887
444 855 887
887 444 855
2467 1770 2112
2112 1770 2467
1770 2112 2467
1583 1442 2184
2184 1442 1583
1442 1583 2184
2279 2725 2776
2725 2279 2776
2776 2279 2725
1324 2021 2118
2118 1324 2021
2021 1324 2118
2766 1833 2255
1833 2255 2766
2255 1833 2766
2815 2077 2985
2077 2815 2985
2985 2077 2815
2668 130 506
130 506 2668
506 130 2668
53 433 2207
433 53 2207
2207 53 433
2202 1308 2166
2166 1308 2202
1308 2166 2202
2797 740 1237
740 1237 2797
1237 740 2797
2970 238 2301
238 2301 2970
2301 238 2970
2654 399 1773
399 1773 2654
1773 399 2654
1991 936 1728
1728 936 1991
936 1728 1991
101 1825 1989
1989 101 1825
1825 101 1989
148 1323 2702
2702 148 1323
1323 148 2702
135 2590 2925
2590 135 2925
2925 135 2590
2626 1746 2156
2156 1746 2626
1746 2156 2626
703 1216 2497
2497 703 1216
1216 703 2497
2541 830 1374
830 1374 2541
1374 830 2541
997 471 2677
471 997 2677
2677 471 997
635 69 2398
69 635 2398
2398 69 635
2806 1573 2687
1573 2687 2806
2687 1573 2806
2449 211 230
211 230 2449
230 211 2449
24 1262 2161
1262 24 2161
2161 24 1262
1298 581 1028
1028 581 1298
581 1028 1298
2063 683 1772
683 1772 2063
1772 683 2063
1969 875 1541
875 1541 1969
1541 875 1969
1519 1581 2553
1581 1519 2553
2553 1519 1581
1842 571 1736
1736 571 1842
571 1736 1842
80 1197 2185
1197 80 2185
2185 80 1197
562 1598 2496
2496 562 1598
1598 562 2496
468 585 2811
2811 468 585
585 468 2811
2830 487 1273
1273 487 2830
487 1273 2830
1814 1874 1900
1900 1814 1874
1874 1814 1900
1480 1253 1527
1527 1253 1480
1253 1480 1527
2431 1355 1899
1899 1355 2431
1355 1899 2431
695 586 2939
586 695 2939
2939 586 695
1914 851 1941
1941 851 1914
851 1914 1941
1007 1546 2052
2052 1007 1546
1546 1007 2052
1559 14 2881
14 1559 2881
2881 14 1559
2860 2011 2700
2011 2700 2860
2700 2011 2860
2333 2152 2958
2152 2333 2958
2958 2152 2333
2883 22 1360
22 1360 2883
1360 22 2883
2531 274 1565
1565 274 2531
274 1565 2531
2670 1505 2714
2714 1505 2670
1505 2670 2714
365 432 2484
2484 365 432
432 365 2484
158 2256 2991
2256 158 2991
2991 158 2256
589 1742 2620
2620 589 1742
1742 589 2620
928 43 1985
43 928 1985
1985 43 928
411 321 1840
1840 321 411
321 411 1840
2917 37 1793
1793 37 2917
37 1793 2917
2734 173 2565
173 2565 2734
2565 173 2734
2747 203 1619
1619 203 2747
203 1619 2747
2383 44 1971
44 1971 2383
1971 44 2383
2524 152 1523
1523 152 2524
152 1523 2524
2085 784 2323
2323 784 2085
784 2085 2323
191 149 1386
149 191 1386
1386 149 191
2878 1087 1513
1087 1513 2878
1513 1087 2878
1973 1590 2223
2223 1590 1973
1590 1973 2223
950 212 2045
2045 212 950
212 950 2045
207 307 1024
307 207 1024
1024 207 307
2361 1017 1415
1017 1415 2361
1415 1017 2361
2366 362 1158
362 1158 2366
1158 362 2366
1932 332 2519
2519 332 1932
332 1932 2519
1580 1206 2376
1206 1580 2376
2376 1206 1580
2047 166 2224
166 2047 2224
2224 166 2047
1083 671 1015
671 1015 1083
1015 671 1083
991 2338 2733
2733 991 2338
2338 991 2733
2137 1977 2566
1977 2137 2566
2566 1977 2137
987 953 1878
953 987 1878
1878 953 987
2046 1276 1816
1816 1276 2046
1276 1816 2046
2192 350 794
794 350 2192
350 794 2192
2775 465 1220
1220 465 2775
465 1220 2775
2189 302 2227
302 2189 2227
2227 302 2189
2900 15 2471
2471 15 2900
15 2471 2900
2159 2203 2629
2629 2159 2203
2203 2159 2629
1892 139 2793
139 1892 2793
2793 139 1892
2727 146 2684
2684 146 2727
146 2684 2727
1552 1143 1983
1143 1552 1983
1983 1143 1552
1675 201 868
868 201 1675
201 868 1675
147 457 2034
2034 147 457
457 147 2034
1811 768 1193
768 1193 1811
1193 768 1811
341 1526 2952
1526 341 2952
2952 341 1526
1134 1088 2581
2581 1088 1134
1088 1134 2581
2158 273 1890
1890 273 2158
273 1890 2158
2528 701 1767
701 1767 2528
1767 701 2528
725 739 3000
3000 725 739
739 725 3000
119 744 1057
744 119 1057
1057 119 744
1020 368 1106
1106 368 1020
368 1020 1106
1707 344 2329
2329 344 1707
344 1707 2329
759 1176 1647
1176 759 1647
1647 759 1176
1993 1316 1420
1420 1316 1993
1316 1420 1993
1129 141 1301
141 1129 1301
1301 141 1129
2575 391 2306
2306 391 2575
391 2306 2575
32 552 1679
1679 32 552
552 32 1679
209 508 2038
2038 209 508
508 209 2038
2265 417 579
417 579 2265
579 417 2265
1361 944 2050
944 1361 2050
2050 944 1361
1697 2016 2312
2312 1697 2016
2016 1697 2312
388 1666 1704
1666 388 1704
1704 388 1666
2010 1539 2507
1539 2010 2507
2507 1539 2010
2400 1005 1957
1957 1005 2400
1005 1957 2400
1231 217 1754
217 1231 1754
1754 217 1231
993 918 2293
2293 918 993
918 993 2293
72 355 495
495 72 355
355 72 495
328 464 631
464 328 631
631 328 464
255 521 1038
1038 255 521
521 255 1038
2426 77 764
77 764 2426
764 77 2426
48 118 265
265 48 118
118 48 265
1557 738 2652
2652 738 1557
738 1557 2652
1304 652 1055
652 1055 1304
1055 652 1304
676 603 1621
1621 603 676
603 676 1621
2186 811 2436
2436 811 2186
811 2186 2436
1917 1290 2935
2935 1290 1917
1290 1917 2935
1008 73 445
73 445 1008
445 73 1008
1944 419 1896
1896 419 1944
419 1896 1944
451 286 2260
2260 286 451
286 451 2260
2394 894 2977
894 2394 2977
2977 894 2394
871 222 258
258 222 871
222 258 871
1067 594 2205
594 1067 2205
2205 594 1067
84 1155 2552
2552 84 1155
1155 84 2552
1658 610 1139
610 1139 1658
1139 610 1658
1467 1077 1079
1079 1077 1467
1077 1079 1467
2784 747 1151
747 1151 2784
1151 747 2784
1342 882 1219
882 1219 1342
1219 882 1342
602 467 1065
467 602 1065
1065 467 602
1330 441 2788
441 1330 2788
2788 441 1330
563 453 861
453 563 861
861 453 563
1789 2098 2115
2098 1789 2115
2115 1789 2098
2435 925 1319
1319 925 2435
925 1319 2435
1027 1633 1924
1633 1027 1924
1924 1027 1633
400 208 1868
208 400 1868
1868 208 400
2874 534 809
809 534 2874
534 809 2874
1046 792 2906
2906 792 1046
792 1046 2906
1544 423 2353
2353 423 1544
423 1544 2353
2332 1649 2408
1649 2332 2408
2408 1649 2332
732 1101 2745
2745 732 1101
1101 732 2745
401 825 1861
1861 401 825
825 401 1861
1366 197 2711
2711 197 1366
197 1366 2711
143 1850 2827
1850 143 2827
2827 143 1850
782 447 2022
447 782 2022
2022 447 782
1226 1525 2743
2743 1226 1525
1525 1226 2743
624 1169 1287
1169 624 1287
1287 624 1169
1634 1743 1821
1743 1634 1821
1821 1634 1743
1254 645 2992
645 1254 2992
2992 645 1254
1897 567 1617
567 1617 1897
1617 567 1897
2981 614 1426
1426 614 2981
614 1426 2981
1625 1863 2252
2252 1625 1863
1863 1625 2252
2529 647 2570
647 2529 2570
2570 647 2529
1429 78 2172
2172 78 1429
78 1429 2172
382 325 2452
2452 325 382
325 382 2452
1975 1205 1454
1205 1454 1975
1454 1205 1975
2456 1711 2296
2296 1711 2456
1711 2296 2456
2001 489 1802
1802 489 2001
489 1802 2001
1477 1210 2834
2834 1210 1477
1210 1477 2834
2266 47 2342
47 2266 2342
2342 47 2266
2902 1356 2545
1356 2545 2902
2545 1356 2902
1191 2667 2751
2751 1191 2667
2667 1191 2751
1474 888 1671
888 1474 1671
1671 888 1474
1336 846 1463
1463 846 1336
846 1336 1463
1854 379 1183
1183 379 1854
379 1183 1854
512 550 660
550 512 660
660 512 550
1607 564 1116
564 1116 1607
1116 564 1607
2968 1284 1551
1551 1284 2968
1284 1551 2968
622 1943 2033
2033 622 1943
1943 622 2033
177 561 2603
2603 177 561
561 177 2603
194 659 1501
659 194 1501
1501 194 659
1144 206 1108
206 1108 1144
1108 206 1144
2411 123 2027
2027 123 2411
123 2027 2411
2068 1239 1318
1239 1318 2068
1318 1239 2068
956 7 167
167 7 956
7 167 956
2310 6 193
6 193 2310
193 6 2310
1010 171 2836
2836 171 1010
171 1010 2836
1578 1566 1974
1566 1578 1974
1974 1566 1578
1030 334 1716
334 1030 1716
1716 334 1030
2683 772 1396
772 1396 2683
1396 772 2683
1078 930 2767
2767 930 1078
930 1078 2767
1060 11 771
771 11 1060
11 771 1060
976 867 1852
1852 867 976
867 976 1852
1857 2387 2974
2387 1857 2974
2974 1857 2387
1620 670 1285
670 1285 1620
1285 670 1620
2409 1410 2199
1410 2199 2409
2199 1410 2409
126 1443 1468
1468 126 1443
1443 126 1468
103 396 1706
396 103 1706
1706 103 396
840 57 494
57 494 840
494 57 840
1470 618 1960
618 1470 1960
1960 618 1470
1876 56 2280
56 1876 2280
2280 56 1876
185 625 2911
2911 185 625
625 185 2911
322 2363 2511
2363 322 2511
2511 322 2363
1412 2071 2405
2071 1412 2405
2405 1412 2071
2819 1799 2274
1799 2274 2819
2274 1799 2819
1451 189 435
189 435 1451
435 189 1451
1034 499 1109
499 1034 1109
1109 499 1034
2680 2559 2915
2559 2680 2915
2915 2559 2680
919 1827 2000
1827 919 2000
2000 919 1827
1300 2064 2689
2064 1300 2689
2689 1300 2064
1907 2850 2901
2850 1907 2901
2901 1907 2850
2653 2177 2643
2643 2177 2653
2177 2643 2653
165 295 2472
295 165 2472
2472 165 295
870 100 1912
100 870 1912
1912 100 870
266 1043 2473
1043 266 2473
2473 266 1043
1154 2281 2678
2678 1154 2281
2281 1154 2678
1871 16 873
873 16 1871
16 873 1871
862 1484 2930
1484 862 2930
2930 862 1484
509 2577 2601
2577 509 2601
2601 509 2577
2954 111 256
256 111 2954
111 256 2954
951 2169 2309
2309 951 2169
2169 951 2309
801 1050 1159
1159 801 1050
1050 801 1159
1095 612 2091
612 1095 2091
2091 612 1095
757 937 2583
2583 757 937
937 757 2583
1019 1545 2537
2537 1019 1545
1545 1019 2537
2119 10 2287
10 2119 2287
2287 10 2119
2470 481 627
481 627 2470
627 481 2470
2103 271 2066
2066 271 2103
271 2066 2103
2695 847 2003
847 2003 2695
2003 847 2695
922 1886 2043
1886 922 2043
2043 922 1886
2810 109 1817
109 1817 2810
1817 109 2810
2086 501 742
501 742 2086
742 501 2086
2503 1032 1075
1075 1032 2503
1032 1075 2503
2391 1288 2549
1288 2391 2549
2549 1288 2391
2682 513 2660
513 2660 2682
2660 513 2682
367 1680 1967
1680 367 1967
1967 367 1680
359 1630 2355
2355 359 1630
1630 359 2355
75 1562 2495
1562 75 2495
2495 75 1562
726 1400 2374
1400 726 2374
2374 726 1400
2349 1853 2681
1853 2349 2681
2681 1853 2349
1438 2053 2300
2053 1438 2300
2300 1438 2053
2057 408 1885
408 1885 2057
1885 408 2057
2897 5 1605
5 1605 2897
1605 5 2897
160 1447 2314
1447 160 2314
2314 160 1447
824 262 2993
262 824 2993
2993 262 824
1687 2364 2715
2364 1687 2715
2715 1687 2364
1082 1103 2699
1103 1082 2699
2699 1082 1103
913 361 1964
361 913 1964
1964 361 913
807 790 2291
2291 790 807
790 807 2291
961 748 2028
2028 748 961
748 961 2028
1755 527 1838
527 1755 1838
1838 527 1755
2966 805 1455
805 1455 2966
1455 805 2966
298 749 2886
2886 298 749
749 298 2886
2514 1100 1549
1549 1100 2514
1100 1549 2514
837 2078 2145
2078 837 2145
2145 837 2078
1234 383 2978
2978 383 1234
383 1234 2978
2395 986 2979
986 2395 2979
2979 986 2395
2937 723 2547
723 2547 2937
2547 723 2937
2113 1632 2365
2365 1632 2113
1632 2113 2365
1156 1807 2551
1807 1156 2551
2551 1156 1807
1942 292 896
896 292 1942
292 896 1942
19 290 338
338 19 290
290 19 338
653 244 414
244 414 653
414 244 653
1690 712 1305
712 1305 1690
1305 712 1690
257 756 2649
2649 257 756
756 257 2649
2555 60 2032
2032 60 2555
60 2032 2555
214 2080 2294
2080 214 2294
2294 214 2080
2151 608 1261
1261 608 2151
608 1261 2151
1535 735 1130
735 1130 1535
1130 735 1535
1997 1376 1458
1376 1458 1997
1458 1376 1997
2243 1358 2858
1358 2243 2858
2858 1358 2243
4 702 2014
702 4 2014
2014 4 702
685 817 2593
2593 685 817
817 685 2593
1735 385 2796
2796 385 1735
385 1735 2796
908 2097 2139
2139 908 2097
2097 908 2139
1274 1845 2534
1845 1274 2534
2534 1274 1845
157 1629 1847
1847 157 1629
1629 157 1847
261 151 2633
2633 151 261
151 261 2633
1928 86 1761
1761 86 1928
86 1761 1928
186 605 2535
605 186 2535
2535 186 605
2217 933 2262
2262 933 2217
933 2217 2262
989 1348 1373
1373 989 1348
1348 989 1373
524 248 1532
1532 248 524
248 524 1532
905 2204 2861
2861 905 2204
2204 905 2861
289 2242 2984
2242 289 2984
2984 289 2242
2576 184 1157
184 1157 2576
1157 184 2576
694 1614 1972
1614 694 1972
1972 694 1614
1945 711 1136
711 1136 1945
1136 711 1945
2318 175 682
175 682 2318
682 175 2318
1986 2136 2995
2136 1986 2995
2995 1986 2136
960 356 1500
356 960 1500
1500 356 960
2818 869 1093
869 1093 2818
1093 869 2818
225 2619 2691
2691 225 2619
2619 225 2691
796 1560 2494
1560 796 2494
2494 796 1560
2464 395 2824
2824 395 2464
395 2464 2824
2898 788 833
833 788 2898
788 833 2898
2833 200 554
554 200 2833
200 554 2833
390 1760 2571
1760 390 2571
2571 390 1760
1187 430 2126
430 1187 2126
2126 430 1187
810 568 578
578 568 810
568 578 810
484 279 538
538 279 484
279 484 538
1622 1311 2852
1311 1622 2852
2852 1311 1622
1390 1720 1829
1720 1390 1829
1829 1390 1720
700 1681 1992
1681 700 1992
1992 700 1681
1765 1246 2445
1246 1765 2445
2445 1246 1765
1518 1180 1441
1180 1441 1518
1441 1180 1518
51 912 1111
1111 51 912
912 51 1111
1940 2744 2762
2744 1940 2762
2762 1940 2744
1487 1162 1277
1162 1277 1487
1277 1162 1487
2480 903 1135
903 1135 2480
1135 903 2480
588 311 892
311 588 892
892 311 588
1131 835 2821
2821 835 1131
835 1131 2821
1979 706 2876
706 1979 2876
2876 706 1979
1031 536 2110
2110 536 1031
536 1031 2110
397 548 2568
548 397 2568
2568 397 548
2049 145 2360
2360 145 2049
145 2049 2360
1382 1574 2062
1574 1382 2062
2062 1382 1574
276 975 1712
1712 276 975
975 276 1712
2270 1916 2418
1916 2270 2418
2418 1916 2270
2208 247 690
690 247 2208
247 690 2208
2666 2023 2904
2904 2023 2666
2023 2666 2904
2710 210 2844
210 2710 2844
2844 210 2710
466 1723 2862
2862 466 1723
1723 466 2862
2465 560 1435
560 1435 2465
1435 560 2465
1589 462 1642
1642 462 1589
462 1589 1642
1228 786 1471
1471 786 1228
786 1228 1471
1504 1499 2896
2896 1499 1504
1499 1504 2896
1464 251 1995
251 1464 1995
1995 251 1464
1097 906 2945
906 1097 2945
2945 906 1097
486 1615 1935
1615 486 1935
1935 486 1615
2424 1002 2630
2630 1002 2424
1002 2424 2630
528 1208 2713
2713 528 1208
1208 528 2713
1096 1233 2351
1233 1096 2351
2351 1096 1233
2397 1375 1759
1759 1375 2397
1375 1759 2397
446 450 1120
450 446 1120
1120 446 450
1378 745 935
745 935 1378
935 745 1378
2253 352 1841
352 1841 2253
1841 352 2253
1051 885 1256
885 1051 1256
1256 885 1051
138 967 1824
1824 138 967
967 138 1824
626 2515 2813
2515 626 2813
2813 626 2515
267 2160 2491
2491 267 2160
2160 267 2491
2042 1387 1990
1387 1990 2042
1990 1387 2042
2664 1128 1790
1128 1790 2664
1790 1128 2664
2406 718 2344
718 2344 2406
2344 718 2406
1391 2180 2783
2783 1391 2180
2180 1391 2783
2807 31 661
661 31 2807
31 661 2807
1166 281 2121
2121 281 1166
281 1166 2121
2753 1110 2030
1110 2030 2753
2030 1110 2753
2399 50 2307
2307 50 2399
50 2307 2399
2963 881 2773
2773 881 2963
881 2773 2963
176 2357 2871
2357 176 2871
2871 176 2357
142 640 1147
1147 142 640
640 142 1147
2506 763 915
915 763 2506
763 915 2506
787 1399 2749
2749 787 1399
1399 787 2749
102 112 1483
1483 102 112
112 102 1483
2475 899 1949
1949 899 2475
899 1949 2475
1014 736 1482
736 1014 1482
1482 736 1014
1888 558 1289
1289 558 1888
558 1289 1888
760 491 713
491 713 760
713 491 760
1692 49 1930
49 1692 1930
1930 49 1692
1804 968 1041
1041 968 1804
968 1041 1804
1381 373 1091
1091 373 1381
373 1091 1381
1408 822 841
841 822 1408
822 841 1408
95 2114 2589
2589 95 2114
2114 95 2589
1492 1708 1855
1708 1492 1855
1855 1492 1708
1194 2425 2674
2674 1194 2425
2425 1194 2674
539 243 1268
1268 243 539
243 539 1268
1655 470 780
780 470 1655
470 780 1655
179 2487 2612
2612 179 2487
2487 179 2612
1923 127 979
979 127 1923
127 979 1923
510 479 2675
479 510 2675
2675 479 510
1844 252 1597
252 1597 1844
1597 252 1844
2605 1113 2709
1113 2605 2709
2709 1113 2605
621 410 2851
410 621 2851
2851 410 621
1705 1325 2247
1325 1705 2247
2247 1325 1705
1364 2610 2923
2610 1364 2923
2923 1364 2610
2359 1173 2521
1173 2359 2521
2521 1173 2359
2233 797 2037
797 2037 2233
2037 797 2233
1089 156 1787
156 1089 1787
1787 156 1089
38 282 1958
1958 38 282
282 38 1958
2120 1320 1587
1320 1587 2120
1587 1320 2120
1413 1327 2782
1327 1413 2782
2782 1327 1413
577 439 1955
439 577 1955
1955 439 577
2628 679 1669
1669 679 2628
679 1669 2628
327 1362 1858
1362 327 1858
1858 327 1362
2276 2059 2987
2059 2276 2987
2987 2059 2276
2942 131 1956
1956 131 2942
131 1956 2942
1163 389 1640
389 1163 1640
1640 389 1163
2918 199 2548
199 2548 2918
2548 199 2918
934 1959 2873
2873 934 1959
1959 934 2873
838 1555 2096
1555 838 2096
2096 838 1555
1904 1112 2107
2107 1112 1904
1112 1904 2107
2380 384 823
384 823 2380
823 384 2380
1643 380 393
380 393 1643
393 380 1643
1909 883 1867
883 1867 1909
1867 883 1909
880 511 1536
1536 511 880
511 880 1536
2191 229 1377
229 1377 2191
1377 229 2191
2369 1201 2182
1201 2182 2369
2182 1201 2369
2469 2462 2703
2462 2469 2703
2703 2462 2469
1040 2275 2787
2787 1040 2275
2275 1040 2787
2116 2415 2789
2415 2116 2789
2789 2116 2415
974 1592 1764
1592 974 1764
1764 974 1592
781 2558 2855
2855 781 2558
2558 781 2855
213 405 2634
2634 213 405
405 213 2634
2843 386 2132
386 2132 2843
2132 386 2843
2102 242 1515
242 1515 2102
1515 242 2102
245 278 2905
2905 245 278
278 245 2905
2054 2273 2501
2273 2054 2501
2501 2054 2273
2117 995 1872
1872 995 2117
995 1872 2117
1881 366 1856
1856 366 1881
366 1856 1881
1579 2322 2835
2322 1579 2835
2835 1579 2322
2006 902 2778
2778 902 2006
902 2006 2778
829 224 710
710 224 829
224 710 829
1071 2015 2133
2015 1071 2133
2133 1071 2015
1882 789 1279
789 1279 1882
1279 789 1882
1 2438 2909
2909 1 2438
2438 1 2909
1039 1243 2554
1243 1039 2554
2554 1039 1243
345 1757 1762
1757 345 1762
1762 345 1757
2996 59 1994
1994 59 2996
59 1994 2996
2659 845 1314
1314 845 2659
845 1314 2659
2460 429 955
955 429 2460
429 955 2460
1047 1894 2386
2386 1047 1894
1894 1047 2386
2234 375 2239
2239 375 2234
375 2234 2239
1567 275 1222
1222 275 1567
275 1222 1567
1486 18 2188
2188 18 1486
18 1486 2188
1063 2401 2967
2401 1063 2967
2967 1063 2401
192 1843 1866
1843 192 1866
1866 192 1843
1796 21 1296
1296 21 1796
21 1296 1796
606 576 1962
576 606 1962
1962 576 606
1752 1702 2705
2705 1702 1752
1702 1752 2705
1272 215 1177
1177 215 1272
215 1177 1272
76 1963 2704
2704 76 1963
1963 76 2704
136 438 2608
2608 136 438
438 136 2608
978 746 2407
2407 746 978
746 978 2407
609 1433 2609
1433 609 2609
2609 609 1433
2442 518 1756
518 1756 2442
1756 518 2442
2017 333 1534
333 1534 2017
1534 333 2017
1370 2486 2842
2486 1370 2842
2842 1370 2486
514 1763 2106
1763 514 2106
2106 514 1763
2719 1616 2335
2335 1616 2719
1616 2335 2719
1132 1328 2786
1328 1132 2786
2786 1132 1328
2231 1350 1714
1350 1714 2231
1714 1350 2231
1631 81 2213
2213 81 1631
81 1631 2213
2141 107 2946
2946 107 2141
107 2141 2946
324 2297 2305
2297 324 2305
2305 324 2297
132 319 2340
2340 132 319
319 132 2340
1026 2148 2688
2688 1026 2148
2148 1026 2688
2676 699 714
714 699 2676
699 714 2676
2101 2105 2146
2146 2101 2105
2105 2101 2146
1402 980 2433
2433 980 1402
980 1402 2433
637 1419 2210
2210 637 1419
1419 637 2210
2738 1475 2123
2123 1475 2738
1475 2123 2738
1056 2661 2882
2882 1056 2661
2661 1056 2882
1946 523 1636
1636 523 1946
523 1636 1946
455 294 2617
294 455 2617
2617 294 455
1595 1052 2780
2780 1052 1595
1052 1595 2780
1915 99 2801
2801 99 1915
99 1915 2801
1537 2794 2955
2794 1537 2955
2955 1537 2794
2048 2176 2828
2828 2048 2176
2176 2048 2828
2770 1299 2943
1299 2770 2943
2943 1299 2770
2758 246 2174
246 2174 2758
2174 246 2758
890 442 673
442 673 890
673 442 890
440 657 2574
2574 440 657
657 440 2574
584 1444 2604
1444 584 2604
2604 584 1444
121 1514 2095
1514 121 2095
2095 121 1514
1223 79 358
358 79 1223
79 358 1223
2327 1142 2562
1142 2327 2562
2562 1142 2327
1926 785 844
844 785 1926
785 844 1926
1952 648 1730
1730 648 1952
648 1730 1952
155 895 2602
895 155 2602
2602 155 895
381 291 1141
1141 291 381
291 381 1141
893 2317 2739
2317 893 2739
2739 893 2317
1517 122 2212
2212 122 1517
122 1517 2212
2717 1291 2879
1291 2717 2879
2879 1291 2717
1686 643 2816
2816 643 1686
643 1686 2816
1641 758 2235
758 1641 2235
2235 758 1641
984 1235 2504
2504 984 1235
1235 984 2504
2434 178 1167
1167 178 2434
178 1167 2434
1437 1122 1516
1516 1122 1437
1122 1437 1516
1104 363 1367
363 1104 1367
1367 363 1104
932 1417 2791
1417 932 2791
2791 932 1417
1248 41 751
751 41 1248
41 751 1248
2477 125 572
125 572 2477
572 125 2477
2712 532 2594
532 2594 2712
2594 532 2712
2908 969 2662
2662 969 2908
969 2662 2908
1393 663 2268
2268 663 1393
663 1393 2268
2029 404 1072
404 1072 2029
1072 404 2029
574 641 680
680 574 641
641 574 680
2650 1090 1353
1353 1090 2650
1090 1353 2650
2065 144 675
675 144 2065
144 675 2065
977 691 2263
2263 691 977
691 977 2263
897 300 1984
300 897 1984
1984 300 897
2989 2430 2726
2726 2430 2989
2430 2726 2989
168 831 2533
831 168 2533
2533 168 831
235 2790 2849
2849 235 2790
2790 235 2849
1293 946 2964
2964 946 1293
946 1293 2964
2093 1321 2377
2377 1321 2093
1321 2093 2377
551 646 2392
2392 551 646
646 551 2392
1694 754 1927
754 1694 1927
1927 754 1694
1700 1149 2976
2976 1149 1700
1149 1700 2976
2420 1258 1511
1511 1258 2420
1258 1511 2420
2759 727 2289
727 2289 2759
2289 727 2759
452 866 1022
866 452 1022
1022 452 866
1346 970 2447
2447 970 1346
970 1346 2447
497 259 964
259 497 964
964 259 497
2880 1626 2729
1626 2729 2880
2729 1626 2880
2929 1424 2597
2597 1424 2929
1424 2597 2929
1182 461 2082
461 1182 2082
2082 461 1182
1522 803 2926
803 1522 2926
2926 803 1522
1738 812 1976
812 1738 1976
1976 812 1738
2658 2352 2696
2696 2352 2658
2352 2658 2696
1682 1540 2614
1540 1682 2614
2614 1540 1682
1152 2370 2740
2370 1152 2740
2740 1152 2370
2752 595 1677
595 1677 2752
1677 595 2752
1341 842 2940
2940 842 1341
842 1341 2940
318 2592 2863
2592 318 2863
2863 318 2592
357 1123 2492
1123 357 2492
2492 357 1123
1343 1778 2025
1778 1343 2025
2025 1343 1778
