22272 13357 18603
13357 18603 22272
18603 13357 22272
1628 4453 10896
10896 1628 4453
4453 1628 10896
17155 2008 20008
2008 17155 20008
20008 2008 17155
1884 19930 27955
27955 1884 19930
19930 1884 27955
20450 22547 29913
29913 20450 22547
22547 20450 29913
20312 5718 22765
5718 20312 22765
22765 5718 20312
22862 16099 28087
28087 16099 22862
16099 22862 28087
27603 3681 9323
9323 3681 27603
3681 9323 27603
16496 6532 12750
12750 6532 16496
6532 12750 16496
18539 633 8624
633 8624 18539
8624 633 18539
607 22291 22674
22291 607 22674
22674 607 22291
13667 2352 15692
2352 13667 15692
15692 2352 13667
4417 4707 22718
22718 4417 4707
4707 4417 22718
2297 9236 19350
9236 2297 19350
19350 2297 9236
10595 4993 26286
26286 4993 10595
4993 10595 26286
16555 1881 28652
28652 1881 16555
1881 16555 28652
25107 8316 27353
27353 8316 25107
8316 25107 27353
26841 16951 17037
16951 17037 26841
17037 16951 26841
23981 4014 25283
25283 4014 23981
4014 23981 25283
5738 21634 23332
21634 5738 23332
23332 5738 21634
17328 3533 14614
14614 3533 17328
3533 14614 17328
15106 10968 19782
10968 15106 19782
19782 10968 15106
6659 4655 26986
4655 6659 26986
26986 4655 6659
1099 15732 24537
15732 1099 24537
24537 1099 15732
9382 21076 29231
29231 9382 21076
21076 9382 29231
4306 18934 25867
18934 4306 25867
25867 4306 18934
10220 6537 15417
6537 10220 15417
15417 6537 10220
10115 22855 28423
28423 10115 22855
22855 10115 28423
5547 18861 22455
18861 5547 22455
22455 5547 18861
16174 410 23506
23506 410 16174
410 16174 23506
8259 3260 20010
20010 3260 8259
3260 8259 20010
20779 9823 17833
9823 17833 20779
17833 9823 20779
13041 25387 29186
29186 13041 25387
25387 13041 29186
1913 4514 7746
7746 1913 4514
4514 1913 7746
17984 1510 20994
1510 17984 20994
20994 1510 17984
1450 8340 9062
8340 1450 9062
9062 1450 8340
6396 8718 11952
8718 6396 11952
11952 6396 8718
28823 2821 7820
7820 2821 28823
2821 7820 28823
7349 1153 29781
1153 7349 29781
29781 1153 7349
2959 14854 16439
16439 2959 14854
14854 2959 16439
13627 18136 25323
18136 13627 25323
25323 13627 18136
13012 14345 25692
14345 13012 25692
25692 13012 14345
4873 9918 28138
9918 4873 28138
28138 4873 9918
10636 5572 23348
23348 5572 10636
5572 10636 23348
27604 11695 28076
11695 27604 28076
28076 11695 27604
21261 15130 22411
22411 15130 21261
15130 21261 22411
22036 16401 23430
16401 22036 23430
23430 16401 22036
5655 4124 16063
16063 4124 5655
4124 5655 16063
19694 2166 7695
2166 7695 19694
7695 2166 19694
19153 101 8825
101 8825 19153
8825 101 19153
11846 9679 14719
9679 11846 14719
14719 9679 11846
24864 18256 19944
18256 19944 24864
19944 18256 24864
27749 16249 26502
26502 16249 27749
16249 26502 27749
25568 3313 29763
29763 3313 25568
3313 25568 29763
3668 514 9672
9672 514 3668
514 3668 9672
29129 15298 22701
22701 15298 29129
15298 22701 29129
13973 18109 25465
18109 13973 25465
25465 13973 18109
17566 6745 23641
23641 6745 17566
6745 17566 23641
17556 8219 19125
8219 17556 19125
19125 8219 17556
23080 18697 28034
28034 18697 23080
18697 23080 28034
9578 13157 14947
14947 9578 13157
13157 9578 14947
22967 2687 10848
2687 10848 22967
10848 2687 22967
21420 8007 11127
8007 11127 21420
11127 8007 21420
19960 21632 23849
23849 19960 21632
21632 19960 23849
26070 5400 10278
5400 10278 26070
10278 5400 26070
23112 18297 28014
28014 18297 23112
18297 23112 28014
26543 6748 19141
19141 6748 26543
6748 19141 26543
21882 3774 20896
20896 3774 21882
3774 20896 21882
12551 12242 16613
16613 12242 12551
12242 12551 16613
15050 7516 12222
7516 12222 15050
12222 7516 15050
13191 266 1275
1275 266 13191
266 1275 13191
8889 10774 16114
10774 8889 16114
16114 8889 10774
21327 2238 10560
10560 2238 21327
2238 10560 21327
22866 19068 29485
19068 22866 29485
29485 19068 22866
23477 18142 25906
25906 18142 23477
18142 23477 25906
22240 13053 14468
14468 13053 22240
13053 14468 22240
28116 1050 14777
14777 1050 28116
1050 14777 28116
27095 17419 29589
17419 27095 29589
29589 17419 27095
21886 15816 21850
21850 15816 21886
15816 21850 21886
9726 1500 10660
10660 1500 9726
1500 9726 10660
10856 6093 19279
19279 6093 10856
6093 10856 19279
20526 22588 29335
22588 20526 29335
29335 20526 22588
27023 17012 17836
17012 17836 27023
17836 17012 27023
15346 4285 21444
4285 15346 21444
21444 4285 15346
26583 7673 23392
7673 23392 26583
23392 7673 26583
23881 13936 28027
13936 23881 28027
28027 13936 23881
24310 3266 14087
14087 3266 24310
3266 14087 24310
26501 23005 26640
26640 23005 26501
23005 26501 26640
19464 970 27382
27382 970 19464
970 19464 27382
6900 5237 19208
19208 5237 6900
5237 6900 19208
933 4951 28801
28801 933 4951
4951 933 28801
11031 12862 20116
20116 11031 12862
12862 11031 20116
18601 4641 7792
7792 4641 18601
4641 7792 18601
13827 2987 28805
28805 2987 13827
2987 13827 28805
9808 15060 22458
15060 9808 22458
22458 9808 15060
22574 3662 7495
3662 7495 22574
7495 3662 22574
20466 5970 16442
16442 5970 20466
5970 16442 20466
6432 7089 20669
20669 6432 7089
7089 6432 20669
12395 7386 14665
7386 12395 14665
14665 7386 12395
22002 6823 15877
6823 15877 22002
15877 6823 22002
5917 21319 24805
24805 5917 21319
21319 5917 24805
14598 24586 26826
26826 14598 24586
24586 14598 26826
19661 6285 25622
6285 19661 25622
25622 6285 19661
16323 8968 23804
8968 16323 23804
23804 8968 16323
9717 15497 21464
21464 9717 15497
15497 9717 21464
23848 432 22781
22781 432 23848
432 22781 23848
6767 27753 28370
27753 6767 28370
28370 6767 27753
285 10357 24199
24199 285 10357
10357 285 24199
16802 1030 18761
18761 1030 16802
1030 16802 18761
13690 1326 3631
3631 1326 13690
1326 3631 13690
18108 18190 23327
23327 18108 18190
18190 18108 23327
2100 2683 4482
4482 2100 2683
2683 2100 4482
6594 19997 23102
23102 6594 19997
19997 6594 23102
22234 6364 20901
6364 20901 22234
20901 6364 22234
2009 13576 14807
14807 2009 13576
13576 2009 14807
19675 258 9641
258 9641 19675
9641 258 19675
992 3440 13214
3440 992 13214
13214 992 3440
5373 2555 15085
2555 5373 15085
15085 2555 5373
11106 25381 26059
25381 11106 26059
26059 11106 25381
19637 7842 26509
26509 7842 19637
7842 19637 26509
2137 19113 24150
19113 2137 24150
24150 2137 19113
26350 10146 21137
21137 10146 26350
10146 21137 26350
23538 21005 28006
21005 23538 28006
28006 21005 23538
15749 659 21580
659 15749 21580
21580 659 15749
19874 5862 7440
7440 5862 19874
5862 7440 19874
18210 3642 21397
3642 18210 21397
21397 3642 18210
26361 14864 22702
14864 22702 26361
22702 14864 26361
28636 17027 21402
21402 17027 28636
17027 21402 28636
16721 20763 28010
20763 16721 28010
28010 16721 20763
6035 1444 27147
1444 6035 27147
27147 1444 6035
12986 15406 29045
15406 12986 29045
29045 12986 15406
17030 4343 25447
25447 4343 17030
4343 17030 25447
26349 19900 22541
19900 22541 26349
22541 19900 26349
16450 5094 28767
28767 5094 16450
5094 16450 28767
20203 24211 24566
24566 20203 24211
24211 20203 24566
26689 8194 16365
8194 16365 26689
16365 8194 26689
9257 4591 15103
4591 9257 15103
15103 4591 9257
29875 14682 21671
21671 14682 29875
14682 21671 29875
3781 2835 18464
2835 3781 18464
18464 2835 3781
25783 5484 15318
5484 15318 25783
15318 5484 25783
6312 7374 20482
7374 6312 20482
20482 6312 7374
24554 2549 2971
2971 2549 24554
2549 2971 24554
2917 6371 29659
29659 2917 6371
6371 2917 29659
18378 20895 24221
24221 18378 20895
20895 18378 24221
9422 9321 28212
28212 9321 9422
9321 9422 28212
26033 28565 29016
29016 26033 28565
28565 26033 29016
25513 1508 15240
15240 1508 25513
1508 15240 25513
18867 14546 19754
19754 14546 18867
14546 18867 19754
14153 15231 21494
15231 14153 21494
21494 14153 15231
14635 11722 12558
12558 11722 14635
11722 12558 14635
17502 10129 20292
10129 17502 20292
20292 10129 17502
8649 4265 19326
4265 8649 19326
19326 4265 8649
9201 907 28965
907 9201 28965
28965 907 9201
6880 6144 19292
19292 6144 6880
6144 6880 19292
8263 5942 24523
24523 5942 8263
5942 8263 24523
23134 4190 10157
4190 10157 23134
10157 4190 23134
15987 1264 20565
1264 15987 20565
20565 1264 15987
22712 4307 19736
19736 4307 22712
4307 19736 22712
39 12640 23911
12640 39 23911
23911 39 12640
8198 19038 29199
29199 8198 19038
19038 8198 29199
23513 3707 21105
21105 3707 23513
3707 21105 23513
19214 8326 16735
8326 16735 19214
16735 8326 19214
290 11775 25678
11775 290 25678
25678 290 11775
17398 3622 24364
3622 17398 24364
24364 3622 17398
26673 9936 20805
9936 20805 26673
20805 9936 26673
27497 8641 29807
29807 8641 27497
8641 27497 29807
26050 6602 7850
7850 6602 26050
6602 7850 26050
9843 17260 22884
22884 9843 17260
17260 9843 22884
24658 17013 28903
28903 17013 24658
17013 24658 28903
10261 5318 29361
29361 5318 10261
5318 10261 29361
4387 20939 22867
20939 4387 22867
22867 4387 20939
10737 21996 22724
22724 10737 21996
21996 10737 22724
22261 55 1738
55 1738 22261
1738 55 22261
9135 4474 5203
4474 5203 9135
5203 4474 9135
17912 2856 9037
2856 9037 17912
9037 2856 17912
27827 8856 10830
10830 8856 27827
8856 10830 27827
1992 17121 19861
17121 1992 19861
19861 1992 17121
21601 13208 24593
13208 21601 24593
24593 13208 21601
3634 10975 11505
10975 3634 11505
11505 3634 10975
21460 10981 24674
10981 21460 24674
24674 10981 21460
4413 14373 19312
14373 4413 19312
19312 4413 14373
26276 7047 16352
7047 16352 26276
16352 7047 26276
16791 7065 15785
7065 15785 16791
15785 7065 16791
2820 25266 29271
25266 2820 29271
29271 2820 25266
28262 9024 14778
14778 9024 28262
9024 14778 28262
22439 3399 14182
3399 14182 22439
14182 3399 22439
11428 850 24304
24304 850 11428
850 11428 24304
2782 6130 11946
6130 2782 11946
11946 2782 6130
9040 9520 13443
13443 9040 9520
9520 9040 13443
22276 9076 28083
28083 9076 22276
9076 22276 28083
1775 6171 19207
6171 1775 19207
19207 1775 6171
7606 15340 23947
15340 7606 23947
23947 7606 15340
6122 22902 22998
22998 6122 22902
22902 6122 22998
24933 8942 12542
8942 12542 24933
12542 8942 24933
29405 2946 9553
9553 2946 29405
2946 9553 29405
24848 12668 29536
12668 24848 29536
29536 12668 24848
25700 5812 14463
14463 5812 25700
5812 14463 25700
22670 1103 17853
1103 17853 22670
17853 1103 22670
29542 2690 21237
21237 2690 29542
2690 21237 29542
1186 15384 28024
15384 1186 28024
28024 1186 15384
17885 15480 17934
17934 15480 17885
15480 17885 17934
29372 19308 23473
19308 23473 29372
23473 19308 29372
26972 12171 20652
20652 12171 26972
12171 20652 26972
2951 978 7199
978 2951 7199
7199 978 2951
25671 10529 25140
25140 10529 25671
10529 25140 25671
23757 18712 22540
22540 18712 23757
18712 22540 23757
14420 14748 21938
14748 14420 21938
21938 14420 14748
6081 2127 5925
5925 2127 6081
2127 5925 6081
17339 2126 13597
13597 2126 17339
2126 13597 17339
26162 9066 19591
19591 9066 26162
9066 19591 26162
919 10368 23547
23547 919 10368
10368 919 23547
9637 3897 19863
3897 9637 19863
19863 3897 9637
17437 8795 12921
12921 8795 17437
8795 12921 17437
2847 3811 15266
3811 2847 15266
15266 2847 3811
21122 317 10525
10525 317 21122
317 10525 21122
9188 10091 22620
22620 9188 10091
10091 9188 22620
18515 8291 25597
8291 18515 25597
25597 8291 18515
7722 6846 7774
6846 7722 7774
7774 6846 7722
9764 2493 28614
28614 2493 9764
2493 9764 28614
1864 3798 12026
3798 1864 12026
12026 1864 3798
840 5413 18885
18885 840 5413
5413 840 18885
12360 17565 19242
19242 12360 17565
17565 12360 19242
5886 13995 14569
13995 5886 14569
14569 5886 13995
23974 8683 28266
28266 8683 23974
8683 23974 28266
26998 8877 21897
21897 8877 26998
8877 21897 26998
4887 12909 14139
14139 4887 12909
12909 4887 14139
18893 4969 21857
4969 18893 21857
21857 4969 18893
25426 19196 26485
26485 19196 25426
19196 25426 26485
20457 15563 17543
17543 15563 20457
15563 17543 20457
18538 14700 26732
26732 14700 18538
14700 18538 26732
22624 9358 24113
9358 22624 24113
24113 9358 22624
29470 21266 29551
21266 29470 29551
29551 21266 29470
2897 20407 21114
21114 2897 20407
20407 2897 21114
22886 14074 27316
14074 22886 27316
27316 14074 22886
29370 11906 17962
17962 11906 29370
11906 17962 29370
5552 13598 22943
22943 5552 13598
13598 5552 22943
26325 16262 19424
16262 19424 26325
19424 16262 26325
10206 7329 26681
7329 10206 26681
26681 7329 10206
17933 16768 27663
27663 16768 17933
16768 17933 27663
27721 11311 23235
23235 11311 27721
11311 23235 27721
26073 6017 21333
21333 6017 26073
6017 21333 26073
15171 10725 22257
10725 15171 22257
22257 10725 15171
54 2427 17680
17680 54 2427
2427 54 17680
12866 3978 6393
3978 6393 12866
6393 3978 12866
26839 8690 18327
18327 8690 26839
8690 18327 26839
503 3988 8741
3988 503 8741
8741 503 3988
11312 1003 1117
1003 1117 11312
1117 1003 11312
12751 11069 19945
11069 12751 19945
19945 11069 12751
5133 12437 23613
23613 5133 12437
12437 5133 23613
1457 9337 19280
19280 1457 9337
9337 1457 19280
11609 8321 23501
8321 11609 23501
23501 8321 11609
25591 18095 27045
27045 18095 25591
18095 25591 27045
24765 11543 12475
11543 12475 24765
12475 11543 24765
18834 10696 29867
29867 10696 18834
10696 18834 29867
27334 326 25316
25316 326 27334
326 25316 27334
27898 17982 26707
26707 17982 27898
17982 26707 27898
16737 2693 9209
2693 9209 16737
9209 2693 16737
13586 15524 23617
23617 13586 15524
15524 13586 23617
26604 12880 23550
12880 23550 26604
23550 12880 26604
7465 1200 28457
28457 1200 7465
1200 7465 28457
26539 11999 26720
11999 26539 26720
26720 11999 26539
29779 1843 16364
16364 1843 29779
1843 16364 29779
6161 1509 23649
1509 6161 23649
23649 1509 6161
23667 14072 24292
24292 14072 23667
14072 23667 24292
16902 6722 29550
6722 16902 29550
29550 6722 16902
28907 3637 9906
3637 9906 28907
9906 3637 28907
12238 742 10508
10508 742 12238
742 10508 12238
9058 3265 16841
3265 9058 16841
16841 3265 9058
27515 7018 22989
7018 22989 27515
22989 7018 27515
9047 8318 18597
18597 8318 9047
8318 9047 18597
28594 6628 25883
25883 6628 28594
6628 25883 28594
25421 12 22513
22513 12 25421
12 22513 25421
29856 9311 23166
23166 9311 29856
9311 23166 29856
23148 24022 27696
24022 23148 27696
27696 23148 24022
6254 6692 12441
6692 6254 12441
12441 6254 6692
1048 1056 27344
1056 1048 27344
27344 1048 1056
20420 3142 23154
23154 3142 20420
3142 20420 23154
4899 740 14820
14820 740 4899
740 4899 14820
22874 5771 28728
28728 5771 22874
5771 22874 28728
12199 19745 23581
23581 12199 19745
19745 12199 23581
8389 17878 27067
27067 8389 17878
17878 8389 27067
23770 1053 1155
1155 1053 23770
1053 1155 23770
12755 18808 23632
18808 12755 23632
23632 12755 18808
23424 1814 14407
14407 1814 23424
1814 14407 23424
7251 3402 14761
3402 7251 14761
14761 3402 7251
3004 23186 23762
23762 3004 23186
23186 3004 23762
22711 312 13673
312 13673 22711
13673 312 22711
12367 752 15710
752 12367 15710
15710 752 12367
5122 25486 27279
27279 5122 25486
25486 5122 27279
18577 14537 29814
14537 18577 29814
29814 14537 18577
13787 7020 17855
17855 7020 13787
7020 13787 17855
13236 19396 25601
25601 13236 19396
19396 13236 25601
23595 7356 27982
27982 7356 23595
7356 23595 27982
5262 5783 24445
24445 5262 5783
5783 5262 24445
15675 10935 20748
20748 10935 15675
10935 15675 20748
13336 3596 24398
3596 13336 24398
24398 3596 13336
21638 2210 20141
20141 2210 21638
2210 20141 21638
15967 3770 14066
3770 14066 15967
14066 3770 15967
24578 19612 24226
24226 19612 24578
19612 24226 24578
21699 6391 27105
27105 6391 21699
6391 21699 27105
10401 1219 6414
6414 1219 10401
1219 6414 10401
6885 3960 13764
13764 3960 6885
3960 6885 13764
7848 19843 25730
25730 7848 19843
19843 7848 25730
24835 496 10897
10897 496 24835
496 10897 24835
14411 15383 15929
15383 14411 15929
15929 14411 15383
22223 26089 28702
26089 22223 28702
28702 22223 26089
5454 14773 26054
14773 5454 26054
26054 5454 14773
27072 11498 22465
11498 22465 27072
22465 11498 27072
25229 14647 14860
14860 14647 25229
14647 14860 25229
17086 10319 11625
11625 10319 17086
10319 11625 17086
18949 13324 16818
13324 16818 18949
16818 13324 18949
13815 2087 14071
14071 2087 13815
2087 13815 14071
9634 92 9468
92 9468 9634
9468 92 9634
12633 1449 20603
20603 1449 12633
1449 12633 20603
4632 7033 8934
7033 4632 8934
8934 4632 7033
25873 18826 25433
18826 25433 25873
25433 18826 25873
25154 5283 11927
11927 5283 25154
5283 11927 25154
29742 4095 26851
26851 4095 29742
4095 26851 29742
20305 1524 25391
1524 20305 25391
25391 1524 20305
18329 11033 11164
11033 11164 18329
11164 11033 18329
11161 9235 16779
16779 9235 11161
9235 11161 16779
21591 14018 27024
14018 21591 27024
27024 14018 21591
7404 11277 26445
26445 7404 11277
11277 7404 26445
14594 10794 16296
16296 10794 14594
10794 14594 16296
22533 2780 14894
14894 2780 22533
2780 14894 22533
13575 22628 27986
27986 13575 22628
22628 13575 27986
27874 1580 12945
1580 12945 27874
12945 1580 27874
27390 15209 26969
26969 15209 27390
15209 26969 27390
13184 983 29808
983 13184 29808
29808 983 13184
28598 7207 17501
7207 17501 28598
17501 7207 28598
17980 230 15142
15142 230 17980
230 15142 17980
14140 686 14811
14811 686 14140
686 14140 14811
7720 8049 19728
19728 7720 8049
8049 7720 19728
5152 4148 16993
16993 4148 5152
4148 5152 16993
25484 24120 29071
29071 24120 25484
24120 25484 29071
29204 21182 29911
21182 29204 29911
29911 21182 29204
26709 18369 19563
18369 19563 26709
19563 18369 26709
15004 12155 26557
26557 12155 15004
12155 15004 26557
1925 9275 22844
9275 1925 22844
22844 1925 9275
18931 1950 20522
20522 1950 18931
1950 18931 20522
25945 22921 27011
27011 22921 25945
22921 25945 27011
11830 11128 25394
25394 11128 11830
11128 11830 25394
23015 12348 25199
25199 12348 23015
12348 23015 25199
23023 25028 27455
27455 23023 25028
25028 23023 27455
10586 7867 19702
19702 7867 10586
7867 10586 19702
12096 1793 21911
21911 1793 12096
1793 12096 21911
27573 9551 18711
9551 18711 27573
18711 9551 27573
4199 21507 29932
21507 4199 29932
29932 4199 21507
15089 1663 8770
8770 1663 15089
1663 8770 15089
24191 19598 24303
24303 19598 24191
19598 24191 24303
21226 5803 9053
9053 5803 21226
5803 9053 21226
12145 20667 23292
23292 12145 20667
20667 12145 23292
26545 18876 23162
23162 18876 26545
18876 23162 26545
24821 15968 20411
20411 15968 24821
15968 20411 24821
25713 9734 17047
9734 17047 25713
17047 9734 25713
13495 57 19449
57 13495 19449
19449 57 13495
2560 4439 29894
4439 2560 29894
29894 2560 4439
7024 8153 26871
26871 7024 8153
8153 7024 26871
573 28229 28987
28987 573 28229
28229 573 28987
6610 3939 26571
26571 3939 6610
3939 6610 26571
13650 10230 29201
29201 10230 13650
10230 13650 29201
20662 13104 25808
13104 20662 25808
25808 13104 20662
2333 8548 27084
8548 2333 27084
27084 2333 8548
17168 10075 20083
10075 17168 20083
20083 10075 17168
24028 24131 25615
25615 24028 24131
24131 24028 25615
28072 10502 24237
24237 10502 28072
10502 24237 28072
20515 10838 26237
10838 20515 26237
26237 10838 20515
15765 3656 25332
3656 15765 25332
25332 3656 15765
29747 2605 22584
2605 22584 29747
22584 2605 29747
6834 10733 25858
25858 6834 10733
10733 6834 25858
20754 14433 21370
21370 14433 20754
14433 20754 21370
4444 19008 23155
19008 4444 23155
23155 4444 19008
11236 17483 21279
21279 11236 17483
17483 11236 21279
5859 4354 29673
29673 4354 5859
4354 5859 29673
12104 9290 12947
12947 9290 12104
9290 12104 12947
15601 24532 26512
24532 15601 26512
26512 15601 24532
7110 16567 19561
19561 7110 16567
16567 7110 19561
2492 17202 24987
24987 2492 17202
17202 2492 24987
13852 13339 13801
13801 13339 13852
13339 13801 13852
17860 11881 14269
14269 11881 17860
11881 14269 17860
5058 13425 14744
14744 5058 13425
13425 5058 14744
630 9713 20286
9713 630 20286
20286 630 9713
3609 13366 28160
28160 3609 13366
13366 3609 28160
12545 2040 7087
2040 7087 12545
7087 2040 12545
23831 4564 25375
4564 23831 25375
25375 4564 23831
17403 80 22751
22751 80 17403
80 17403 22751
20909 5733 22459
5733 20909 22459
22459 5733 20909
401 11678 18419
18419 401 11678
11678 401 18419
25572 25991 27566
27566 25572 25991
25991 25572 27566
11864 5575 17161
5575 11864 17161
17161 5575 11864
20040 18635 24274
18635 20040 24274
24274 18635 20040
25749 3466 6318
6318 3466 25749
3466 6318 25749
23239 2413 21450
2413 21450 23239
21450 2413 23239
15956 15671 26170
15671 15956 26170
26170 15671 15956
7154 2067 24046
24046 2067 7154
2067 7154 24046
21754 5946 10386
10386 5946 21754
5946 10386 21754
14228 6719 19993
19993 6719 14228
6719 14228 19993
27800 14498 27155
14498 27155 27800
27155 14498 27800
26513 12788 22182
12788 22182 26513
22182 12788 26513
14698 20627 22001
22001 14698 20627
20627 14698 22001
29492 5109 15598
5109 15598 29492
15598 5109 29492
24210 16178 29446
16178 24210 29446
29446 16178 24210
23226 15363 26842
26842 15363 23226
15363 23226 26842
26124 1627 8348
1627 8348 26124
8348 1627 26124
4543 8258 18708
18708 4543 8258
8258 4543 18708
12619 2722 26280
26280 2722 12619
2722 12619 26280
12818 25436 26423
26423 12818 25436
25436 12818 26423
20911 6849 20098
6849 20098 20911
20098 6849 20911
29087 976 4063
4063 976 29087
976 4063 29087
5252 2092 16891
16891 2092 5252
2092 5252 16891
1286 3623 4211
4211 1286 3623
3623 1286 4211
18428 18731 24207
18731 18428 24207
24207 18428 18731
6730 1623 7826
7826 1623 6730
1623 6730 7826
6121 3216 8716
3216 6121 8716
8716 3216 6121
25444 9505 16380
9505 16380 25444
16380 9505 25444
15898 3233 29863
3233 15898 29863
29863 3233 15898
11727 2557 20724
2557 11727 20724
20724 2557 11727
25257 8780 12836
8780 12836 25257
12836 8780 25257
21694 5048 21002
21002 5048 21694
5048 21002 21694
26883 25 8753
25 8753 26883
8753 25 26883
22168 14123 21984
14123 21984 22168
21984 14123 22168
14455 9732 10349
9732 10349 14455
10349 9732 14455
692 6960 26560
6960 692 26560
26560 692 6960
3086 16221 18642
16221 3086 18642
18642 3086 16221
24348 4960 23689
23689 4960 24348
4960 23689 24348
22328 13533 19788
19788 13533 22328
13533 19788 22328
19775 10292 28934
10292 19775 28934
28934 10292 19775
5657 1291 8798
1291 5657 8798
8798 1291 5657
536 105 24930
105 536 24930
24930 105 536
25040 17382 19467
19467 17382 25040
17382 19467 25040
1866 13545 13551
13545 1866 13551
13551 1866 13545
24807 9300 21347
9300 21347 24807
21347 9300 24807
2727 7459 28621
7459 2727 28621
28621 2727 7459
6052 16519 29988
16519 6052 29988
29988 6052 16519
29896 12892 23136
12892 23136 29896
23136 12892 29896
28240 14110 29304
29304 14110 28240
14110 28240 29304
17117 1783 15884
15884 1783 17117
1783 15884 17117
7219 11810 23013
23013 7219 11810
11810 7219 23013
9575 26619 29283
29283 9575 26619
26619 9575 29283
3587 5115 9023
9023 3587 5115
5115 3587 9023
29982 13923 21901
21901 13923 29982
13923 21901 29982
3012 17 26185
17 3012 26185
26185 17 3012
13824 8461 23590
8461 13824 23590
23590 8461 13824
14934 6300 19402
6300 14934 19402
19402 6300 14934
24654 4702 9502
9502 4702 24654
4702 9502 24654
23825 1040 10934
1040 10934 23825
10934 1040 23825
11349 20424 25366
20424 11349 25366
25366 11349 20424
12601 3308 26836
3308 12601 26836
26836 3308 12601
9232 10743 23840
23840 9232 10743
10743 9232 23840
6434 1630 6956
1630 6434 6956
6956 1630 6434
25669 20290 21078
21078 20290 25669
20290 21078 25669
21401 8663 9560
8663 9560 21401
9560 8663 21401
22688 10732 14094
10732 14094 22688
14094 10732 22688
15683 778 5617
778 5617 15683
5617 778 15683
7799 831 9599
831 7799 9599
9599 831 7799
1922 2079 4780
4780 1922 2079
2079 1922 4780
27844 12827 26098
26098 12827 27844
12827 26098 27844
23500 12776 18214
18214 12776 23500
12776 18214 23500
3917 8768 19299
19299 3917 8768
8768 3917 19299
4830 1965 19838
19838 1965 4830
1965 4830 19838
21643 19886 21178
21178 19886 21643
19886 21178 21643
205 5866 24542
5866 205 24542
24542 205 5866
23763 10272 21340
10272 21340 23763
21340 10272 23763
28328 20118 21380
20118 21380 28328
21380 20118 28328
24422 10550 20639
10550 20639 24422
20639 10550 24422
27195 6680 22559
22559 6680 27195
6680 22559 27195
29737 7068 29923
7068 29737 29923
29923 7068 29737
11324 7611 18912
7611 11324 18912
18912 7611 11324
29450 790 9103
9103 790 29450
790 9103 29450
28051 2104 18126
18126 2104 28051
2104 18126 28051
29666 22816 24371
22816 24371 29666
24371 22816 29666
24234 14671 28865
14671 24234 28865
28865 14671 24234
9123 4219 10639
4219 9123 10639
10639 4219 9123
8512 2763 16825
2763 8512 16825
16825 2763 8512
2245 18237 22709
18237 2245 22709
22709 2245 18237
22834 24381 29386
24381 22834 29386
29386 22834 24381
5772 20698 21107
20698 5772 21107
21107 5772 20698
27255 7057 13459
13459 7057 27255
7057 13459 27255
3510 15075 29974
29974 3510 15075
15075 3510 29974
6819 10582 24904
24904 6819 10582
10582 6819 24904
7915 14350 24826
24826 7915 14350
14350 7915 24826
5060 5086 19461
5086 5060 19461
19461 5060 5086
29062 3257 20288
20288 3257 29062
3257 20288 29062
29205 19217 29092
19217 29092 29205
29092 19217 29205
18684 3262 9398
3262 9398 18684
9398 3262 18684
26184 3016 8082
8082 3016 26184
3016 8082 26184
27979 11823 19565
19565 11823 27979
11823 19565 27979
2121 18177 18644
18177 2121 18644
18644 2121 18177
20710 7972 17542
17542 7972 20710
7972 17542 20710
1180 11005 24293
11005 1180 24293
24293 1180 11005
19676 2415 28974
2415 19676 28974
28974 2415 19676
6269 9594 14446
9594 6269 14446
14446 6269 9594
14119 15721 26641
26641 14119 15721
15721 14119 26641
21469 7452 15468
7452 15468 21469
15468 7452 21469
6586 2348 3179
3179 2348 6586
2348 3179 6586
23111 1421 7796
7796 1421 23111
1421 7796 23111
22312 9935 11314
9935 11314 22312
11314 9935 22312
14324 172 645
645 172 14324
172 645 14324
9143 2657 2881
2657 2881 9143
2881 2657 9143
22462 862 3029
3029 862 22462
862 3029 22462
10554 19369 29141
19369 10554 29141
29141 10554 19369
7480 6398 20230
6398 7480 20230
20230 6398 7480
12705 11958 14186
11958 12705 14186
14186 11958 12705
24097 16280 26132
26132 16280 24097
16280 24097 26132
27927 15834 20365
15834 20365 27927
20365 15834 27927
19989 17082 17579
17579 17082 19989
17082 17579 19989
17094 3269 11422
3269 11422 17094
11422 3269 17094
19602 2230 17832
17832 2230 19602
2230 17832 19602
25066 6082 25058
25058 6082 25066
6082 25058 25066
15280 11855 27888
11855 15280 27888
27888 11855 15280
10051 13876 18064
18064 10051 13876
13876 10051 18064
28979 16557 25627
25627 16557 28979
16557 25627 28979
28540 6786 22468
22468 6786 28540
6786 22468 28540
7429 4582 11756
11756 4582 7429
4582 7429 11756
5607 6309 18053
18053 5607 6309
6309 5607 18053
16356 11718 17659
11718 16356 17659
17659 11718 16356
14244 23124 23400
23400 14244 23124
23124 14244 23400
21483 17978 18229
18229 17978 21483
17978 18229 21483
12279 11198 23466
11198 12279 23466
23466 11198 12279
8076 19005 28176
28176 8076 19005
19005 8076 28176
24960 16091 22693
16091 22693 24960
22693 16091 24960
13702 2120 2504
2120 2504 13702
2504 2120 13702
27101 12966 19045
12966 19045 27101
19045 12966 27101
18232 1891 7014
1891 7014 18232
7014 1891 18232
12988 6083 8702
6083 8702 12988
8702 6083 12988
23614 18550 25175
25175 18550 23614
18550 23614 25175
6132 24481 28167
28167 6132 24481
24481 6132 28167
28093 715 6423
6423 715 28093
715 6423 28093
2257 17443 17744
17443 2257 17744
17744 2257 17443
6780 4375 6485
6485 4375 6780
4375 6485 6780
22847 18524 21506
18524 21506 22847
21506 18524 22847
13538 3592 18486
3592 13538 18486
18486 3592 13538
3432 508 2808
2808 508 3432
508 2808 3432
23150 23228 23371
23228 23150 23371
23371 23150 23228
22076 10573 26395
26395 10573 22076
10573 22076 26395
23749 3245 6506
6506 3245 23749
3245 6506 23749
7064 2930 16437
2930 7064 16437
16437 2930 7064
1895 4116 9344
9344 1895 4116
4116 1895 9344
26158 7773 17039
7773 17039 26158
17039 7773 26158
24270 9790 25537
25537 9790 24270
9790 24270 25537
15674 399 21820
399 15674 21820
21820 399 15674
2738 1812 29166
29166 1812 2738
1812 2738 29166
25061 7669 27323
7669 25061 27323
27323 7669 25061
3743 2228 18223
18223 2228 3743
2228 3743 18223
2609 11507 20318
11507 2609 20318
20318 2609 11507
16171 5644 8445
5644 8445 16171
8445 5644 16171
20068 3151 3705
3705 3151 20068
3151 3705 20068
3495 5216 22343
5216 3495 22343
22343 3495 5216
25963 20354 25800
25800 20354 25963
20354 25800 25963
6062 927 11074
11074 927 6062
927 6062 11074
3080 5287 6503
6503 3080 5287
5287 3080 6503
27719 10909 24917
24917 10909 27719
10909 24917 27719
8391 16476 29733
29733 8391 16476
16476 8391 29733
28585 1766 15084
1766 15084 28585
15084 1766 28585
27422 11460 21584
21584 11460 27422
11460 21584 27422
10887 11299 22061
11299 10887 22061
22061 10887 11299
21625 5790 24464
24464 5790 21625
5790 21625 24464
29018 10801 26915
10801 26915 29018
26915 10801 29018
15361 13761 28106
28106 13761 15361
13761 15361 28106
27307 22605 27610
22605 27307 27610
27610 22605 27307
17450 6150 15647
15647 6150 17450
6150 15647 17450
827 10666 29593
10666 827 29593
29593 827 10666
13872 5425 25565
5425 13872 25565
25565 5425 13872
5362 8248 17432
17432 5362 8248
8248 5362 17432
16428 6729 18472
6729 16428 18472
18472 6729 16428
12249 8178 23732
23732 8178 12249
8178 12249 23732
9945 16014 24484
24484 9945 16014
16014 9945 24484
25997 8269 9618
8269 9618 25997
9618 8269 25997
17251 18900 23406
18900 17251 23406
23406 17251 18900
23040 2894 8764
2894 8764 23040
8764 2894 23040
11080 13840 28616
13840 11080 28616
28616 11080 13840
24333 14977 24967
24967 14977 24333
14977 24333 24967
28134 361 25099
361 25099 28134
25099 361 28134
24087 21 27430
27430 21 24087
21 24087 27430
17887 499 18120
18120 499 17887
499 17887 18120
23627 25044 26097
26097 23627 25044
25044 23627 26097
27535 17553 21332
17553 21332 27535
21332 17553 27535
11828 14847 19180
19180 11828 14847
14847 11828 19180
23971 3502 24326
3502 23971 24326
24326 3502 23971
17695 409 26494
409 17695 26494
26494 409 17695
10110 4035 10216
10216 4035 10110
4035 10110 10216
455 17750 25224
25224 455 17750
17750 455 25224
25918 18312 26263
26263 18312 25918
18312 25918 26263
4795 15418 24769
24769 4795 15418
15418 4795 24769
7044 21173 23508
21173 7044 23508
23508 7044 21173
1565 3767 12266
12266 1565 3767
3767 1565 12266
20198 11251 26575
26575 11251 20198
11251 20198 26575
1399 5266 12451
12451 1399 5266
5266 1399 12451
9718 8509 19568
19568 8509 9718
8509 9718 19568
14578 3023 14877
3023 14578 14877
14877 3023 14578
21181 4123 9707
9707 4123 21181
4123 9707 21181
12731 10064 20350
10064 12731 20350
20350 10064 12731
23623 5666 16728
16728 5666 23623
5666 16728 23623
18590 654 16341
16341 654 18590
654 16341 18590
14263 6726 21135
6726 14263 21135
21135 6726 14263
22832 3987 20609
20609 3987 22832
3987 20609 22832
3957 3422 23271
3422 3957 23271
23271 3422 3957
818 11691 26338
26338 818 11691
11691 818 26338
4842 880 1706
880 1706 4842
1706 880 4842
5780 12852 17709
12852 5780 17709
17709 5780 12852
15257 11087 26019
26019 11087 15257
11087 15257 26019
27088 6098 10670
6098 10670 27088
10670 6098 27088
14217 1360 6277
1360 6277 14217
6277 1360 14217
352 5092 21374
5092 352 21374
21374 352 5092
15096 2581 22382
22382 2581 15096
2581 15096 22382
19455 10527 13706
13706 10527 19455
10527 13706 19455
16615 13076 17618
13076 16615 17618
17618 13076 16615
18611 12572 21762
21762 12572 18611
12572 18611 21762
8824 24506 25571
25571 8824 24506
24506 8824 25571
12379 586 2586
586 2586 12379
2586 586 12379
3082 5063 16535
16535 3082 5063
5063 3082 16535
22528 6367 16731
6367 16731 22528
16731 6367 22528
27113 3175 25608
3175 25608 27113
25608 3175 27113
18285 894 23949
23949 894 18285
894 18285 23949
27049 8320 29073
8320 27049 29073
29073 8320 27049
23133 1537 3085
1537 3085 23133
3085 1537 23133
13593 9012 11647
9012 11647 13593
11647 9012 13593
17317 2050 26544
26544 2050 17317
2050 17317 26544
2593 10959 15241
15241 2593 10959
10959 2593 15241
17368 3514 16143
16143 3514 17368
3514 16143 17368
5570 10758 27085
10758 5570 27085
27085 5570 10758
15260 3280 15821
15821 3280 15260
3280 15260 15821
5833 3605 22428
22428 3605 5833
3605 5833 22428
12857 2867 8583
2867 8583 12857
8583 2867 12857
9612 6985 17741
6985 9612 17741
17741 6985 9612
15802 4012 9267
9267 4012 15802
4012 9267 15802
17821 7889 26029
26029 7889 17821
7889 17821 26029
22571 6640 29158
6640 22571 29158
29158 6640 22571
14376 5764 15432
5764 14376 15432
15432 5764 14376
4448 17362 26854
17362 4448 26854
26854 4448 17362
390 28090 29703
29703 390 28090
28090 390 29703
29917 5477 27965
27965 5477 29917
5477 27965 29917
29000 2692 24986
2692 24986 29000
24986 2692 29000
1392 1468 15325
15325 1392 1468
1468 1392 15325
9118 1888 26846
1888 9118 26846
26846 1888 9118
13933 11750 23866
11750 13933 23866
23866 11750 13933
19434 23350 25052
23350 19434 25052
25052 19434 23350
26246 16304 23561
16304 23561 26246
23561 16304 26246
21403 1960 19517
1960 19517 21403
19517 1960 21403
3948 1654 12187
1654 3948 12187
12187 1654 3948
5488 13517 17298
13517 5488 17298
17298 5488 13517
16954 10134 24768
10134 16954 24768
24768 10134 16954
22567 3095 5792
3095 5792 22567
5792 3095 22567
8629 19577 28360
28360 8629 19577
19577 8629 28360
28679 3214 10034
10034 3214 28679
3214 10034 28679
21211 13996 28155
13996 21211 28155
28155 13996 21211
20961 22873 28747
28747 20961 22873
22873 20961 28747
6188 6016 16019
16019 6016 6188
6016 6188 16019
17719 11306 15188
15188 11306 17719
11306 15188 17719
9746 10716 25409
10716 9746 25409
25409 9746 10716
327 5361 25893
5361 327 25893
25893 327 5361
29143 6293 27097
6293 27097 29143
27097 6293 29143
10170 1258 13945
13945 1258 10170
1258 10170 13945
13971 8367 15934
15934 8367 13971
8367 13971 15934
26880 6988 9659
9659 6988 26880
6988 9659 26880
13151 3368 26367
3368 13151 26367
26367 3368 13151
7486 9657 11492
9657 7486 11492
11492 7486 9657
19128 6833 17021
17021 6833 19128
6833 17021 19128
18837 6764 9456
6764 9456 18837
9456 6764 18837
21314 994 29121
994 21314 29121
29121 994 21314
3109 5257 12919
12919 3109 5257
5257 3109 12919
15045 13382 24449
13382 15045 24449
24449 13382 15045
8892 16807 20560
16807 8892 20560
20560 8892 16807
25897 10061 22023
10061 22023 25897
22023 10061 25897
20110 498 6203
6203 498 20110
498 6203 20110
24898 9971 24937
24937 9971 24898
9971 24898 24937
14612 11622 17152
11622 14612 17152
17152 11622 14612
27074 13584 15540
15540 13584 27074
13584 15540 27074
8681 9899 22802
9899 8681 22802
22802 8681 9899
27505 25401 26078
26078 25401 27505
25401 26078 27505
7258 12427 16579
12427 7258 16579
16579 7258 12427
12646 27120 28371
28371 12646 27120
27120 12646 28371
10709 6487 9330
6487 9330 10709
9330 6487 10709
20799 18548 24493
18548 20799 24493
24493 18548 20799
26038 12462 24280
12462 24280 26038
24280 12462 26038
9706 17131 29716
29716 9706 17131
17131 9706 29716
20031 5007 28892
28892 5007 20031
5007 20031 28892
24005 18526 21029
21029 18526 24005
18526 21029 24005
6058 3369 24737
3369 6058 24737
24737 3369 6058
25017 3054 15430
15430 3054 25017
3054 15430 25017
4317 14261 21067
14261 4317 21067
21067 4317 14261
7538 11347 29100
11347 7538 29100
29100 7538 11347
11914 1249 16101
16101 1249 11914
1249 11914 16101
6090 11979 24581
11979 6090 24581
24581 6090 11979
3424 16486 17596
17596 3424 16486
16486 3424 17596
20989 2356 2495
2356 2495 20989
2495 2356 20989
28490 156 26530
156 26530 28490
26530 156 28490
7676 3148 17966
17966 3148 7676
3148 7676 17966
2461 26516 28196
26516 2461 28196
28196 2461 26516
19114 564 12353
564 12353 19114
12353 564 19114
21262 27378 29958
27378 21262 29958
29958 21262 27378
3498 20699 26459
26459 3498 20699
20699 3498 26459
7667 4032 21375
21375 4032 7667
4032 7667 21375
8907 24533 29513
24533 8907 29513
29513 8907 24533
12621 19924 25715
25715 12621 19924
19924 12621 25715
16205 1769 10821
1769 10821 16205
10821 1769 16205
7022 19446 28122
19446 7022 28122
28122 7022 19446
1837 220 15258
220 1837 15258
15258 220 1837
13227 12670 18706
12670 13227 18706
18706 12670 13227
21642 14147 26779
14147 21642 26779
26779 14147 21642
9604 5876 23737
5876 9604 23737
23737 5876 9604
4332 24734 28279
28279 4332 24734
24734 4332 28279
11067 9478 21847
9478 11067 21847
21847 9478 11067
23386 771 10773
771 10773 23386
10773 771 23386
21323 10231 26804
26804 10231 21323
10231 21323 26804
21468 9215 24538
9215 21468 24538
24538 9215 21468
10093 12917 16683
12917 10093 16683
16683 10093 12917
11636 5559 19872
19872 5559 11636
5559 11636 19872
7806 8383 11857
11857 7806 8383
8383 7806 11857
3471 9921 15527
9921 3471 15527
15527 3471 9921
16909 8124 19875
8124 16909 19875
19875 8124 16909
24575 10764 29622
10764 24575 29622
29622 10764 24575
28497 16399 19689
19689 16399 28497
16399 19689 28497
5341 13331 24257
24257 5341 13331
13331 5341 24257
14557 10068 25732
10068 14557 25732
25732 10068 14557
28572 21741 24335
24335 21741 28572
21741 24335 28572
10498 17065 21090
21090 10498 17065
17065 10498 21090
18716 8290 26453
26453 8290 18716
8290 18716 26453
1577 9831 21709
9831 1577 21709
21709 1577 9831
5321 17080 17594
17080 5321 17594
17594 5321 17080
2985 6331 7006
7006 2985 6331
6331 2985 7006
5522 2328 8554
2328 5522 8554
8554 2328 5522
26953 6279 15637
6279 15637 26953
15637 6279 26953
20104 5010 6198
5010 6198 20104
6198 5010 20104
17872 1610 19107
19107 1610 17872
1610 17872 19107
24941 22217 27038
27038 22217 24941
22217 24941 27038
20568 21073 24913
24913 20568 21073
21073 20568 24913
10163 19985 28596
28596 10163 19985
19985 10163 28596
22319 10766 24359
10766 22319 24359
24359 10766 22319
25603 20333 27926
27926 20333 25603
20333 25603 27926
17199 14108 14315
14108 14315 17199
14315 14108 17199
14356 9140 19750
9140 14356 19750
19750 9140 14356
14812 13487 24970
13487 14812 24970
24970 13487 14812
26623 2893 21947
2893 21947 26623
21947 2893 26623
980 7283 24030
24030 980 7283
7283 980 24030
22122 7123 8546
7123 8546 22122
8546 7123 22122
10505 15925 24437
15925 10505 24437
24437 10505 15925
8188 8421 9913
9913 8188 8421
8421 8188 9913
1281 3116 27551
27551 1281 3116
3116 1281 27551
26154 8386 23416
8386 23416 26154
23416 8386 26154
4197 6705 29109
6705 4197 29109
29109 4197 6705
20969 27818 29663
29663 20969 27818
27818 20969 29663
14653 8859 20905
20905 8859 14653
8859 14653 20905
5548 6325 13507
13507 5548 6325
6325 5548 13507
25816 20952 26920
26920 20952 25816
20952 25816 26920
17740 7214 16082
16082 7214 17740
7214 16082 17740
28302 17430 27319
17430 27319 28302
27319 17430 28302
2644 11007 16090
11007 2644 16090
16090 2644 11007
2679 1019 17218
17218 1019 2679
1019 2679 17218
13983 10516 10654
10516 10654 13983
10654 10516 13983
5036 16275 21366
21366 5036 16275
16275 5036 21366
25318 24 28706
24 25318 28706
28706 24 25318
26483 757 1909
757 1909 26483
1909 757 26483
28425 1532 6115
1532 6115 28425
6115 1532 28425
1081 22320 27889
27889 1081 22320
22320 1081 27889
17255 3649 15339
3649 15339 17255
15339 3649 17255
3227 10819 25856
10819 3227 25856
25856 3227 10819
3347 73 7165
73 3347 7165
7165 73 3347
26143 14909 15591
15591 14909 26143
14909 15591 26143
9178 1629 21736
1629 9178 21736
21736 1629 9178
5669 12756 15354
15354 5669 12756
12756 5669 15354
19097 657 11137
657 11137 19097
11137 657 19097
12875 15608 19194
19194 12875 15608
15608 12875 19194
19703 20252 28912
28912 19703 20252
20252 19703 28912
26576 8504 28550
8504 26576 28550
28550 8504 26576
1465 8803 22535
22535 1465 8803
8803 1465 22535
6510 10417 14092
14092 6510 10417
10417 6510 14092
8815 743 29011
743 8815 29011
29011 743 8815
20519 16617 26991
26991 16617 20519
16617 20519 26991
29526 1953 22392
1953 22392 29526
22392 1953 29526
22007 17016 24841
24841 17016 22007
17016 22007 24841
5198 2539 9991
9991 2539 5198
2539 5198 9991
18077 17142 19522
17142 18077 19522
19522 17142 18077
18977 5630 22361
5630 18977 22361
22361 5630 18977
29171 8998 24951
24951 8998 29171
8998 24951 29171
4999 6958 29027
6958 4999 29027
29027 4999 6958
12622 2221 19254
2221 12622 19254
19254 2221 12622
5535 1746 22479
22479 1746 5535
1746 5535 22479
10205 5345 7369
5345 7369 10205
7369 5345 10205
4241 7278 26651
7278 4241 26651
26651 4241 7278
12907 6160 29866
6160 12907 29866
29866 6160 12907
24903 3456 6709
6709 3456 24903
3456 6709 24903
24959 6139 12126
6139 12126 24959
12126 6139 24959
27836 21109 23099
23099 21109 27836
21109 23099 27836
7738 10920 29498
29498 7738 10920
10920 7738 29498
12889 1341 8332
1341 8332 12889
8332 1341 12889
10306 655 28098
28098 655 10306
655 10306 28098
13655 12202 26552
12202 13655 26552
26552 12202 13655
5067 6271 17880
17880 5067 6271
6271 5067 17880
28537 2918 24394
2918 24394 28537
24394 2918 28537
