3412 11962 16966
16966 3412 11962
11962 3412 16966
29605 4269 11978
11978 4269 29605
4269 11978 29605
9718 41 1391
41 1391 9718
1391 41 9718
29151 8151 26000
8151 26000 29151
26000 8151 29151
16232 6979 16862
16862 6979 16232
6979 16232 16862
17817 10219 18117
18117 10219 17817
10219 17817 18117
2009 3927 10562
3927 2009 10562
10562 2009 3927
10785 11276 26915
26915 10785 11276
11276 10785 26915
20619 17048 25108
17048 20619 25108
25108 17048 20619
27171 8099 15201
15201 8099 27171
8099 15201 27171
23499 14835 21291
14835 21291 23499
21291 14835 23499
1708 8385 25209
25209 1708 8385
8385 1708 25209
1875 11241 28956
11241 1875 28956
28956 1875 11241
10735 2337 4876
2337 4876 10735
4876 2337 10735
90 19607 29371
19607 90 29371
29371 90 19607
6363 9240 23112
23112 6363 9240
9240 6363 23112
9925 9931 21550
9931 9925 21550
21550 9925 9931
2360 8947 19249
19249 2360 8947
8947 2360 19249
1912 19663 21918
19663 1912 21918
21918 1912 19663
28643 14917 16869
16869 14917 28643
14917 16869 28643
6230 12152 24054
12152 6230 24054
24054 6230 12152
27193 7069 29260
29260 7069 27193
7069 27193 29260
7027 19511 24287
19511 7027 24287
24287 7027 19511
18213 6953 29318
29318 6953 18213
6953 18213 29318
20543 3368 5739
3368 5739 20543
5739 3368 20543
14966 8239 11311
11311 8239 14966
8239 11311 14966
6706 26047 27833
27833 6706 26047
26047 6706 27833
25219 6611 26967
26967 6611 25219
6611 25219 26967
14643 2447 9802
9802 2447 14643
2447 9802 14643
5728 20940 25367
20940 5728 25367
25367 5728 20940
6457 13578 16522
13578 6457 16522
16522 6457 13578
14429 9269 16920
9269 14429 16920
16920 9269 14429
28242 1524 20726
20726 1524 28242
1524 20726 28242
18678 23680 29555
29555 18678 23680
23680 18678 29555
25854 13394 19349
13394 19349 25854
19349 13394 25854
18850 15783 23944
23944 15783 18850
15783 18850 23944
894 6678 22772
6678 894 22772
22772 894 6678
7702 14121 18902
18902 7702 14121
14121 7702 18902
1953 12277 19147
12277 1953 19147
19147 1953 12277
16665 11027 27412
27412 11027 16665
11027 16665 27412
7007 19510 19809
19809 7007 19510
19510 7007 19809
7073 16007 24070
24070 7073 16007
16007 7073 24070
22972 8346 24929
24929 8346 22972
8346 22972 24929
12229 7386 24659
7386 12229 24659
24659 7386 12229
20984 4241 24113
4241 20984 24113
24113 4241 20984
18781 24013 29273
24013 18781 29273
29273 18781 24013
22422 14980 29485
14980 22422 29485
29485 14980 22422
9120 15777 18149
18149 9120 15777
15777 9120 18149
18350 5267 18005
18005 5267 18350
5267 18005 18350
12115 8676 15546
15546 8676 12115
8676 12115 15546
13069 15465 28391
15465 13069 28391
28391 13069 15465
1974 13404 29419
13404 1974 29419
29419 1974 13404
26458 6916 19911
19911 6916 26458
6916 19911 26458
5951 4001 7549
7549 4001 5951
4001 5951 7549
29075 10834 27798
10834 27798 29075
27798 10834 29075
14924 19156 19831
19831 14924 19156
19156 14924 19831
12594 13278 17833
17833 12594 13278
13278 12594 17833
19160 13502 20054
13502 19160 20054
20054 13502 19160
20550 11759 16628
16628 11759 20550
11759 16628 20550
6269 3248 6076
6076 3248 6269
3248 6076 6269
9087 1620 5758
5758 1620 9087
1620 5758 9087
6874 22866 25266
22866 6874 25266
25266 6874 22866
19730 3247 17606
3247 17606 19730
17606 3247 19730
26018 728 6531
728 6531 26018
6531 728 26018
19206 931 13752
13752 931 19206
931 13752 19206
14821 4860 12386
12386 4860 14821
4860 12386 14821
1737 17757 18433
17757 1737 18433
18433 1737 17757
29 6554 11061
6554 29 11061
11061 29 6554
28817 10137 29869
10137 28817 29869
29869 10137 28817
12591 9652 16989
9652 12591 16989
16989 9652 12591
20409 21035 26977
21035 20409 26977
26977 20409 21035
14035 16184 26828
26828 14035 16184
16184 14035 26828
18915 3561 7505
7505 3561 18915
3561 7505 18915
5300 6595 26317
26317 5300 6595
6595 5300 26317
19061 14768 19216
19216 14768 19061
14768 19061 19216
14591 5556 26127
26127 5556 14591
5556 14591 26127
998 19258 26414
19258 998 26414
26414 998 19258
3751 828 27965
27965 828 3751
828 3751 27965
17347 10079 29124
10079 17347 29124
29124 10079 17347
1950 151 3842
3842 151 1950
151 1950 3842
12959 8935 23100
8935 12959 23100
23100 8935 12959
21877 22854 23478
23478 21877 22854
22854 21877 23478
16997 10446 22037
22037 10446 16997
10446 16997 22037
12681 4902 23194
4902 12681 23194
23194 4902 12681
23271 13179 25020
25020 13179 23271
13179 23271 25020
13496 2543 12122
2543 12122 13496
12122 2543 13496
27129 1423 2782
2782 1423 27129
1423 2782 27129
22470 6131 11716
6131 11716 22470
11716 6131 22470
17270 2216 16536
2216 16536 17270
16536 2216 17270
6493 1323 26889
1323 6493 26889
26889 1323 6493
23412 18691 21368
18691 21368 23412
21368 18691 23412
26028 4357 8004
8004 4357 26028
4357 8004 26028
9693 27486 29770
29770 9693 27486
27486 9693 29770
15110 126 2969
126 2969 15110
2969 126 15110
12651 22631 27790
22631 12651 27790
27790 12651 22631
27281 19901 21879
21879 19901 27281
19901 21879 27281
18122 4476 6057
4476 6057 18122
6057 4476 18122
16718 8837 21628
8837 16718 21628
21628 8837 16718
22729 5689 19660
19660 5689 22729
5689 19660 22729
25708 2598 8661
8661 2598 25708
2598 8661 25708
7815 14520 23393
14520 7815 23393
23393 7815 14520
8623 6306 20318
6306 8623 20318
20318 6306 8623
25879 16872 21289
21289 16872 25879
16872 21289 25879
27422 14099 17075
14099 17075 27422
17075 14099 27422
10687 9261 23621
9261 10687 23621
23621 9261 10687
16926 5130 6511
5130 6511 16926
6511 5130 16926
18925 18602 21745
18602 18925 21745
21745 18602 18925
20555 2506 19081
2506 19081 20555
19081 2506 20555
28964 5604 10291
10291 5604 28964
5604 10291 28964
29072 6530 19196
6530 19196 29072
19196 6530 29072
7927 10659 27605
27605 7927 10659
10659 7927 27605
180 17035 26732
17035 180 26732
26732 180 17035
22679 11009 29865
11009 22679 29865
29865 11009 22679
14522 11768 26069
26069 11768 14522
11768 14522 26069
18830 4074 10655
10655 4074 18830
4074 10655 18830
25993 18359 18962
18359 18962 25993
18962 18359 25993
12161 14642 22871
22871 12161 14642
14642 12161 22871
2872 23437 29501
23437 2872 29501
29501 2872 23437
26920 12628 29802
29802 12628 26920
12628 26920 29802
6938 7504 16901
7504 6938 16901
16901 6938 7504
13651 3814 13317
3814 13317 13651
13317 3814 13651
22788 3601 16316
16316 3601 22788
3601 16316 22788
1878 2883 25404
2883 1878 25404
25404 1878 2883
25050 3145 19672
19672 3145 25050
3145 19672 25050
28681 219 5140
5140 219 28681
219 5140 28681
11224 18109 23827
23827 11224 18109
18109 11224 23827
16850 2642 18864
18864 2642 16850
2642 16850 18864
28779 19361 24850
24850 19361 28779
19361 24850 28779
24565 6637 12205
12205 6637 24565
6637 12205 24565
21405 13722 17899
17899 13722 21405
13722 17899 21405
13716 7923 18910
18910 7923 13716
7923 13716 18910
25246 15654 17778
17778 15654 25246
15654 17778 25246
3485 9715 19977
19977 3485 9715
9715 3485 19977
12430 15483 15564
15564 12430 15483
15483 12430 15564
19111 13053 26824
13053 19111 26824
26824 13053 19111
10694 16267 18420
18420 10694 16267
16267 10694 18420
5345 15362 20742
20742 5345 15362
15362 5345 20742
19536 4801 25955
25955 4801 19536
4801 19536 25955
3949 860 12804
12804 860 3949
860 3949 12804
26147 6733 12061
6733 12061 26147
12061 6733 26147
3294 9397 24918
9397 3294 24918
24918 3294 9397
19229 23392 24220
23392 19229 24220
24220 19229 23392
8314 2832 17181
2832 8314 17181
17181 2832 8314
18319 2690 4792
4792 2690 18319
2690 4792 18319
20305 1342 2793
1342 2793 20305
2793 1342 20305
16892 14256 14764
14256 14764 16892
14764 14256 16892
16484 10897 29990
29990 10897 16484
10897 16484 29990
3205 1205 21393
1205 3205 21393
21393 1205 3205
25629 2168 25729
2168 25629 25729
25729 2168 25629
29654 15714 15956
15956 15714 29654
15714 15956 29654
29257 11832 16816
16816 11832 29257
11832 16816 29257
2077 4337 26830
4337 2077 26830
26830 2077 4337
14715 12866 26521
26521 12866 14715
12866 14715 26521
16012 5105 13021
5105 13021 16012
13021 5105 16012
20229 9760 14568
14568 9760 20229
9760 14568 20229
2142 6535 22859
6535 2142 22859
22859 2142 6535
702 18520 25946
18520 702 25946
25946 702 18520
16347 9777 16062
9777 16062 16347
16062 9777 16347
27270 13401 16023
13401 16023 27270
16023 13401 27270
7004 23364 28231
28231 7004 23364
23364 7004 28231
6194 2181 11457
11457 2181 6194
2181 6194 11457
1499 9812 25808
9812 1499 25808
25808 1499 9812
11585 13064 16309
13064 11585 16309
16309 11585 13064
6726 20435 23569
23569 6726 20435
20435 6726 23569
21748 5253 8362
8362 5253 21748
5253 8362 21748
7591 3279 19204
3279 7591 19204
19204 3279 7591
9501 11297 20870
11297 9501 20870
20870 9501 11297
5577 5977 12988
12988 5577 5977
5977 5577 12988
15584 10544 19735
19735 10544 15584
10544 15584 19735
15905 3730 22293
22293 3730 15905
3730 15905 22293
10678 12613 24109
24109 10678 12613
12613 10678 24109
24265 9350 28523
9350 24265 28523
28523 9350 24265
12818 7612 20584
20584 7612 12818
7612 12818 20584
7032 14293 29692
29692 7032 14293
14293 7032 29692
26842 1427 19644
1427 19644 26842
19644 1427 26842
11922 2453 21499
21499 2453 11922
2453 11922 21499
19995 11780 29890
29890 11780 19995
11780 19995 29890
27075 4670 22565
4670 22565 27075
22565 4670 27075
26501 111 4319
4319 111 26501
111 4319 26501
23231 20631 21507
20631 21507 23231
21507 20631 23231
26403 22813 25255
25255 22813 26403
22813 25255 26403
8557 2364 28825
2364 8557 28825
28825 2364 8557
13339 5646 27280
27280 5646 13339
5646 13339 27280
16288 7242 22873
7242 16288 22873
22873 7242 16288
29195 23759 28490
28490 23759 29195
23759 28490 29195
9045 1322 7432
1322 7432 9045
7432 1322 9045
5225 1228 24542
24542 1228 5225
1228 5225 24542
23240 1064 8428
8428 1064 23240
1064 8428 23240
24455 15498 27940
27940 15498 24455
15498 24455 27940
12419 4998 29077
29077 4998 12419
4998 12419 29077
2776 1795 7228
1795 2776 7228
7228 1795 2776
17895 20662 23172
23172 17895 20662
20662 17895 23172
8757 15073 16782
16782 8757 15073
15073 8757 16782
2553 27551 28900
28900 2553 27551
27551 2553 28900
1384 17375 20247
17375 1384 20247
20247 1384 17375
25941 18326 23038
23038 18326 25941
18326 23038 25941
701 15172 27704
27704 701 15172
15172 701 27704
7871 5020 22882
22882 5020 7871
5020 7871 22882
25318 5259 21848
5259 21848 25318
21848 5259 25318
28435 16546 20752
16546 20752 28435
20752 16546 28435
24155 4635 12351
12351 4635 24155
4635 12351 24155
4898 8349 26045
8349 4898 26045
26045 4898 8349
14377 1813 13522
1813 13522 14377
13522 1813 14377
16344 3071 5846
5846 3071 16344
3071 5846 16344
27223 18928 29799
18928 27223 29799
29799 18928 27223
952 3613 25203
25203 952 3613
3613 952 25203
26401 2524 7946
2524 7946 26401
7946 2524 26401
20966 8913 26958
8913 20966 26958
26958 8913 20966
14739 27886 29243
27886 14739 29243
29243 14739 27886
22969 15665 16321
15665 16321 22969
16321 15665 22969
24183 9640 29136
29136 9640 24183
9640 24183 29136
27027 19302 28096
19302 27027 28096
28096 19302 27027
9537 9797 11149
9797 9537 11149
11149 9537 9797
8374 9623 23310
23310 8374 9623
9623 8374 23310
24719 11308 21250
11308 21250 24719
21250 11308 24719
14818 829 10378
10378 829 14818
829 10378 14818
15406 8749 17589
8749 15406 17589
17589 8749 15406
21313 808 4516
4516 808 21313
808 4516 21313
971 14449 15351
14449 971 15351
15351 971 14449
3216 15449 26919
15449 3216 26919
26919 3216 15449
9827 2222 23692
23692 2222 9827
2222 9827 23692
11530 716 25355
716 11530 25355
25355 716 11530
27900 25136 25689
25689 25136 27900
25136 25689 27900
21677 1720 2319
1720 2319 21677
2319 1720 21677
14760 8070 11096
8070 11096 14760
11096 8070 14760
15895 6193 22780
22780 6193 15895
6193 15895 22780
29332 2905 24363
2905 24363 29332
24363 2905 29332
22730 1773 14921
14921 1773 22730
1773 14921 22730
29839 12126 29186
12126 29186 29839
29186 12126 29839
20288 1451 6098
6098 1451 20288
1451 6098 20288
25876 17234 24522
17234 24522 25876
24522 17234 25876
23606 17110 24334
24334 17110 23606
17110 23606 24334
29117 3634 24812
3634 24812 29117
24812 3634 29117
383 24603 27190
24603 383 27190
27190 383 24603
14734 6557 6675
6675 6557 14734
6557 6675 14734
2656 12142 24875
24875 2656 12142
12142 2656 24875
14608 26085 29079
29079 14608 26085
26085 14608 29079
19398 11050 26130
26130 11050 19398
11050 19398 26130
1259 799 7905
7905 799 1259
799 1259 7905
2167 18029 18761
18761 2167 18029
18029 2167 18761
17983 887 17508
887 17508 17983
17508 887 17983
11366 15411 19816
15411 11366 19816
19816 11366 15411
7461 15915 29635
15915 7461 29635
29635 7461 15915
5957 8174 22485
8174 5957 22485
22485 5957 8174
21810 9003 18472
18472 9003 21810
9003 18472 21810
16566 5912 10936
5912 10936 16566
10936 5912 16566
7933 7831 22860
22860 7831 7933
7831 7933 22860
27008 3560 6464
6464 3560 27008
3560 6464 27008
179 5049 9876
5049 179 9876
9876 179 5049
23939 14182 19373
19373 14182 23939
14182 19373 23939
26041 12975 20312
12975 20312 26041
20312 12975 26041
11204 3214 5163
5163 3214 11204
3214 5163 11204
5948 1748 7492
1748 5948 7492
7492 1748 5948
8970 22575 23838
23838 8970 22575
22575 8970 23838
12994 9603 13865
9603 12994 13865
13865 9603 12994
24454 7593 27816
27816 7593 24454
7593 24454 27816
23003 4776 26798
26798 4776 23003
4776 23003 26798
14582 10923 16471
10923 14582 16471
16471 10923 14582
60 15825 20271
20271 60 15825
15825 60 20271
18179 11268 16212
16212 11268 18179
11268 16212 18179
24398 3542 21508
21508 3542 24398
3542 21508 24398
25707 5997 26026
26026 5997 25707
5997 25707 26026
21094 22862 29932
29932 21094 22862
22862 21094 29932
28991 20868 26140
26140 20868 28991
20868 26140 28991
742 11464 29157
11464 742 29157
29157 742 11464
4944 9670 10058
9670 4944 10058
10058 4944 9670
18655 5762 6617
5762 6617 18655
6617 5762 18655
26694 17279 17694
17694 17279 26694
17279 17694 26694
22629 16167 25985
16167 22629 25985
25985 16167 22629
13789 482 24480
24480 482 13789
482 13789 24480
28227 10499 25192
25192 10499 28227
10499 25192 28227
7978 1200 16578
16578 1200 7978
1200 7978 16578
14515 13052 20835
20835 13052 14515
13052 14515 20835
3725 25198 26589
25198 3725 26589
26589 3725 25198
9 9858 20194
20194 9 9858
9858 9 20194
20407 5558 8751
8751 5558 20407
5558 8751 20407
20921 15692 25025
15692 20921 25025
25025 15692 20921
8040 12002 25661
12002 8040 25661
25661 8040 12002
27860 3384 22035
3384 22035 27860
22035 3384 27860
21766 19218 26618
19218 21766 26618
26618 19218 21766
13315 24769 26272
26272 13315 24769
24769 13315 26272
6647 16739 19574
19574 6647 16739
16739 6647 19574
1037 26395 29081
26395 1037 29081
29081 1037 26395
6787 6758 10404
6758 6787 10404
10404 6758 6787
7841 1549 19036
19036 1549 7841
1549 7841 19036
7695 3976 18286
3976 7695 18286
18286 3976 7695
15230 6952 20811
20811 6952 15230
6952 15230 20811
26463 13882 28782
28782 13882 26463
13882 26463 28782
28217 2087 20740
20740 2087 28217
2087 20740 28217
938 1985 17675
17675 938 1985
1985 938 17675
26665 3525 29049
29049 3525 26665
3525 26665 29049
25430 27603 29936
27603 25430 29936
29936 25430 27603
27974 1809 17949
1809 17949 27974
17949 1809 27974
12139 16498 23711
16498 12139 23711
23711 12139 16498
21092 396 17777
396 17777 21092
17777 396 21092
14266 14499 24525
14499 14266 24525
24525 14266 14499
25885 4544 21660
4544 21660 25885
21660 4544 25885
6362 2702 27960
27960 2702 6362
2702 6362 27960
28509 4072 8053
8053 4072 28509
4072 8053 28509
28249 10826 27689
27689 10826 28249
10826 27689 28249
11896 6274 27876
27876 6274 11896
6274 11896 27876
21342 22329 24384
22329 21342 24384
24384 21342 22329
7491 3377 13445
3377 7491 13445
13445 3377 7491
27563 22324 26878
22324 26878 27563
26878 22324 27563
2485 8481 20420
8481 2485 20420
20420 2485 8481
23911 5432 15022
15022 5432 23911
5432 15022 23911
5095 3213 9555
9555 3213 5095
3213 5095 9555
8118 9472 18146
9472 8118 18146
18146 8118 9472
9820 14363 20077
14363 9820 20077
20077 9820 14363
24501 8364 10423
10423 8364 24501
8364 10423 24501
7198 7914 12179
12179 7198 7914
7914 7198 12179
16932 4459 24353
24353 4459 16932
4459 16932 24353
7749 24728 29748
24728 7749 29748
29748 7749 24728
18098 18241 22290
22290 18098 18241
18241 18098 22290
6073 1052 14602
14602 1052 6073
1052 6073 14602
21513 22568 28357
22568 21513 28357
28357 21513 22568
1360 6051 28326
28326 1360 6051
6051 1360 28326
9576 1986 12292
12292 1986 9576
1986 9576 12292
5217 8917 29235
8917 5217 29235
29235 5217 8917
22103 17382 28858
28858 17382 22103
17382 22103 28858
21980 5651 22501
5651 21980 22501
22501 5651 21980
12630 9360 21530
9360 12630 21530
21530 9360 12630
9110 17287 27388
17287 9110 27388
27388 9110 17287
20848 94 15389
15389 94 20848
94 15389 20848
17225 11014 24729
24729 11014 17225
11014 17225 24729
16328 17876 28416
28416 16328 17876
17876 16328 28416
29315 1435 27629
27629 1435 29315
1435 27629 29315
11205 7260 23989
23989 7260 11205
7260 11205 23989
27161 8427 14970
8427 14970 27161
14970 8427 27161
22831 4774 28881
28881 4774 22831
4774 22831 28881
29896 2983 6002
2983 6002 29896
6002 2983 29896
18152 23449 23538
23449 18152 23538
23538 18152 23449
3508 16706 21671
21671 3508 16706
16706 3508 21671
6683 7374 11047
11047 6683 7374
7374 6683 11047
26427 3989 20635
3989 20635 26427
20635 3989 26427
5709 11919 24257
11919 5709 24257
24257 5709 11919
3 14663 23764
23764 3 14663
14663 3 23764
21435 3856 24961
24961 3856 21435
3856 21435 24961
12406 23248 23702
23248 12406 23702
23702 12406 23248
11425 10253 18507
18507 10253 11425
10253 11425 18507
10447 4243 9201
9201 4243 10447
4243 9201 10447
22196 8488 10691
8488 10691 22196
10691 8488 22196
4679 14675 16853
14675 4679 16853
16853 4679 14675
5961 7780 18202
18202 5961 7780
7780 5961 18202
6581 2551 13720
13720 2551 6581
2551 6581 13720
338 2459 21017
2459 338 21017
21017 338 2459
25015 12435 19092
12435 19092 25015
19092 12435 25015
9425 18938 19990
19990 9425 18938
18938 9425 19990
3658 1289 11762
1289 3658 11762
11762 1289 3658
21422 10935 22583
10935 21422 22583
22583 10935 21422
15560 13745 28943
28943 13745 15560
13745 15560 28943
22852 28919 28938
28938 22852 28919
28919 22852 28938
409 3160 27707
3160 409 27707
27707 409 3160
1567 896 11287
11287 896 1567
896 1567 11287
22519 15209 19722
15209 19722 22519
19722 15209 22519
10821 7221 21566
21566 7221 10821
7221 10821 21566
3359 15671 20383
20383 3359 15671
15671 3359 20383
28088 5266 24484
5266 24484 28088
24484 5266 28088
13950 2999 3759
2999 3759 13950
3759 2999 13950
18899 15100 26075
26075 15100 18899
15100 18899 26075
7086 2510 19235
2510 7086 19235
19235 2510 7086
1412 11616 28009
28009 1412 11616
11616 1412 28009
11291 8416 11746
11746 8416 11291
8416 11291 11746
20876 5726 22803
5726 20876 22803
22803 5726 20876
25864 4145 8399
4145 8399 25864
8399 4145 25864
13909 775 24216
24216 775 13909
775 13909 24216
21244 11136 25780
25780 11136 21244
11136 21244 25780
26712 5466 10949
5466 10949 26712
10949 5466 26712
29630 647 20944
647 20944 29630
20944 647 29630
3415 2115 22352
22352 2115 3415
2115 3415 22352
21809 37 15157
37 15157 21809
15157 37 21809
19067 23086 29985
23086 19067 29985
29985 19067 23086
14045 5101 12530
5101 12530 14045
12530 5101 14045
14830 27265 29542
27265 14830 29542
29542 14830 27265
16780 15843 24032
24032 15843 16780
15843 16780 24032
9939 4260 14051
14051 4260 9939
4260 9939 14051
3416 9419 23563
23563 3416 9419
9419 3416 23563
29270 11198 23590
23590 11198 29270
11198 23590 29270
14843 15703 27607
15703 14843 27607
27607 14843 15703
27084 8851 24314
24314 8851 27084
8851 24314 27084
3799 21778 27511
27511 3799 21778
21778 3799 27511
25437 10504 20659
20659 10504 25437
10504 20659 25437
16072 20741 25263
20741 16072 25263
25263 16072 20741
12899 10862 21020
21020 10862 12899
10862 12899 21020
18829 2197 24443
2197 18829 24443
24443 2197 18829
20797 25162 29815
29815 20797 25162
25162 20797 29815
4372 3683 24254
3683 4372 24254
24254 3683 4372
12506 14408 14437
14437 12506 14408
14408 12506 14437
8972 2840 27678
2840 8972 27678
27678 2840 8972
8732 1949 28191
28191 1949 8732
1949 8732 28191
8827 11588 26766
11588 8827 26766
26766 8827 11588
6381 3078 10603
10603 3078 6381
3078 6381 10603
21201 7278 19237
7278 19237 21201
19237 7278 21201
28030 6470 12955
6470 12955 28030
12955 6470 28030
21759 13478 28161
13478 21759 28161
28161 13478 21759
24998 6245 24327
6245 24327 24998
24327 6245 24998
29060 9264 27599
9264 27599 29060
27599 9264 29060
12468 3700 10772
3700 10772 12468
10772 3700 12468
1576 18101 22888
18101 1576 22888
22888 1576 18101
467 2579 7298
2579 467 7298
7298 467 2579
23304 16001 21856
21856 16001 23304
16001 21856 23304
3237 9744 26609
26609 3237 9744
9744 3237 26609
22443 993 15426
15426 993 22443
993 15426 22443
3822 640 25127
640 3822 25127
25127 640 3822
14799 6125 25800
6125 14799 25800
25800 6125 14799
997 7370 27267
27267 997 7370
7370 997 27267
2678 11648 26321
11648 2678 26321
26321 2678 11648
19232 620 19446
620 19232 19446
19446 620 19232
1890 2025 2392
2392 1890 2025
2025 1890 2392
19481 23106 28498
23106 19481 28498
28498 19481 23106
8136 3880 9618
9618 3880 8136
3880 8136 9618
11028 4458 24308
24308 4458 11028
4458 11028 24308
24785 8183 14859
8183 14859 24785
14859 8183 24785
24385 13784 26669
26669 13784 24385
13784 24385 26669
11672 14476 25462
25462 11672 14476
14476 11672 25462
17355 10233 15275
15275 10233 17355
10233 15275 17355
21661 14706 17829
17829 14706 21661
14706 17829 21661
10285 1019 14998
14998 1019 10285
1019 10285 14998
6061 22049 27867
22049 6061 27867
27867 6061 22049
17102 12359 16380
16380 12359 17102
12359 16380 17102
29906 10440 24711
10440 24711 29906
24711 10440 29906
22497 8465 8611
8611 8465 22497
8465 8611 22497
6119 12445 24972
24972 6119 12445
12445 6119 24972
1414 28449 28851
28449 1414 28851
28851 1414 28449
19306 985 2247
985 2247 19306
2247 985 19306
21585 7245 7331
7245 7331 21585
7331 7245 21585
22898 9465 28286
28286 9465 22898
9465 22898 28286
17014 16137 26083
16137 17014 26083
26083 16137 17014
15312 8107 17280
8107 15312 17280
17280 8107 15312
21425 8902 12327
8902 12327 21425
12327 8902 21425
13881 24822 29987
24822 13881 29987
29987 13881 24822
6096 26393 29010
29010 6096 26393
26393 6096 29010
11490 15119 23685
23685 11490 15119
15119 11490 23685
27125 1503 21689
21689 1503 27125
1503 21689 27125
13959 4577 5391
4577 5391 13959
5391 4577 13959
17496 10591 13138
13138 10591 17496
10591 13138 17496
2759 20637 24533
20637 2759 24533
24533 2759 20637
25804 24532 24701
24701 24532 25804
24532 24701 25804
28314 27657 28619
27657 28314 28619
28619 27657 28314
27936 8173 9627
9627 8173 27936
8173 9627 27936
24144 8887 10442
10442 8887 24144
8887 10442 24144
777 29578 29961
29578 777 29961
29961 777 29578
20705 9142 12757
12757 9142 20705
9142 12757 20705
12927 995 3139
995 3139 12927
3139 995 12927
22202 1288 13340
1288 13340 22202
13340 1288 22202
12226 12626 14690
14690 12226 12626
12626 12226 14690
2664 22362 25616
25616 2664 22362
22362 2664 25616
29176 21635 25135
25135 21635 29176
21635 25135 29176
19750 1215 5797
5797 1215 19750
1215 5797 19750
20252 14413 19046
19046 14413 20252
14413 19046 20252
4061 6257 19815
19815 4061 6257
6257 4061 19815
21120 11358 16378
16378 11358 21120
11358 16378 21120
23049 5335 24213
24213 5335 23049
5335 23049 24213
24031 16360 19143
16360 19143 24031
19143 16360 24031
27642 523 28461
523 27642 28461
28461 523 27642
14358 6123 16459
16459 6123 14358
6123 14358 16459
7018 3094 18205
3094 7018 18205
18205 3094 7018
558 2855 19552
2855 558 19552
19552 558 2855
9367 13408 20569
20569 9367 13408
13408 9367 20569
12175 11156 14153
14153 11156 12175
11156 12175 14153
827 10867 11494
10867 827 11494
11494 827 10867
9590 1407 15182
15182 1407 9590
1407 9590 15182
21134 4465 24752
4465 21134 24752
24752 4465 21134
19359 845 18181
18181 845 19359
845 18181 19359
14967 54 2065
2065 54 14967
54 2065 14967
11936 9747 18652
18652 9747 11936
9747 11936 18652
4191 21871 23553
21871 4191 23553
23553 4191 21871
11409 1751 5467
1751 5467 11409
5467 1751 11409
2418 2846 13803
13803 2418 2846
2846 2418 13803
7079 11228 24178
11228 7079 24178
24178 7079 11228
25249 8464 26663
26663 8464 25249
8464 25249 26663
8612 9377 20081
9377 8612 20081
20081 8612 9377
12517 1781 11323
1781 11323 12517
11323 1781 12517
25725 774 25690
774 25690 25725
25690 774 25725
23359 1834 23866
23866 1834 23359
1834 23359 23866
9869 34 16897
16897 34 9869
34 9869 16897
7620 20774 27613
20774 7620 27613
27613 7620 20774
502 6940 23813
6940 502 23813
23813 502 6940
28291 513 5160
513 5160 28291
5160 513 28291
9255 6178 21097
21097 6178 9255
6178 9255 21097
19993 16423 17457
16423 17457 19993
17457 16423 19993
29199 24027 27052
27052 24027 29199
24027 27052 29199
16831 204 8857
204 8857 16831
8857 204 16831
3654 17516 19889
19889 3654 17516
17516 3654 19889
21407 8793 27909
27909 8793 21407
8793 21407 27909
557 12728 19265
12728 557 19265
19265 557 12728
13671 13804 25979
25979 13671 13804
13804 13671 25979
285 5038 27427
27427 285 5038
5038 285 27427
15534 4662 27565
4662 15534 27565
27565 4662 15534
24390 12625 19164
19164 12625 24390
12625 19164 24390
9899 14404 22118
22118 9899 14404
14404 9899 22118
22379 21137 22371
22371 21137 22379
21137 22371 22379
27818 9717 17570
9717 17570 27818
17570 9717 27818
17787 4148 6072
6072 4148 17787
4148 6072 17787
7715 16963 26692
16963 7715 26692
26692 7715 16963
6293 10358 18658
10358 6293 18658
18658 6293 10358
10489 11476 18196
18196 10489 11476
11476 10489 18196
18012 9138 20533
9138 18012 20533
20533 9138 18012
13448 7605 19630
19630 7605 13448
7605 13448 19630
8673 22639 27441
22639 8673 27441
27441 8673 22639
24157 11847 23754
23754 11847 24157
11847 23754 24157
8064 4972 16260
16260 4972 8064
4972 8064 16260
23355 10114 26790
10114 23355 26790
26790 10114 23355
27656 18362 24487
24487 18362 27656
18362 24487 27656
705 15995 19387
19387 705 15995
15995 705 19387
15669 24395 29307
29307 15669 24395
24395 15669 29307
13314 11151 24610
11151 13314 24610
24610 11151 13314
11114 10065 25681
25681 10065 11114
10065 11114 25681
304 6437 21829
6437 304 21829
21829 304 6437
28164 8442 16691
8442 16691 28164
16691 8442 28164
3081 9965 28315
28315 3081 9965
9965 3081 28315
1827 3502 16670
3502 1827 16670
16670 1827 3502
13290 15679 16571
16571 13290 15679
15679 13290 16571
23878 3092 22931
3092 22931 23878
22931 3092 23878
21627 17397 28791
28791 17397 21627
17397 21627 28791
10621 9408 19125
9408 10621 19125
19125 9408 10621
27402 14161 25101
25101 14161 27402
14161 25101 27402
18170 13560 24120
24120 13560 18170
13560 18170 24120
3997 20520 25012
20520 3997 25012
25012 3997 20520
8737 900 10267
900 8737 10267
10267 900 8737
7356 7112 21392
21392 7112 7356
7112 7356 21392
29607 20882 23069
23069 20882 29607
20882 23069 29607
19840 13565 25210
25210 13565 19840
13565 19840 25210
17251 10632 13658
10632 13658 17251
13658 10632 17251
23541 16711 21770
16711 21770 23541
21770 16711 23541
19745 9781 16091
16091 9781 19745
9781 16091 19745
28630 1696 23297
23297 1696 28630
1696 23297 28630
21453 10383 15815
15815 10383 21453
10383 15815 21453
26320 15940 20556
20556 15940 26320
15940 20556 26320
27583 25417 29358
25417 27583 29358
29358 25417 27583
18705 14664 23202
14664 18705 23202
23202 14664 18705
18936 7904 25664
7904 18936 25664
25664 7904 18936
5742 25170 26751
25170 5742 26751
26751 5742 25170
13206 14968 29860
14968 13206 29860
29860 13206 14968
8162 1597 21701
21701 1597 8162
1597 8162 21701
20650 10431 29421
10431 20650 29421
29421 10431 20650
26581 13120 28524
13120 26581 28524
28524 13120 26581
29707 14394 20980
14394 20980 29707
20980 14394 29707
21013 1580 7170
1580 7170 21013
7170 1580 21013
29440 8392 16140
8392 16140 29440
16140 8392 29440
12598 412 25452
412 12598 25452
25452 412 12598
12424 15179 16781
16781 12424 15179
15179 12424 16781
15723 19179 20763
19179 15723 20763
20763 15723 19179
22193 15953 27993
15953 22193 27993
27993 15953 22193
28628 8404 13543
13543 8404 28628
8404 13543 28628
18274 8735 28949
8735 18274 28949
28949 8735 18274
10861 9692 20372
9692 10861 20372
20372 9692 10861
26156 7601 23508
7601 23508 26156
23508 7601 26156
10268 2274 25418
2274 10268 25418
25418 2274 10268
25902 4824 29233
4824 25902 29233
29233 4824 25902
20293 3816 5218
3816 5218 20293
5218 3816 20293
2433 1501 15231
1501 2433 15231
15231 1501 2433
27264 4745 13226
13226 4745 27264
4745 13226 27264
17077 16569 28321
28321 16569 17077
16569 17077 28321
14533 8706 14064
8706 14064 14533
14064 8706 14533
7685 12282 27745
12282 7685 27745
27745 7685 12282
13828 5691 27882
27882 5691 13828
5691 13828 27882
7797 13848 20737
13848 7797 20737
20737 7797 13848
18554 6943 29874
29874 6943 18554
6943 18554 29874
5795 21703 25000
25000 5795 21703
21703 5795 25000
28181 15126 19452
15126 19452 28181
19452 15126 28181
21552 18609 26877
18609 21552 26877
26877 18609 21552
14915 3052 11681
3052 11681 14915
11681 3052 14915
17152 1175 26947
26947 1175 17152
1175 17152 26947
7154 24307 28436
28436 7154 24307
24307 7154 28436
29562 3581 11359
3581 11359 29562
11359 3581 29562
2415 9204 23626
23626 2415 9204
9204 2415 23626
27759 10811 22188
10811 22188 27759
22188 10811 27759
118 6909 28473
28473 118 6909
6909 118 28473
4970 10153 10546
10546 4970 10153
10153 4970 10546
5333 3652 6560
3652 5333 6560
6560 3652 5333
17578 4703 19683
19683 4703 17578
4703 17578 19683
12885 7696 10055
10055 7696 12885
7696 10055 12885
12028 2997 4883
4883 2997 12028
2997 4883 12028
16976 20169 20239
20239 16976 20169
20169 16976 20239
2106 2886 7784
2886 2106 7784
7784 2106 2886
14151 1762 26264
1762 14151 26264
26264 1762 14151
10543 5814 16587
16587 5814 10543
5814 10543 16587
25296 5642 15553
5642 15553 25296
15553 5642 25296
8588 3753 12898
3753 8588 12898
12898 3753 8588
8032 7174 12358
12358 7174 8032
7174 8032 12358
13756 1498 15224
1498 13756 15224
15224 1498 13756
1554 2575 8052
8052 1554 2575
2575 1554 8052
13166 14037 25625
25625 13166 14037
14037 13166 25625
1862 24111 29863
24111 1862 29863
29863 1862 24111
10190 25662 26880
26880 10190 25662
25662 10190 26880
29450 5514 18545
5514 18545 29450
18545 5514 29450
2022 7335 15105
7335 2022 15105
15105 2022 7335
3810 8197 10395
8197 3810 10395
10395 3810 8197
8712 7575 13213
13213 7575 8712
7575 8712 13213
18091 25005 27690
27690 18091 25005
25005 18091 27690
18774 192 22538
192 18774 22538
22538 192 18774
5979 11871 22672
22672 5979 11871
11871 5979 22672
1088 7884 21747
21747 1088 7884
7884 1088 21747
23030 7093 18577
18577 7093 23030
7093 18577 23030
17350 18797 26868
26868 17350 18797
18797 17350 26868
16422 15308 27664
15308 16422 27664
27664 15308 16422
2519 4725 23949
4725 2519 23949
23949 2519 4725
2310 12494 12797
12494 2310 12797
12797 2310 12494
13157 1372 11398
1372 11398 13157
11398 1372 13157
18247 3886 9449
3886 9449 18247
9449 3886 18247
8998 10145 22440
10145 8998 22440
22440 8998 10145
10129 5738 16082
16082 5738 10129
5738 10129 16082
21024 3406 19798
3406 19798 21024
19798 3406 21024
13661 6614 7467
6614 7467 13661
7467 6614 13661
6904 7316 15650
7316 6904 15650
15650 6904 7316
18063 3040 20517
3040 18063 20517
20517 3040 18063
29086 534 16721
534 16721 29086
16721 534 29086
27885 1266 13880
1266 13880 27885
13880 1266 27885
27935 15583 22556
15583 22556 27935
22556 15583 27935
21525 9177 25861
25861 9177 21525
9177 21525 25861
15226 13462 28527
13462 15226 28527
28527 13462 15226
28420 5017 18799
18799 5017 28420
5017 18799 28420
23869 8176 14171
14171 8176 23869
8176 14171 23869
29499 6097 16407
16407 6097 29499
6097 16407 29499
20369 14754 18822
18822 14754 20369
14754 18822 20369
207 10661 17409
10661 207 17409
17409 207 10661
20823 1370 12265
1370 12265 20823
12265 1370 20823
846 4478 6326
6326 846 4478
4478 846 6326
10119 11834 27955
11834 10119 27955
27955 10119 11834
9800 13383 26795
13383 9800 26795
26795 9800 13383
44 316 16715
316 44 16715
16715 44 316
4468 3701 14116
3701 4468 14116
14116 3701 4468
14549 2191 11361
11361 2191 14549
2191 11361 14549
16606 2408 22247
22247 2408 16606
2408 16606 22247
5252 20397 28376
28376 5252 20397
20397 5252 28376
18263 4570 24154
4570 18263 24154
24154 4570 18263
19153 2259 11950
2259 11950 19153
11950 2259 19153
8544 770 18931
18931 770 8544
770 8544 18931
28387 2209 9594
2209 9594 28387
9594 2209 28387
25745 6216 14514
6216 14514 25745
14514 6216 25745
19624 7333 27651
27651 7333 19624
7333 19624 27651
18782 28000 28899
28899 18782 28000
28000 18782 28899
354 2732 5106
2732 354 5106
5106 354 2732
7791 23744 28006
28006 7791 23744
23744 7791 28006
3596 8847 17970
17970 3596 8847
8847 3596 17970
2778 6376 15725
6376 2778 15725
15725 2778 6376
12620 16658 20559
16658 12620 20559
20559 12620 16658
6911 10096 28312
10096 6911 28312
28312 6911 10096
7994 3536 17203
17203 3536 7994
3536 7994 17203
21299 333 20424
20424 333 21299
333 20424 21299
27085 13137 17982
17982 13137 27085
13137 17982 27085
19708 6650 17603
17603 6650 19708
6650 17603 19708
21125 7160 22217
22217 7160 21125
7160 21125 22217
25890 10800 12443
12443 10800 25890
10800 12443 25890
15821 3192 7658
3192 7658 15821
7658 3192 15821
917 1855 26613
26613 917 1855
1855 917 26613
22911 8923 9694
8923 9694 22911
9694 8923 22911
6856 2830 17834
2830 6856 17834
17834 2830 6856
7081 4896 22964
22964 4896 7081
4896 7081 22964
6345 17528 17933
17528 6345 17933
17933 6345 17528
5419 8569 13287
8569 5419 13287
13287 5419 8569
16491 17747 25719
17747 16491 25719
25719 16491 17747
16482 4560 15577
4560 15577 16482
15577 4560 16482
16681 10699 29014
10699 16681 29014
29014 10699 16681
11815 741 17598
741 11815 17598
17598 741 11815
26528 19548 19890
19890 19548 26528
19548 19890 26528
13373 10516 28341
10516 13373 28341
28341 10516 13373
6980 22551 25002
22551 6980 25002
25002 6980 22551
15205 6749 18090
18090 6749 15205
6749 15205 18090
21797 4207 5255
4207 5255 21797
5255 4207 21797
8054 13794 21481
13794 8054 21481
21481 8054 13794
24026 17506 20642
20642 17506 24026
17506 20642 24026
28749 9195 16988
9195 16988 28749
16988 9195 28749
19276 4922 23275
4922 19276 23275
23275 4922 19276
29113 24099 29153
24099 29113 29153
29153 24099 29113
4221 27380 28118
28118 4221 27380
27380 4221 28118
7276 10640 17410
17410 7276 10640
10640 7276 17410
29503 6387 25038
25038 6387 29503
6387 25038 29503
7765 18021 22757
22757 7765 18021
18021 7765 22757
17078 11469 25914
25914 11469 17078
11469 17078 25914
18828 8074 18772
18772 8074 18828
8074 18772 18828
23378 22219 29301
29301 22219 23378
22219 23378 29301
15400 2907 12461
12461 2907 15400
2907 12461 15400
19908 3768 6663
6663 3768 19908
3768 6663 19908
7 1962 21363
1962 7 21363
21363 7 1962
18049 677 23775
677 18049 23775
23775 677 18049
12889 4978 12615
12615 4978 12889
4978 12615 12889
14676 11288 25561
11288 14676 25561
25561 11288 14676
22861 2941 22404
2941 22404 22861
22404 2941 22861
975 3593 12840
12840 975 3593
3593 975 12840
12884 25925 29066
25925 12884 29066
29066 12884 25925
29522 539 17068
539 17068 29522
17068 539 29522
9612 12985 18659
18659 9612 12985
12985 9612 18659
11833 5219 23763
5219 11833 23763
23763 5219 11833
13136 15183 18826
18826 13136 15183
15183 13136 18826
27518 6832 19719
6832 19719 27518
19719 6832 27518
15277 1381 25928
1381 15277 25928
25928 1381 15277
6403 3212 12440
3212 6403 12440
12440 3212 6403
25251 16236 21330
21330 16236 25251
16236 21330 25251
25288 5131 24150
5131 24150 25288
24150 5131 25288
2668 9922 21765
21765 2668 9922
9922 2668 21765
2536 9056 24362
9056 2536 24362
24362 2536 9056
13139 20130 27557
20130 13139 27557
27557 13139 20130
1847 4809 9451
9451 1847 4809
4809 1847 9451
27889 11842 23118
11842 23118 27889
23118 11842 27889
15096 11418 25540
11418 15096 25540
25540 11418 15096
4157 841 17480
841 4157 17480
17480 841 4157
17364 5876 18918
5876 17364 18918
18918 5876 17364
15971 21592 27643
27643 15971 21592
21592 15971 27643
8809 5520 12360
5520 8809 12360
12360 5520 8809
12622 11555 19465
11555 12622 19465
19465 11555 12622
25824 7052 25595
25595 7052 25824
7052 25595 25824
6630 17691 19666
17691 6630 19666
19666 6630 17691
27891 8126 13503
13503 8126 27891
8126 13503 27891
17304 13711 16346
13711 16346 17304
16346 13711 17304
28706 4068 17323
17323 4068 28706
4068 17323 28706
10419 3967 5991
5991 3967 10419
3967 5991 10419
28398 12465 18697
12465 18697 28398
18697 12465 28398
15775 2376 27487
2376 15775 27487
27487 2376 15775
6197 1816 18468
18468 1816 6197
1816 6197 18468
20591 5319 7282
7282 5319 20591
5319 7282 20591
10346 9863 26422
26422 9863 10346
9863 10346 26422
7934 15680 18896
18896 7934 15680
15680 7934 18896
16520 666 21188
21188 666 16520
666 16520 21188
16275 10769 23173
23173 10769 16275
10769 16275 23173
29074 15645 17825
17825 15645 29074
15645 17825 29074
2016 23940 29248
23940 2016 29248
29248 2016 23940
15319 11908 19583
11908 15319 19583
19583 11908 15319
2928 6575 24959
24959 2928 6575
6575 2928 24959
17442 3792 11239
3792 11239 17442
11239 3792 17442
20080 17333 23786
23786 17333 20080
17333 20080 23786
26287 1719 24210
1719 24210 26287
24210 1719 26287
5666 5542 7585
7585 5542 5666
5542 5666 7585
26292 11509 17299
17299 11509 26292
11509 17299 26292
4795 3547 20325
3547 4795 20325
20325 3547 4795
3888 14503 21851
14503 3888 21851
21851 3888 14503
15101 6261 11853
11853 6261 15101
6261 11853 15101
24601 1624 12645
1624 12645 24601
12645 1624 24601
5201 12463 24693
24693 5201 12463
12463 5201 24693
2390 6697 20725
6697 2390 20725
20725 2390 6697
13361 17348 27808
27808 13361 17348
17348 13361 27808
18089 947 11076
947 11076 18089
11076 947 18089
23077 7422 18966
18966 7422 23077
7422 18966 23077
16585 9677 27688
9677 16585 27688
27688 9677 16585
19296 3930 15977
15977 3930 19296
3930 15977 19296
27448 3309 5405
5405 3309 27448
3309 5405 27448
12873 1437 13494
1437 12873 13494
13494 1437 12873
1584 24577 25657
24577 1584 25657
25657 1584 24577
24241 6727 10757
6727 10757 24241
10757 6727 24241
17140 13758 28294
13758 17140 28294
28294 13758 17140
8501 17868 18635
17868 8501 18635
18635 8501 17868
24325 15769 18272
18272 15769 24325
15769 18272 24325
19558 14942 28971
14942 19558 28971
28971 14942 19558
25509 19775 21873
19775 21873 25509
21873 19775 25509
11787 20399 27504
20399 11787 27504
27504 11787 20399
18134 6409 28842
28842 6409 18134
6409 18134 28842
22208 27224 28094
27224 22208 28094
28094 22208 27224
15047 16941 19856
16941 15047 19856
19856 15047 16941
20256 4208 17930
17930 4208 20256
4208 17930 20256
22139 8617 22392
22392 8617 22139
8617 22139 22392
13914 3905 5286
3905 5286 13914
5286 3905 13914
3466 17519 18030
18030 3466 17519
17519 3466 18030
21382 24380 27434
24380 21382 27434
27434 21382 24380
27406 14776 23257
14776 23257 27406
23257 14776 27406
3189 5065 25771
5065 3189 25771
25771 3189 5065
19694 18198 18267
18267 18198 19694
18198 18267 19694
23507 676 13427
13427 676 23507
676 13427 23507
12977 3821 16734
16734 3821 12977
3821 12977 16734
20445 2596 20437
20437 2596 20445
2596 20437 20445
9974 4247 18143
18143 4247 9974
4247 9974 18143
1608 10535 29034
29034 1608 10535
10535 1608 29034
10533 9111 12996
12996 9111 10533
9111 10533 12996
25687 475 12739
475 12739 25687
12739 475 25687
25485 2026 22546
2026 22546 25485
22546 2026 25485
28468 2879 3148
3148 2879 28468
2879 3148 28468
17494 13129 13825
13129 13825 17494
13825 13129 17494
5077 4687 9742
4687 5077 9742
9742 4687 5077
8393 11388 22138
11388 8393 22138
22138 8393 11388
2577 511 7255
511 2577 7255
7255 511 2577
20098 24906 25883
25883 20098 24906
24906 20098 25883
17635 56 26436
26436 56 17635
56 17635 26436
3481 8952 22249
22249 3481 8952
8952 3481 22249
4562 6792 21696
21696 4562 6792
6792 4562 21696
25473 13422 17774
17774 13422 25473
13422 17774 25473
9383 535 3803
535 3803 9383
3803 535 9383
18620 20960 22450
20960 18620 22450
22450 18620 20960
8184 751 29481
751 8184 29481
29481 751 8184
25312 8879 17302
17302 8879 25312
8879 17302 25312
28664 5985 6481
6481 5985 28664
5985 6481 28664
8005 15497 29712
15497 8005 29712
29712 8005 15497
1357 16176 18454
16176 1357 18454
18454 1357 16176
1 14222 16301
14222 1 16301
16301 1 14222
19033 20048 27110
27110 19033 20048
20048 19033 27110
17049 4754 5210
4754 5210 17049
5210 4754 17049
22818 4689 24739
4689 22818 24739
24739 4689 22818
25262 15149 16366
15149 16366 25262
16366 15149 25262
9002 25112 29347
29347 9002 25112
25112 9002 29347
27311 21985 28123
28123 21985 27311
21985 27311 28123
10163 21638 29441
29441 10163 21638
21638 10163 29441
27728 22248 26297
