233 15 108
108 15 233
15 108 233
64 45 274
45 64 274
274 45 64
276 7 27
27 7 276
7 27 276
144 186 188
186 144 188
188 144 186
137 72 248
248 72 137
72 137 248
91 56 130
56 91 130
130 56 91
204 43 164
43 164 204
164 43 204
222 120 269
120 222 269
269 120 222
265 25 124
124 25 265
25 124 265
283 182 264
182 264 283
264 182 283
202 32 127
32 127 202
127 32 202
266 4 287
4 266 287
287 4 266
17 195 282
195 17 282
282 17 195
226 30 278
30 226 278
278 30 226
168 142 175
142 168 175
175 142 168
170 19 107
19 107 170
107 19 170
14 95 152
152 14 95
95 14 152
288 252 271
252 271 288
271 252 288
10 50 74
50 10 74
74 10 50
154 1 295
1 154 295
295 1 154
200 143 298
298 143 200
143 200 298
86 113 286
113 86 286
286 86 113
159 162 251
162 159 251
251 159 162
131 21 219
219 21 131
21 131 219
151 104 250
104 151 250
250 104 151
28 258 272
272 28 258
258 28 272
89 71 231
71 89 231
231 71 89
210 191 237
237 191 210
191 210 237
112 147 194
194 112 147
147 112 194
48 52 161
161 48 52
52 48 161
106 8 290
290 8 106
8 106 290
205 119 173
119 173 205
173 119 205
181 140 263
263 140 181
140 181 263
281 77 196
196 77 281
77 196 281
180 179 270
270 179 180
179 180 270
36 105 280
105 36 280
280 36 105
82 6 185
6 82 185
185 6 82
16 62 190
62 16 190
190 16 62
253 23 111
23 111 253
111 23 253
129 81 88
81 88 129
88 81 129
215 123 293
293 123 215
123 215 293
243 238 239
239 238 243
238 239 243
246 236 299
236 246 299
299 236 246
138 40 47
40 47 138
47 40 138
133 18 139
139 18 133
18 133 139
24 68 73
68 24 73
73 24 68
223 31 60
60 31 223
31 60 223
184 221 275
275 184 221
221 184 275
121 29 94
94 29 121
29 94 121
187 134 178
178 134 187
134 178 187
289 58 254
254 58 289
58 254 289
297 136 267
267 136 297
136 267 297
146 101 176
101 146 176
176 101 146
20 5 279
5 20 279
279 5 20
206 225 230
225 206 230
230 206 225
273 148 169
169 148 273
148 169 273
150 216 220
220 150 216
216 150 220
257 53 224
224 53 257
53 224 257
199 76 245
76 199 245
245 76 199
96 103 128
128 96 103
103 96 128
93 122 156
156 93 122
122 93 156
55 51 135
51 55 135
135 51 55
57 132 177
132 57 177
177 57 132
228 92 110
110 92 228
92 110 228
84 33 85
33 84 85
85 33 84
259 242 244
242 244 259
244 242 259
145 54 291
54 145 291
291 54 145
262 3 78
3 78 262
78 3 262
217 167 183
167 183 217
183 167 217
211 171 192
192 171 211
171 192 211
75 9 115
9 75 115
115 9 75
203 197 232
197 203 232
232 197 203
102 160 163
163 102 160
160 102 163
165 65 296
65 165 296
296 65 165
292 38 42
42 38 292
38 42 292
249 35 41
41 35 249
35 41 249
235 90 126
90 126 235
126 90 235
12 214 255
255 12 214
214 12 255
208 125 294
125 208 294
294 125 208
116 79 212
212 79 116
79 116 212
240 117 157
157 117 240
117 157 240
66 59 67
59 66 67
67 59 66
39 229 247
247 39 229
229 39 247
277 34 213
213 34 277
34 213 277
260 69 109
109 69 260
69 109 260
218 26 256
256 26 218
26 218 256
100 2 63
63 2 100
2 63 100
172 118 153
118 153 172
153 118 172
11 198 201
198 11 201
201 11 198
70 22 285
22 70 285
285 22 70
61 87 193
193 61 87
87 61 193
158 83 261
261 83 158
83 158 261
207 149 234
234 149 207
149 207 234
49 209 284
209 49 284
284 49 209
13 44 114
44 13 114
114 13 44
227 155 174
155 174 227
174 155 227
241 37 166
37 166 241
166 37 241
189 97 99
97 99 189
99 97 189
98 80 300
80 98 300
300 80 98
46 141 268
141 46 268
268 46 141
