317 1027 14367
1027 317 14367
14367 317 1027
8638 6119 22705
22705 6119 8638
6119 8638 22705
20019 23453 25478
23453 20019 25478
25478 20019 23453
141 22331 28215
28215 141 22331
22331 141 28215
29447 14206 28767
28767 14206 29447
14206 28767 29447
19898 20535 29208
29208 19898 20535
20535 19898 29208
11830 6819 28332
6819 11830 28332
28332 6819 11830
7844 1619 14428
1619 7844 14428
14428 1619 7844
127 250 986
250 127 986
986 127 250
18050 4527 15557
4527 15557 18050
15557 4527 18050
18965 2167 15713
15713 2167 18965
2167 15713 18965
16801 23791 26748
26748 16801 23791
23791 16801 26748
7496 4721 28412
28412 4721 7496
4721 7496 28412
9001 8438 27005
8438 9001 27005
27005 8438 9001
5629 747 15500
747 5629 15500
15500 747 5629
10773 21212 24048
24048 10773 21212
21212 10773 24048
9991 9485 22566
22566 9485 9991
9485 9991 22566
22086 12732 19965
12732 19965 22086
19965 12732 22086
20468 5925 22351
5925 20468 22351
22351 5925 20468
16718 18044 29998
18044 16718 29998
29998 16718 18044
7570 1231 9262
9262 1231 7570
1231 7570 9262
6231 6518 20948
6518 6231 20948
20948 6231 6518
10365 1795 26114
26114 1795 10365
1795 10365 26114
18546 1522 4099
4099 1522 18546
1522 4099 18546
602 5423 19997
5423 602 19997
19997 602 5423
29572 8065 19010
8065 19010 29572
19010 8065 29572
20084 385 5015
385 5015 20084
5015 385 20084
25548 14456 24318
14456 24318 25548
24318 14456 25548
11309 6820 23540
6820 11309 23540
23540 6820 11309
12828 11029 22838
11029 12828 22838
22838 11029 12828
2678 5505 8186
8186 2678 5505
5505 2678 8186
8602 6856 20724
6856 8602 20724
20724 6856 8602
2217 10684 11961
10684 2217 11961
11961 2217 10684
8119 13744 23100
23100 8119 13744
13744 8119 23100
7495 12911 22196
22196 7495 12911
12911 7495 22196
24762 15431 27192
15431 24762 27192
27192 15431 24762
15135 7116 27500
27500 7116 15135
7116 15135 27500
2995 23689 25477
25477 2995 23689
23689 2995 25477
28193 15297 26802
26802 15297 28193
15297 26802 28193
29463 4653 9737
9737 4653 29463
4653 9737 29463
14717 3852 20819
20819 3852 14717
3852 14717 20819
753 28075 28328
28075 753 28328
28328 753 28075
14134 5494 12713
5494 12713 14134
12713 5494 14134
8518 349 17834
17834 349 8518
349 8518 17834
14931 2285 10695
2285 10695 14931
10695 2285 14931
5426 6299 16350
16350 5426 6299
6299 5426 16350
27760 16855 19355
19355 16855 27760
16855 19355 27760
8094 10657 16854
16854 8094 10657
10657 8094 16854
20252 739 26412
739 20252 26412
26412 739 20252
26457 17467 29295
29295 17467 26457
17467 26457 29295
7862 20741 26845
26845 7862 20741
20741 7862 26845
16532 2254 22490
22490 2254 16532
2254 16532 22490
26574 14772 29687
14772 26574 29687
29687 14772 26574
23388 10878 14947
14947 10878 23388
10878 14947 23388
6151 6157 23113
6157 6151 23113
23113 6151 6157
24347 11906 12288
12288 11906 24347
11906 12288 24347
25449 18262 19310
18262 19310 25449
19310 18262 25449
20917 7107 7142
7142 7107 20917
7107 7142 20917
7742 111 8658
111 7742 8658
8658 111 7742
2570 7714 19389
19389 2570 7714
7714 2570 19389
8756 14420 25599
25599 8756 14420
14420 8756 25599
21266 1227 8740
8740 1227 21266
1227 8740 21266
10608 16969 18706
18706 10608 16969
16969 10608 18706
19645 3395 6087
3395 6087 19645
6087 3395 19645
29286 12388 16900
12388 16900 29286
16900 12388 29286
15417 5006 24810
24810 5006 15417
5006 15417 24810
8678 13730 20240
13730 8678 20240
20240 8678 13730
12692 19115 22732
19115 12692 22732
22732 12692 19115
6471 8350 16858
8350 6471 16858
16858 6471 8350
3599 6729 29793
6729 3599 29793
29793 3599 6729
12804 6288 16937
6288 12804 16937
16937 6288 12804
22359 10293 19907
10293 19907 22359
19907 10293 22359
7039 2688 26837
26837 2688 7039
2688 7039 26837
21040 8410 11661
8410 11661 21040
11661 8410 21040
17337 9046 26404
26404 9046 17337
9046 17337 26404
11888 2265 4484
2265 4484 11888
4484 2265 11888
20530 367 15705
15705 367 20530
367 15705 20530
4919 9760 26839
26839 4919 9760
9760 4919 26839
12822 2899 9013
9013 2899 12822
2899 9013 12822
24594 19623 21261
19623 21261 24594
21261 19623 24594
25288 46 19169
19169 46 25288
46 19169 25288
20433 1894 23529
23529 1894 20433
1894 20433 23529
19208 2209 16119
16119 2209 19208
2209 16119 19208
1972 7781 17378
7781 1972 17378
17378 1972 7781
16581 8749 22717
22717 8749 16581
8749 16581 22717
340 2184 10106
2184 340 10106
10106 340 2184
28196 7680 9697
7680 9697 28196
9697 7680 28196
2596 6890 18267
18267 2596 6890
6890 2596 18267
20581 2238 19063
2238 19063 20581
19063 2238 20581
8046 7492 24688
7492 8046 24688
24688 7492 8046
29039 12552 24394
24394 12552 29039
12552 24394 29039
23743 7173 13130
13130 7173 23743
7173 13130 23743
12051 7459 8807
8807 7459 12051
7459 8807 12051
10369 4200 13750
13750 4200 10369
4200 10369 13750
21159 4880 6855
6855 4880 21159
4880 6855 21159
9228 10507 12777
10507 9228 12777
12777 9228 10507
2532 23641 26516
26516 2532 23641
23641 2532 26516
21819 12943 16138
12943 16138 21819
16138 12943 21819
2495 19291 22330
22330 2495 19291
19291 2495 22330
9911 893 21332
21332 893 9911
893 9911 21332
24830 588 10558
10558 588 24830
588 10558 24830
25732 19303 26358
26358 19303 25732
19303 25732 26358
12454 17495 18648
18648 12454 17495
17495 12454 18648
21708 2961 9361
2961 9361 21708
9361 2961 21708
19171 3721 16968
3721 16968 19171
16968 3721 19171
6301 1730 18605
1730 6301 18605
18605 1730 6301
11360 14869 26000
26000 11360 14869
14869 11360 26000
23144 796 2749
2749 796 23144
796 2749 23144
27703 17434 22349
17434 22349 27703
22349 17434 27703
16977 12413 28005
28005 12413 16977
12413 16977 28005
26539 6932 10506
6932 10506 26539
10506 6932 26539
24987 1423 1501
1501 1423 24987
1423 1501 24987
10117 2924 28716
28716 2924 10117
2924 10117 28716
14071 3322 4443
3322 4443 14071
4443 3322 14071
22848 1208 3936
1208 3936 22848
3936 1208 22848
21932 12295 23458
23458 12295 21932
12295 21932 23458
6546 4762 22121
4762 6546 22121
22121 4762 6546
23740 14418 27702
14418 23740 27702
27702 14418 23740
915 6981 25401
6981 915 25401
25401 915 6981
29395 6640 19887
6640 19887 29395
19887 6640 29395
24894 15204 15594
15594 15204 24894
15204 15594 24894
6913 26597 28063
28063 6913 26597
26597 6913 28063
498 23906 25006
25006 498 23906
23906 498 25006
1195 7352 13617
7352 1195 13617
13617 1195 7352
13350 6306 6580
6580 6306 13350
6306 6580 13350
2790 10243 15383
10243 2790 15383
15383 2790 10243
21679 9035 21543
21543 9035 21679
9035 21543 21679
20651 12950 18984
12950 18984 20651
18984 12950 20651
15954 25243 26964
26964 15954 25243
25243 15954 26964
23528 3911 27039
27039 3911 23528
3911 23528 27039
13781 15676 27564
27564 13781 15676
15676 13781 27564
16118 12227 12364
12364 12227 16118
12227 12364 16118
24041 18911 25138
25138 18911 24041
18911 24041 25138
5206 16189 18999
16189 5206 18999
18999 5206 16189
3075 13336 26651
26651 3075 13336
13336 3075 26651
23920 8442 13332
13332 8442 23920
8442 13332 23920
19189 22127 23234
23234 19189 22127
22127 19189 23234
23565 7374 25985
7374 23565 25985
25985 7374 23565
4373 2082 27257
27257 2082 4373
2082 4373 27257
10345 18104 20676
20676 10345 18104
18104 10345 20676
29387 8406 16872
8406 16872 29387
16872 8406 29387
19429 11434 22680
22680 11434 19429
11434 19429 22680
23575 3950 21029
3950 21029 23575
21029 3950 23575
20868 6307 7545
6307 7545 20868
7545 6307 20868
27821 13748 29688
13748 27821 29688
29688 13748 27821
12260 20299 29873
29873 12260 20299
20299 12260 29873
18788 12698 13436
13436 12698 18788
12698 13436 18788
2563 5212 13727
5212 2563 13727
13727 2563 5212
23766 20576 26667
26667 20576 23766
20576 23766 26667
26788 5539 6976
5539 6976 26788
6976 5539 26788
1478 2146 23881
23881 1478 2146
2146 1478 23881
23479 5082 10233
5082 10233 23479
10233 5082 23479
17598 2155 7959
7959 2155 17598
2155 7959 17598
21985 8886 18995
8886 18995 21985
18995 8886 21985
4134 7577 17941
7577 4134 17941
17941 4134 7577
11116 4682 13792
4682 11116 13792
13792 4682 11116
11670 22915 29771
22915 11670 29771
29771 11670 22915
7961 6561 27646
27646 6561 7961
6561 7961 27646
7788 19008 20355
19008 7788 20355
20355 7788 19008
15507 15666 20131
20131 15507 15666
15666 15507 20131
7146 2338 21098
21098 2338 7146
2338 7146 21098
4749 12078 19640
12078 4749 19640
19640 4749 12078
21960 16790 18737
18737 16790 21960
16790 18737 21960
26113 25854 28629
25854 26113 28629
28629 25854 26113
61 14234 27082
14234 61 27082
27082 61 14234
29467 17132 27912
27912 17132 29467
17132 27912 29467
15071 24355 27375
27375 15071 24355
24355 15071 27375
101 5895 7405
5895 101 7405
7405 101 5895
27884 14147 15456
14147 15456 27884
15456 14147 27884
28403 6495 28886
6495 28403 28886
28886 6495 28403
19992 19596 25415
25415 19596 19992
19596 19992 25415
19562 11944 20066
20066 11944 19562
11944 19562 20066
18524 7158 29694
29694 7158 18524
7158 18524 29694
18536 6648 12376
12376 6648 18536
6648 12376 18536
727 22396 26884
22396 727 26884
26884 727 22396
22969 2428 9942
9942 2428 22969
2428 9942 22969
26132 3576 9898
3576 9898 26132
9898 3576 26132
23601 1571 23893
1571 23601 23893
23893 1571 23601
14448 4402 13755
13755 4402 14448
4402 13755 14448
20079 19813 28032
19813 20079 28032
28032 19813 20079
21533 10787 12816
12816 10787 21533
10787 12816 21533
8880 1871 21118
1871 8880 21118
21118 1871 8880
11582 18097 29057
18097 11582 29057
29057 11582 18097
17839 28030 29205
29205 17839 28030
28030 17839 29205
28245 23982 26125
26125 23982 28245
23982 26125 28245
28787 25533 25744
25744 25533 28787
25533 25744 28787
8962 25911 26275
25911 8962 26275
26275 8962 25911
6355 9107 25572
25572 6355 9107
9107 6355 25572
6670 6350 29135
6350 6670 29135
29135 6350 6670
28025 20650 28807
20650 28025 28807
28807 20650 28025
29778 4754 23518
4754 23518 29778
23518 4754 29778
15453 13883 26718
26718 13883 15453
13883 15453 26718
26805 21152 24157
24157 21152 26805
21152 24157 26805
9837 16043 20209
20209 9837 16043
16043 9837 20209
24734 2613 20840
2613 20840 24734
20840 2613 24734
18209 20229 25022
25022 18209 20229
20229 18209 25022
8191 1029 9373
1029 8191 9373
9373 1029 8191
13878 5387 8344
8344 5387 13878
5387 8344 13878
17830 24391 27585
24391 17830 27585
27585 17830 24391
19373 11021 11692
11021 11692 19373
11692 11021 19373
7240 4183 21715
4183 7240 21715
21715 4183 7240
3924 21412 24782
24782 3924 21412
21412 3924 24782
25829 16472 29234
16472 25829 29234
29234 16472 25829
3585 15402 25761
25761 3585 15402
15402 3585 25761
24062 3310 21507
3310 21507 24062
21507 3310 24062
29825 15992 23821
15992 23821 29825
23821 15992 29825
12936 2493 27889
27889 2493 12936
2493 12936 27889
20591 16871 25781
16871 20591 25781
25781 16871 20591
16986 17835 18187
17835 16986 18187
18187 16986 17835
21445 4859 25731
25731 4859 21445
4859 21445 25731
13110 22856 29298
22856 13110 29298
29298 13110 22856
16497 5785 12677
5785 12677 16497
12677 5785 16497
24113 18702 24592
24592 18702 24113
18702 24113 24592
28848 13219 29698
13219 28848 29698
29698 13219 28848
29502 18990 26827
18990 26827 29502
26827 18990 29502
2955 869 12644
12644 869 2955
869 2955 12644
13796 12146 26447
12146 13796 26447
26447 12146 13796
18268 3486 6784
6784 3486 18268
3486 6784 18268
20678 18508 26600
26600 18508 20678
18508 20678 26600
2444 16146 19370
16146 2444 19370
19370 2444 16146
15094 13170 20925
20925 13170 15094
13170 15094 20925
2002 2071 13897
2071 2002 13897
13897 2002 2071
18829 1205 3448
3448 1205 18829
1205 3448 18829
4866 655 10723
655 4866 10723
10723 655 4866
7871 12819 12999
12999 7871 12819
12819 7871 12999
312 2509 5941
5941 312 2509
2509 312 5941
26634 5795 22517
5795 22517 26634
22517 5795 26634
14265 11798 13823
11798 13823 14265
13823 11798 14265
3606 12945 20228
20228 3606 12945
12945 3606 20228
25519 8244 15565
15565 8244 25519
8244 15565 25519
8137 4265 10812
4265 8137 10812
10812 4265 8137
9869 1852 9012
9012 1852 9869
1852 9012 9869
2181 4516 7429
4516 2181 7429
7429 2181 4516
8839 5251 8038
8038 5251 8839
5251 8038 8839
3132 15468 27032
27032 3132 15468
15468 3132 27032
23538 9762 18574
9762 18574 23538
18574 9762 23538
29347 4412 16194
16194 4412 29347
4412 16194 29347
18980 929 20906
20906 929 18980
929 18980 20906
7632 23595 25462
25462 7632 23595
23595 7632 25462
5153 4923 18176
4923 5153 18176
18176 4923 5153
7293 1745 7010
1745 7010 7293
7010 1745 7293
23998 11877 12378
11877 12378 23998
12378 11877 23998
15341 19005 21773
19005 15341 21773
21773 15341 19005
22794 14540 19036
19036 14540 22794
14540 19036 22794
8989 1975 10486
10486 1975 8989
1975 8989 10486
10534 3609 22871
3609 10534 22871
22871 3609 10534
20811 19507 25933
25933 19507 20811
19507 20811 25933
9595 2756 12538
2756 9595 12538
12538 2756 9595
23241 2164 3726
3726 2164 23241
2164 3726 23241
8936 3420 9924
3420 8936 9924
9924 3420 8936
43 4650 8096
8096 43 4650
4650 43 8096
25929 1272 16247
16247 1272 25929
1272 16247 25929
4055 13061 27862
13061 4055 27862
27862 4055 13061
6393 26990 27571
26990 6393 27571
27571 6393 26990
57 22391 29774
29774 57 22391
22391 57 29774
25848 867 27301
867 25848 27301
27301 867 25848
8958 17810 23710
17810 8958 23710
23710 8958 17810
4789 693 6857
693 4789 6857
6857 693 4789
11770 5226 6173
6173 5226 11770
5226 6173 11770
10522 3591 10339
3591 10339 10522
10339 3591 10522
18575 14415 26187
26187 14415 18575
14415 18575 26187
4052 8639 25597
25597 4052 8639
8639 4052 25597
22837 3349 15244
15244 3349 22837
3349 15244 22837
1925 559 18296
559 1925 18296
18296 559 1925
15495 623 21682
623 15495 21682
21682 623 15495
4737 607 610
610 607 4737
607 610 4737
8197 17312 28776
17312 8197 28776
28776 8197 17312
1170 14316 23363
23363 1170 14316
14316 1170 23363
22858 8825 21264
21264 8825 22858
8825 21264 22858
23386 18387 25388
18387 23386 25388
25388 18387 23386
2109 18365 26787
26787 2109 18365
18365 2109 26787
23956 7154 26593
26593 7154 23956
7154 23956 26593
27686 13172 21888
13172 21888 27686
21888 13172 27686
14872 22383 28893
22383 14872 28893
28893 14872 22383
13778 26043 28631
26043 13778 28631
28631 13778 26043
18905 5196 22821
22821 5196 18905
5196 18905 22821
3984 457 3431
3431 457 3984
457 3431 3984
18697 9752 22924
22924 9752 18697
9752 18697 22924
9705 15151 18897
15151 9705 18897
18897 9705 15151
20602 19109 25890
25890 19109 20602
19109 20602 25890
6521 8006 15998
8006 6521 15998
15998 6521 8006
9746 1656 2867
1656 2867 9746
2867 1656 9746
20552 2511 15655
15655 2511 20552
2511 15655 20552
15 5995 16723
16723 15 5995
5995 15 16723
13667 10355 26141
26141 10355 13667
10355 13667 26141
14204 1541 12973
12973 1541 14204
1541 12973 14204
25118 8113 29649
8113 25118 29649
29649 8113 25118
24792 7568 21963
7568 21963 24792
21963 7568 24792
5971 2186 15543
15543 2186 5971
2186 5971 15543
15995 5188 27635
5188 15995 27635
27635 5188 15995
2504 3932 22091
3932 2504 22091
22091 2504 3932
28852 7312 14403
14403 7312 28852
7312 14403 28852
19202 5161 21664
5161 19202 21664
21664 5161 19202
6816 4534 22534
4534 6816 22534
22534 4534 6816
6257 12007 15501
12007 6257 15501
15501 6257 12007
3165 15619 17248
17248 3165 15619
15619 3165 17248
5957 2267 18244
18244 2267 5957
2267 5957 18244
3428 10462 19888
10462 3428 19888
19888 3428 10462
11258 7326 15276
7326 11258 15276
15276 7326 11258
15881 2383 14748
14748 2383 15881
2383 14748 15881
9864 19267 21162
19267 9864 21162
21162 9864 19267
18953 3121 7558
7558 3121 18953
3121 7558 18953
19601 28462 29190
29190 19601 28462
28462 19601 29190
4319 12280 24415
12280 4319 24415
24415 4319 12280
14013 12600 27109
12600 14013 27109
27109 12600 14013
20757 13354 15327
15327 13354 20757
13354 15327 20757
11738 2230 9026
9026 2230 11738
2230 9026 11738
2562 17472 25501
17472 2562 25501
25501 2562 17472
21890 4281 17404
4281 17404 21890
17404 4281 21890
21195 8063 8905
8905 8063 21195
8063 8905 21195
24376 10776 27939
10776 24376 27939
27939 10776 24376
28677 5223 12173
5223 12173 28677
12173 5223 28677
825 17721 21752
21752 825 17721
17721 825 21752
21230 15420 19038
15420 19038 21230
19038 15420 21230
6186 5152 12714
12714 5152 6186
5152 6186 12714
7715 21138 24788
24788 7715 21138
21138 7715 24788
17776 3810 19848
19848 3810 17776
3810 17776 19848
24757 7178 26777
7178 24757 26777
26777 7178 24757
276 5151 20950
20950 276 5151
5151 276 20950
27800 17500 19323
19323 17500 27800
17500 19323 27800
11338 3453 10182
10182 3453 11338
3453 10182 11338
22258 14406 25159
14406 22258 25159
25159 14406 22258
10230 14343 19341
19341 10230 14343
14343 10230 19341
28860 6125 7845
6125 7845 28860
7845 6125 28860
8964 1316 22803
1316 8964 22803
22803 1316 8964
13838 1084 26999
1084 13838 26999
26999 1084 13838
25030 8181 17036
8181 17036 25030
17036 8181 25030
14614 13191 20046
13191 14614 20046
20046 13191 14614
10439 8177 13432
13432 8177 10439
8177 10439 13432
4540 15307 26036
26036 4540 15307
15307 4540 26036
14581 2743 3521
3521 2743 14581
2743 3521 14581
5139 24146 28995
24146 5139 28995
28995 5139 24146
29639 23711 24681
23711 24681 29639
24681 23711 29639
6279 2194 9885
2194 6279 9885
9885 2194 6279
3386 7645 8682
8682 3386 7645
7645 3386 8682
4991 14082 18612
18612 4991 14082
14082 4991 18612
5087 10916 26003
10916 5087 26003
26003 5087 10916
3294 1536 16380
16380 1536 3294
1536 3294 16380
12106 8454 23845
8454 12106 23845
23845 8454 12106
17444 6290 17552
6290 17444 17552
17552 6290 17444
6939 5449 19616
5449 6939 19616
19616 5449 6939
15576 10015 26205
26205 10015 15576
10015 15576 26205
11839 18026 27592
27592 11839 18026
18026 11839 27592
9778 1543 22137
1543 9778 22137
22137 1543 9778
12765 5273 12168
5273 12168 12765
12168 5273 12765
5802 18113 25979
25979 5802 18113
18113 5802 25979
19619 9378 21784
9378 19619 21784
21784 9378 19619
27390 2392 21214
2392 21214 27390
21214 2392 27390
27369 1753 7202
1753 7202 27369
7202 1753 27369
9971 22972 27619
22972 9971 27619
27619 9971 22972
8078 19136 25657
25657 8078 19136
19136 8078 25657
13017 15008 25489
15008 13017 25489
25489 13017 15008
19996 1984 13751
13751 1984 19996
1984 13751 19996
2157 12598 25716
12598 2157 25716
25716 2157 12598
27093 1515 14632
14632 1515 27093
1515 14632 27093
13210 14691 20096
14691 13210 20096
20096 13210 14691
20885 4905 18108
18108 4905 20885
4905 18108 20885
11501 10467 24344
10467 11501 24344
24344 10467 11501
17138 21311 27687
27687 17138 21311
21311 17138 27687
206 1787 18437
1787 206 18437
18437 206 1787
6613 10024 14538
14538 6613 10024
10024 6613 14538
23168 5799 17397
17397 5799 23168
5799 17397 23168
21993 2250 6990
2250 6990 21993
6990 2250 21993
15945 18110 22393
22393 15945 18110
18110 15945 22393
24685 7006 16943
16943 7006 24685
7006 16943 24685
29621 14996 15769
14996 15769 29621
15769 14996 29621
12105 1373 17565
1373 12105 17565
17565 1373 12105
6097 18551 28678
18551 6097 28678
28678 6097 18551
21324 5589 15282
5589 15282 21324
15282 5589 21324
12656 12944 26080
26080 12656 12944
12944 12656 26080
17022 17188 25807
17188 17022 25807
25807 17022 17188
6865 14609 18906
14609 6865 18906
18906 6865 14609
239 10450 12400
10450 239 12400
12400 239 10450
20766 10278 20505
20505 10278 20766
10278 20505 20766
27544 16611 21667
21667 16611 27544
16611 21667 27544
26709 369 15744
369 15744 26709
15744 369 26709
7257 20460 28994
28994 7257 20460
20460 7257 28994
8659 13404 22270
13404 8659 22270
22270 8659 13404
4888 8548 10389
8548 4888 10389
10389 4888 8548
17912 2747 2917
2917 2747 17912
2747 2917 17912
12975 10621 21505
10621 12975 21505
21505 10621 12975
24374 26965 27254
26965 24374 27254
27254 24374 26965
25066 4483 22269
4483 22269 25066
22269 4483 25066
23868 13162 13510
13162 13510 23868
13510 13162 23868
15263 19448 27657
27657 15263 19448
19448 15263 27657
22829 650 19013
650 19013 22829
19013 650 22829
22523 5059 25225
25225 5059 22523
5059 22523 25225
18280 5669 27085
27085 5669 18280
5669 18280 27085
22867 15986 25296
25296 15986 22867
15986 22867 25296
16830 5768 27548
27548 5768 16830
5768 16830 27548
28419 6805 12399
12399 6805 28419
6805 12399 28419
26932 7234 11027
7234 11027 26932
11027 7234 26932
8133 6250 10181
10181 6250 8133
6250 8133 10181
3827 25142 26576
25142 3827 26576
26576 3827 25142
7489 677 2070
2070 677 7489
677 2070 7489
21747 3848 6427
6427 3848 21747
3848 6427 21747
23813 6798 28207
28207 6798 23813
6798 23813 28207
10194 9569 12203
12203 9569 10194
9569 10194 12203
27545 22264 25598
22264 25598 27545
25598 22264 27545
23560 19780 21720
21720 19780 23560
19780 21720 23560
12453 2894 6882
6882 2894 12453
2894 6882 12453
1714 7191 12967
12967 1714 7191
7191 1714 12967
8280 1465 17937
1465 8280 17937
17937 1465 8280
28608 8918 16996
16996 8918 28608
8918 16996 28608
20732 10282 25350
10282 20732 25350
25350 10282 20732
25677 2188 16049
16049 2188 25677
2188 16049 25677
23387 5618 25469
25469 5618 23387
5618 23387 25469
12406 1957 2813
2813 1957 12406
1957 2813 12406
26734 24336 25382
24336 25382 26734
25382 24336 26734
19822 2093 16280
2093 16280 19822
16280 2093 19822
5879 5577 23533
23533 5577 5879
5577 5879 23533
4791 10858 18545
18545 4791 10858
10858 4791 18545
24117 1221 5409
1221 5409 24117
5409 1221 24117
10443 4742 26668
26668 4742 10443
4742 10443 26668
5492 721 25759
721 5492 25759
25759 721 5492
310 5484 9840
9840 310 5484
5484 310 9840
1485 2414 29841
2414 1485 29841
29841 1485 2414
22718 24249 28660
28660 22718 24249
24249 22718 28660
29556 7865 18608
18608 7865 29556
7865 18608 29556
3646 17938 22373
22373 3646 17938
17938 3646 22373
9451 10351 25037
10351 9451 25037
25037 9451 10351
11054 2712 20407
20407 2712 11054
2712 11054 20407
6506 136 16192
16192 136 6506
136 6506 16192
11166 16310 16635
16635 11166 16310
16310 11166 16635
13173 16092 24672
16092 13173 24672
24672 13173 16092
16912 26217 27496
26217 16912 27496
27496 16912 26217
15463 18894 24485
24485 15463 18894
18894 15463 24485
23358 9043 25215
9043 23358 25215
25215 9043 23358
21861 1729 8309
8309 1729 21861
1729 8309 21861
12532 7847 28124
7847 12532 28124
28124 7847 12532
5723 548 10741
10741 548 5723
548 5723 10741
1086 9757 23081
23081 1086 9757
9757 1086 23081
8477 26308 27705
26308 8477 27705
27705 8477 26308
26384 4741 26312
4741 26312 26384
26312 4741 26384
27801 6233 26596
6233 26596 27801
26596 6233 27801
24227 17723 17847
17723 17847 24227
17847 17723 24227
1799 19560 28562
28562 1799 19560
19560 1799 28562
24127 5552 19909
19909 5552 24127
5552 19909 24127
9240 9231 18993
18993 9231 9240
9231 9240 18993
15743 16952 29945
29945 15743 16952
16952 15743 29945
11571 5292 18109
5292 11571 18109
18109 5292 11571
19844 8970 17259
8970 17259 19844
17259 8970 19844
11220 5900 21978
21978 5900 11220
5900 11220 21978
29781 4986 6179
6179 4986 29781
4986 6179 29781
1313 14916 29872
14916 1313 29872
29872 1313 14916
4051 2603 11609
2603 4051 11609
11609 2603 4051
22436 12432 21410
21410 12432 22436
12432 21410 22436
9187 4574 15074
4574 9187 15074
15074 4574 9187
23055 8803 28616
28616 8803 23055
8803 23055 28616
13390 1389 7245
1389 7245 13390
7245 1389 13390
3211 4609 15813
15813 3211 4609
4609 3211 15813
26937 8049 21633
8049 21633 26937
21633 8049 26937
6663 20392 27792
27792 6663 20392
20392 6663 27792
25880 23588 24590
23588 24590 25880
24590 23588 25880
25151 5527 20955
5527 20955 25151
20955 5527 25151
10148 7153 13392
13392 7153 10148
7153 10148 13392
2113 3387 23484
23484 2113 3387
3387 2113 23484
26432 9118 9590
9118 9590 26432
9590 9118 26432
18005 23693 27482
23693 18005 27482
27482 18005 23693
19805 25407 25952
25407 19805 25952
25952 19805 25407
18389 7156 28163
7156 18389 28163
28163 7156 18389
26348 16661 25901
25901 16661 26348
16661 25901 26348
267 11301 15668
15668 267 11301
11301 267 15668
286 17018 28222
17018 286 28222
28222 286 17018
12040 15934 25234
25234 12040 15934
15934 12040 25234
10289 5061 11890
5061 10289 11890
11890 5061 10289
420 6706 17464
6706 420 17464
17464 420 6706
13635 9574 21988
21988 9574 13635
9574 13635 21988
3584 8317 29410
8317 3584 29410
29410 3584 8317
10689 4275 25964
25964 4275 10689
4275 10689 25964
22938 19357 22849
22849 19357 22938
19357 22849 22938
11040 2261 14844
14844 2261 11040
2261 11040 14844
21707 3791 12867
12867 3791 21707
3791 12867 21707
2889 21709 24378
21709 2889 24378
24378 2889 21709
24181 13548 21758
21758 13548 24181
13548 21758 24181
29123 8334 29913
29913 8334 29123
8334 29123 29913
17748 21972 24027
21972 17748 24027
24027 17748 21972
23563 3347 4548
3347 4548 23563
4548 3347 23563
8504 10115 18016
18016 8504 10115
10115 8504 18016
19053 7566 8654
7566 8654 19053
8654 7566 19053
4427 23202 29129
23202 4427 29129
29129 4427 23202
10634 11593 14727
11593 10634 14727
14727 10634 11593
1046 16934 21023
21023 1046 16934
16934 1046 21023
6376 20335 23807
20335 6376 23807
23807 6376 20335
22744 107 9399
9399 107 22744
107 9399 22744
27863 6649 10499
6649 10499 27863
10499 6649 27863
4080 6049 19029
19029 4080 6049
6049 4080 19029
605 5718 23062
5718 605 23062
23062 605 5718
6994 3444 20101
20101 3444 6994
3444 6994 20101
20808 15127 16810
15127 16810 20808
16810 15127 20808
4478 20797 23179
23179 4478 20797
20797 4478 23179
3588 3225 19300
19300 3225 3588
3225 3588 19300
12812 8947 18616
18616 8947 12812
8947 12812 18616
14733 3744 21863
21863 3744 14733
3744 14733 21863
7196 1761 23012
1761 7196 23012
23012 1761 7196
997 12262 18972
12262 997 18972
18972 997 12262
3210 826 4016
826 3210 4016
4016 826 3210
10490 14274 28386
28386 10490 14274
14274 10490 28386
12123 5335 27556
5335 12123 27556
27556 5335 12123
9651 12982 17539
12982 9651 17539
17539 9651 12982
16358 5770 13141
5770 13141 16358
13141 5770 16358
9774 10271 18093
18093 9774 10271
10271 9774 18093
1257 7288 10306
7288 1257 10306
10306 1257 7288
2015 6438 26256
26256 2015 6438
6438 2015 26256
26106 1055 19256
19256 1055 26106
1055 19256 26106
4950 12594 17914
17914 4950 12594
12594 4950 17914
10167 27578 29374
27578 10167 29374
29374 10167 27578
6102 15737 26719
26719 6102 15737
15737 6102 26719
9510 2992 27324
27324 2992 9510
2992 9510 27324
2112 12749 29436
12749 2112 29436
29436 2112 12749
12154 5984 27572
5984 12154 27572
27572 5984 12154
1141 130 16878
130 1141 16878
16878 130 1141
16997 7837 28019
7837 16997 28019
28019 7837 16997
4843 2514 13159
13159 2514 4843
2514 4843 13159
13329 5225 21074
5225 13329 21074
21074 5225 13329
547 19192 21361
19192 547 21361
21361 547 19192
4014 16662 24745
16662 4014 24745
24745 4014 16662
24975 3176 5845
3176 5845 24975
5845 3176 24975
14972 4131 19628
4131 14972 19628
19628 4131 14972
18349 23177 25534
23177 18349 25534
25534 18349 23177
24569 1053 8367
8367 1053 24569
1053 8367 24569
2289 25328 25941
25328 2289 25941
25941 2289 25328
15231 5882 20100
5882 15231 20100
20100 5882 15231
10333 9886 14224
9886 10333 14224
14224 9886 10333
27506 23721 24384
24384 23721 27506
23721 24384 27506
5356 268 1935
268 1935 5356
1935 268 5356
9759 19104 23308
19104 9759 23308
23308 9759 19104
3296 5655 11445
11445 3296 5655
5655 3296 11445
667 2403 10831
10831 667 2403
2403 667 10831
24853 7964 11124
11124 7964 24853
7964 11124 24853
10954 1744 16450
16450 1744 10954
1744 10954 16450
16251 13034 14621
13034 14621 16251
14621 13034 16251
17633 27311 27335
27311 17633 27335
27335 17633 27311
26057 14604 16302
14604 16302 26057
16302 14604 26057
3475 4136 19995
4136 3475 19995
19995 3475 4136
4575 9650 28535
9650 4575 28535
28535 4575 9650
1322 25077 27989
25077 1322 27989
27989 1322 25077
19842 3694 25098
3694 19842 25098
25098 3694 19842
630 1150 4502
1150 630 4502
4502 630 1150
15298 25330 29609
25330 15298 29609
29609 15298 25330
28761 4957 22623
22623 4957 28761
4957 22623 28761
13352 1268 16896
1268 13352 16896
16896 1268 13352
15343 16063 25591
16063 15343 25591
25591 15343 16063
13986 18787 27441
18787 13986 27441
27441 13986 18787
21807 3862 18784
18784 3862 21807
3862 18784 21807
17274 13630 16409
13630 16409 17274
16409 13630 17274
25932 6954 12585
6954 12585 25932
12585 6954 25932
6644 13041 24038
13041 6644 24038
24038 6644 13041
11385 2734 18424
18424 2734 11385
2734 11385 18424
28500 7206 25895
7206 25895 28500
25895 7206 28500
8301 7222 23509
7222 8301 23509
23509 7222 8301
21187 12271 13672
13672 12271 21187
12271 13672 21187
23823 434 6347
6347 434 23823
434 6347 23823
26011 6689 15435
15435 6689 26011
6689 15435 26011
1597 16907 17788
16907 1597 17788
17788 1597 16907
16670 7803 8105
7803 8105 16670
8105 7803 16670
18377 1780 8874
8874 1780 18377
1780 8874 18377
25970 7651 21232
21232 7651 25970
7651 21232 25970
5123 2826 10537
10537 2826 5123
2826 5123 10537
20666 9497 12522
9497 12522 20666
12522 9497 20666
27035 13901 19391
13901 19391 27035
19391 13901 27035
24534 1493 29769
1493 24534 29769
29769 1493 24534
670 21461 24350
21461 670 24350
24350 670 21461
5352 9458 15772
15772 5352 9458
9458 5352 15772
1467 7684 18028
18028 1467 7684
7684 1467 18028
9761 5515 8890
5515 8890 9761
8890 5515 9761
22558 20688 28800
28800 20688 22558
20688 22558 28800
13736 956 9575
956 9575 13736
9575 956 13736
12457 8614 24666
24666 8614 12457
8614 12457 24666
16761 2026 9173
9173 2026 16761
2026 9173 16761
12736 5117 10806
5117 10806 12736
10806 5117 12736
10260 2761 27631
2761 10260 27631
27631 2761 10260
13066 2121 11000
11000 2121 13066
2121 11000 13066
15129 21538 27357
21538 15129 27357
27357 15129 21538
12140 3451 14858
14858 3451 12140
3451 12140 14858
4589 3424 8383
8383 3424 4589
3424 4589 8383
21186 11061 24436
24436 11061 21186
11061 21186 24436
4764 1862 5124
1862 4764 5124
5124 1862 4764
22176 1007 8808
8808 1007 22176
1007 8808 22176
21925 7128 23325
7128 21925 23325
23325 7128 21925
14634 22033 23957
23957 14634 22033
22033 14634 23957
2020 378 9328
9328 378 2020
378 2020 9328
6081 20326 24132
20326 6081 24132
24132 6081 20326
4362 13067 25998
13067 4362 25998
25998 4362 13067
17865 9988 26193
9988 17865 26193
26193 9988 17865
2795 18155 27400
27400 2795 18155
18155 2795 27400
26175 3534 28432
28432 3534 26175
3534 26175 28432
2782 21785 29969
29969 2782 21785
21785 2782 29969
10813 1944 2029
1944 2029 10813
2029 1944 10813
200 19223 28682
19223 200 28682
28682 200 19223
19943 13449 25487
13449 19943 25487
25487 13449 19943
6630 16765 20045
16765 6630 20045
20045 6630 16765
26648 1859 24874
24874 1859 26648
1859 24874 26648
20461 11671 14600
11671 14600 20461
14600 11671 20461
7928 19213 27784
27784 7928 19213
19213 7928 27784
2125 3158 18468
18468 2125 3158
3158 2125 18468
19727 10428 20035
10428 19727 20035
20035 10428 19727
222 15568 24202
24202 222 15568
15568 222 24202
11863 15107 18198
15107 11863 18198
18198 11863 15107
15077 5479 14780
14780 5479 15077
5479 14780 15077
20297 6104 24206
6104 20297 24206
24206 6104 20297
1851 14451 27742
14451 1851 27742
27742 1851 14451
3046 9374 18862
18862 3046 9374
9374 3046 18862
17190 12674 29460
12674 17190 29460
29460 12674 17190
27802 1637 17740
1637 17740 27802
17740 1637 27802
15915 14887 25630
14887 15915 25630
25630 14887 15915
18971 7270 23480
7270 18971 23480
23480 7270 18971
3724 10380 28808
28808 3724 10380
10380 3724 28808
22397 12503 28096
28096 12503 22397
12503 22397 28096
7809 10668 29200
29200 7809 10668
10668 7809 29200
25806 991 5327
991 5327 25806
5327 991 25806
12015 8157 16788
8157 12015 16788
16788 8157 12015
14042 4873 22149
4873 14042 22149
22149 4873 14042
7939 14208 28185
28185 7939 14208
14208 7939 28185
2277 5794 14861
14861 2277 5794
5794 2277 14861
10013 4664 26278
26278 4664 10013
4664 10013 26278
28707 11273 23440
11273 23440 28707
23440 11273 28707
13207 1455 2568
1455 2568 13207
2568 1455 13207
28444 4138 21622
21622 4138 28444
4138 21622 28444
20833 6761 25092
25092 6761 20833
6761 20833 25092
24198 3903 25237
3903 24198 25237
25237 3903 24198
6456 6262 19509
6262 6456 19509
19509 6262 6456
13348 11642 23996
11642 13348 23996
23996 11642 13348
28548 3874 21293
3874 21293 28548
21293 3874 28548
7162 5787 9381
9381 5787 7162
5787 7162 9381
12963 3602 15616
3602 12963 15616
15616 3602 12963
11323 13316 19000
13316 11323 19000
19000 11323 13316
10829 13417 28187
13417 10829 28187
28187 10829 13417
9276 6136 13786
6136 9276 13786
13786 6136 9276
6001 161 29233
29233 161 6001
161 6001 29233
2588 22138 28126
22138 2588 28126
28126 2588 22138
20412 6957 8745
8745 6957 20412
6957 8745 20412
25323 7730 23152
7730 23152 25323
23152 7730 25323
7786 11901 17167
11901 7786 17167
17167 7786 11901
18854 3173 29223
3173 18854 29223
29223 3173 18854
24759 391 21251
391 21251 24759
21251 391 24759
13004 1253 3050
3050 1253 13004
1253 3050 13004
17371 11101 27140
27140 11101 17371
11101 17371 27140
11270 15088 28366
15088 11270 28366
28366 11270 15088
23257 2904 4262
4262 2904 23257
2904 4262 23257
27901 8168 16958
8168 16958 27901
16958 8168 27901
24805 15194 22454
15194 22454 24805
22454 15194 24805
4763 10552 22056
22056 4763 10552
10552 4763 22056
3327 21845 26607
21845 3327 26607
26607 3327 21845
1564 7654 20778
20778 1564 7654
7654 1564 20778
4491 6967 12676
6967 4491 12676
12676 4491 6967
28633 7324 27955
7324 27955 28633
27955 7324 28633
1080 17205 21443
17205 1080 21443
21443 1080 17205
5673 3216 13491
13491 3216 5673
3216 5673 13491
24234 12325 20630
20630 12325 24234
12325 20630 24234
22714 13127 19711
13127 19711 22714
19711 13127 22714
26921 7370 18190
7370 18190 26921
18190 7370 26921
13961 8930 25815
8930 13961 25815
25815 8930 13961
3103 18802 28008
28008 3103 18802
18802 3103 28008
29421 9974 27777
27777 9974 29421
9974 27777 29421
25993 10103 26478
10103 25993 26478
26478 10103 25993
21605 15870 24937
24937 15870 21605
15870 21605 24937
1125 9120 16694
16694 1125 9120
9120 1125 16694
12917 1856 10999
1856 10999 12917
10999 1856 12917
26872 14939 27886
14939 26872 27886
27886 14939 26872
22727 9194 27242
27242 9194 22727
9194 22727 27242
28824 6032 13062
6032 13062 28824
13062 6032 28824
4439 18189 26158
26158 4439 18189
18189 4439 26158
29138 20188 28607
28607 20188 29138
20188 28607 29138
9134 4518 21298
4518 9134 21298
21298 4518 9134
19122 6764 27221
27221 6764 19122
6764 19122 27221
8619 6448 24468
24468 6448 8619
6448 8619 24468
15461 10823 12385
12385 10823 15461
10823 12385 15461
25322 6785 23262
23262 6785 25322
6785 23262 25322
17395 13806 21674
13806 17395 21674
21674 13806 17395
19496 11330 23414
23414 11330 19496
11330 19496 23414
10797 3484 21618
3484 10797 21618
21618 3484 10797
957 1674 27584
27584 957 1674
1674 957 27584
24423 12298 23685
12298 23685 24423
23685 12298 24423
23835 2687 17333
17333 2687 23835
2687 17333 23835
29718 6608 17037
6608 17037 29718
17037 6608 29718
23053 103 23170
23170 103 23053
103 23053 23170
14637 556 5258
556 5258 14637
5258 556 14637
21564 1711 5887
1711 5887 21564
5887 1711 21564
14702 1580 12640
1580 12640 14702
12640 1580 14702
5443 4369 11590
11590 4369 5443
4369 5443 11590
20713 12372 19077
12372 19077 20713
19077 12372 20713
26881 20058 27677
20058 26881 27677
27677 20058 26881
15411 8606 9517
8606 9517 15411
9517 8606 15411
15768 19225 19904
19225 15768 19904
19904 15768 19225
12810 9534 25555
9534 12810 25555
25555 9534 12810
15767 13910 13983
13983 13910 15767
13910 13983 15767
6086 9446 18677
18677 6086 9446
9446 6086 18677
28756 5763 6652
6652 5763 28756
5763 6652 28756
1965 11915 14709
11915 1965 14709
14709 1965 11915
809 10903 27949
10903 809 27949
27949 809 10903
26493 4673 22752
22752 4673 26493
4673 22752 26493
10123 306 2880
2880 306 10123
306 2880 10123
16283 3960 14165
14165 3960 16283
3960 14165 16283
6319 11891 16771
16771 6319 11891
11891 6319 16771
11508 1934 13452
1934 11508 13452
13452 1934 11508
23225 20866 22855
20866 22855 23225
22855 20866 23225
18243 22029 25685
25685 18243 22029
22029 18243 25685
7735 6055 20373
6055 7735 20373
20373 6055 7735
13867 558 19230
558 13867 19230
19230 558 13867
2242 3356 4202
4202 2242 3356
3356 2242 4202
25490 16048 29465
16048 25490 29465
29465 16048 25490
8443 1100 3671
1100 3671 8443
3671 1100 8443
12217 1946 28816
28816 1946 12217
1946 12217 28816
8652 20905 26370
26370 8652 20905
20905 8652 26370
20534 7159 17924
17924 7159 20534
7159 17924 20534
15193 4603 5820
4603 5820 15193
5820 4603 15193
27190 3373 3463
3373 3463 27190
3463 3373 27190
10340 10098 14275
10098 10340 14275
14275 10098 10340
14340 8565 21222
8565 14340 21222
21222 8565 14340
8136 16974 22202
16974 8136 22202
22202 8136 16974
16658 26736 27689
26736 16658 27689
27689 16658 26736
16680 14380 20715
14380 16680 20715
20715 14380 16680
7811 15643 22903
15643 7811 22903
22903 7811 15643
8409 2591 16916
16916 2591 8409
2591 8409 16916
6969 13229 25303
25303 6969 13229
13229 6969 25303
13459 13511 19185
13511 13459 19185
19185 13459 13511
14726 905 26522
26522 905 14726
905 14726 26522
11988 5775 6436
5775 6436 11988
6436 5775 11988
23449 1167 6621
1167 6621 23449
6621 1167 23449
3619 14759 18858
18858 3619 14759
14759 3619 18858
15969 4034 9443
9443 4034 15969
4034 9443 15969
1491 13381 26710
13381 1491 26710
26710 1491 13381
13373 24134 28652
28652 13373 24134
24134 13373 28652
3677 23632 26606
26606 3677 23632
23632 3677 26606
21796 7182 10318
10318 7182 21796
7182 10318 21796
23406 16636 24187
16636 23406 24187
24187 16636 23406
27993 11142 12196
12196 11142 27993
11142 12196 27993
6590 14765 16241
14765 6590 16241
16241 6590 14765
8770 2963 24789
2963 8770 24789
24789 2963 8770
18168 19274 22018
22018 18168 19274
19274 18168 22018
7157 2369 16267
16267 2369 7157
2369 7157 16267
28896 5472 27528
5472 27528 28896
27528 5472 28896
11601 10168 11314
11314 10168 11601
10168 11314 11601
21550 19495 25337
25337 19495 21550
19495 21550 25337
17235 3097 9011
3097 9011 17235
9011 3097 17235
27893 10382 25060
25060 10382 27893
10382 25060 27893
28843 21561 27633
21561 27633 28843
27633 21561 28843
22467 12686 24313
12686 22467 24313
24313 12686 22467
19262 1494 15818
1494 15818 19262
15818 1494 19262
10592 7942 20987
7942 10592 20987
20987 7942 10592
9570 11818 29640
11818 9570 29640
29640 9570 11818
21344 744 818
818 744 21344
744 818 21344
1768 2547 15832
15832 1768 2547
2547 1768 15832
14243 13637 28342
13637 14243 28342
28342 13637 14243
2027 1039 23927
23927 1039 2027
1039 2027 23927
4773 18082 21763
18082 4773 21763
21763 4773 18082
9045 21652 25885
21652 9045 25885
25885 9045 21652
7227 8538 8974
8538 7227 8974
8974 7227 8538
7435 22607 28391
28391 7435 22607
22607 7435 28391
25646 15649 19893
19893 15649 25646
15649 19893 25646
14004 5996 23844
5996 14004 23844
23844 5996 14004
17582 15712 29779
29779 15712 17582
15712 17582 29779
9047 7467 20054
7467 9047 20054
20054 7467 9047
11378 2024 17642
17642 2024 11378
2024 11378 17642
14440 3082 16702
16702 3082 14440
3082 14440 16702
10611 23777 28155
23777 10611 28155
28155 10611 23777
26843 503 25605
503 25605 26843
25605 503 26843
20912 10176 23495
10176 20912 23495
23495 10176 20912
6492 4537 11945
4537 6492 11945
11945 4537 6492
2913 18305 23783
18305 2913 23783
23783 2913 18305
3323 9916 20716
20716 3323 9916
9916 3323 20716
4854 6564 20495
6564 4854 20495
20495 4854 6564
23357 8462 10583
10583 8462 23357
8462 10583 23357
1556 23161 27211
27211 1556 23161
23161 1556 27211
22940 27917 28648
27917 22940 28648
28648 22940 27917
17096 12517 16183
16183 12517 17096
12517 16183 17096
12433 16849 25726
25726 12433 16849
16849 12433 25726
3396 5293 15555
15555 3396 5293
5293 3396 15555
8121 3168 23301
23301 3168 8121
3168 8121 23301
25797 23940 26680
23940 25797 26680
26680 23940 25797
25312 10641 18943
10641 18943 25312
18943 10641 25312
14214 751 18237
751 14214 18237
18237 751 14214
17236 3092 22361
22361 3092 17236
3092 17236 22361
17694 29063 29065
29063 17694 29065
29065 17694 29063
8290 17943 26253
26253 8290 17943
17943 8290 26253
23344 23734 28932
23734 23344 28932
28932 23344 23734
23741 3374 23861
3374 23741 23861
23861 3374 23741
5516 14555 28542
14555 5516 28542
28542 5516 14555
15717 23878 25302
25302 15717 23878
23878 15717 25302
27232 8846 22103
22103 8846 27232
8846 22103 27232
10303 11011 24253
11011 10303 24253
24253 10303 11011
9307 29196 29894
29894 9307 29196
29196 9307 29894
4464 7203 19247
7203 4464 19247
19247 4464 7203
28091 10239 19710
10239 19710 28091
19710 10239 28091
14902 17283 17566
17283 14902 17566
17566 14902 17283
9078 3100 14793
14793 3100 9078
3100 9078 14793
5656 1898 12995
12995 1898 5656
1898 5656 12995
8660 12881 20965
12881 8660 20965
20965 8660 12881
13075 6708 7880
7880 6708 13075
6708 7880 13075
29483 18196 27994
27994 18196 29483
18196 27994 29483
803 21035 23415
21035 803 23415
23415 803 21035
