54 233 253
253 54 233
233 54 253
135 86 218
86 135 218
218 86 135
36 84 238
84 36 238
238 36 84
299 154 259
154 259 299
259 154 299
297 241 262
262 241 297
241 262 297
213 180 223
180 213 223
223 180 213
159 72 136
136 72 159
72 136 159
33 64 179
179 33 64
64 33 179
60 176 265
176 60 265
265 60 176
260 49 224
224 49 260
49 224 260
57 35 124
35 57 124
124 35 57
87 286 292
292 87 286
286 87 292
143 44 152
152 44 143
44 143 152
6 236 296
236 6 296
296 6 236
108 121 166
166 108 121
121 108 166
94 158 294
294 94 158
158 94 294
147 21 280
280 21 147
21 147 280
24 23 266
23 24 266
266 23 24
70 120 170
120 70 170
170 70 120
142 144 178
144 142 178
178 142 144
5 74 78
74 5 78
78 5 74
39 53 102
53 39 102
102 39 53
73 63 133
63 73 133
133 63 73
81 93 284
93 81 284
284 81 93
209 26 97
97 26 209
26 97 209
185 153 276
276 153 185
153 185 276
240 85 293
293 85 240
85 240 293
177 25 139
25 139 177
139 25 177
162 268 295
268 162 295
295 162 268
34 56 92
92 34 56
56 34 92
69 126 148
126 69 148
148 69 126
138 32 234
234 32 138
32 138 234
18 150 279
279 18 150
150 18 279
19 7 221
7 19 221
221 7 19
114 75 231
231 75 114
75 114 231
210 190 271
271 190 210
190 210 271
38 15 76
15 38 76
76 15 38
105 163 184
163 105 184
184 105 163
300 123 168
168 123 300
123 168 300
129 208 298
208 129 298
298 129 208
281 103 107
103 107 281
107 103 281
214 17 99
99 17 214
17 99 214
22 257 275
275 22 257
257 22 275
264 28 113
113 28 264
28 113 264
128 52 134
134 52 128
52 128 134
220 9 16
9 16 220
16 9 220
71 59 196
59 71 196
196 59 71
255 2 246
2 246 255
246 2 255
45 27 235
27 45 235
235 27 45
109 95 117
95 109 117
117 95 109
125 66 219
219 66 125
66 125 219
161 58 288
288 58 161
58 161 288
278 195 291
195 278 291
291 195 278
155 104 226
226 104 155
104 155 226
243 165 267
267 165 243
165 243 267
290 14 237
14 237 290
237 14 290
174 130 131
131 130 174
130 131 174
249 67 80
80 67 249
67 80 249
192 160 256
160 192 256
256 160 192
29 100 252
100 29 252
252 29 100
169 247 272
247 169 272
272 169 247
270 112 119
112 119 270
119 112 270
225 96 149
96 149 225
149 96 225
65 55 145
145 55 65
55 65 145
137 157 201
157 137 201
201 137 157
197 173 251
173 197 251
251 173 197
206 11 47
11 47 206
47 11 206
106 13 188
13 106 188
188 13 106
164 90 285
90 164 285
285 90 164
181 239 245
245 181 239
239 181 245
79 187 198
187 79 198
198 79 187
258 116 216
116 216 258
216 116 258
207 115 205
115 205 207
205 115 207
171 101 244
101 171 244
244 101 171
232 194 217
217 194 232
194 217 232
287 189 277
277 189 287
189 277 287
122 111 289
289 111 122
111 122 289
127 1 263
263 1 127
1 127 263
156 91 229
229 91 156
91 156 229
31 37 50
37 31 50
50 31 37
202 42 51
42 51 202
51 42 202
89 20 261
20 89 261
261 20 89
68 10 191
191 10 68
10 68 191
204 43 193
43 193 204
193 43 204
82 46 248
248 46 82
46 82 248
269 182 274
182 269 274
274 182 269
110 30 230
30 110 230
230 30 110
212 8 41
8 41 212
41 8 212
242 132 141
141 132 242
132 141 242
250 4 61
61 4 250
4 61 250
167 88 203
88 167 203
203 88 167
282 98 172
98 172 282
172 98 282
228 48 222
48 222 228
222 48 228
151 62 227
227 62 151
62 151 227
40 199 254
199 40 254
254 40 199
186 140 183
140 183 186
183 140 186
3 211 273
211 3 273
273 3 211
200 77 215
77 200 215
215 77 200
146 83 175
175 83 146
83 146 175
283 12 118
12 118 283
118 12 283
