10 74 142
74 10 142
142 10 74
140 32 217
32 140 217
217 32 140
177 16 234
234 16 177
16 177 234
106 71 230
71 106 230
230 71 106
48 51 60
51 48 60
60 48 51
166 33 215
215 33 166
33 166 215
81 107 118
118 81 107
107 81 118
141 116 284
284 116 141
116 141 284
114 8 294
8 114 294
294 8 114
87 210 259
259 87 210
210 87 259
163 121 269
269 121 163
121 163 269
69 59 187
187 59 69
59 69 187
91 54 285
285 54 91
54 91 285
273 97 209
97 209 273
209 97 273
207 13 224
224 13 207
13 207 224
256 40 246
246 40 256
40 246 256
135 101 179
101 135 179
179 101 135
25 67 111
111 25 67
67 25 111
43 7 171
7 43 171
171 7 43
206 31 252
31 206 252
252 31 206
124 62 248
62 124 248
248 62 124
146 90 183
90 146 183
183 90 146
251 9 290
9 251 290
290 9 251
125 108 211
211 108 125
108 125 211
22 186 231
231 22 186
186 22 231
204 83 255
83 204 255
255 83 204
133 75 115
75 115 133
115 75 133
236 196 226
196 226 236
226 196 236
258 105 136
136 105 258
105 136 258
21 46 250
250 21 46
46 21 250
245 27 227
227 27 245
27 227 245
30 14 73
73 14 30
14 30 73
15 155 174
174 15 155
155 15 174
254 205 280
205 254 280
280 205 254
194 44 128
128 44 194
44 128 194
193 5 156
5 156 193
156 5 193
253 34 100
100 34 253
34 100 253
38 157 241
157 38 241
241 38 157
66 53 82
82 53 66
53 66 82
180 37 56
56 37 180
37 56 180
12 212 298
298 12 212
212 12 298
239 195 264
264 195 239
195 239 264
119 96 247
96 119 247
247 96 119
161 200 266
200 161 266
266 161 200
154 94 208
208 94 154
94 154 208
151 168 263
168 151 263
263 151 168
92 1 189
189 1 92
1 92 189
283 237 278
237 278 283
278 237 283
139 268 291
268 139 291
291 139 268
17 6 162
6 17 162
162 6 17
138 220 232
232 138 220
220 138 232
276 238 289
289 238 276
238 276 289
275 68 218
68 218 275
218 68 275
164 41 165
165 41 164
41 164 165
153 123 219
219 123 153
123 153 219
281 61 249
61 249 281
249 61 281
243 137 160
137 160 243
160 137 243
282 158 216
216 158 282
158 216 282
84 49 147
49 84 147
147 49 84
132 130 167
167 130 132
130 132 167
11 52 93
93 11 52
52 11 93
202 47 260
47 202 260
260 47 202
223 110 225
110 223 225
225 110 223
185 2 79
2 79 185
79 2 185
288 95 203
203 95 288
95 203 288
169 109 172
172 109 169
109 169 172
148 42 228
228 42 148
42 148 228
175 191 287
287 175 191
191 175 287
104 28 262
262 28 104
28 104 262
85 145 293
293 85 145
145 85 293
150 80 176
80 150 176
176 80 150
235 149 261
149 235 261
261 149 235
188 29 131
131 29 188
29 131 188
113 55 190
190 55 113
55 113 190
89 129 233
233 89 129
129 89 233
76 143 257
257 76 143
143 76 257
70 57 286
286 57 70
57 70 286
20 127 270
127 20 270
270 20 127
182 24 99
24 99 182
99 24 182
242 178 199
199 178 242
178 199 242
297 126 159
126 159 297
159 126 297
45 23 229
23 45 229
229 23 45
144 26 122
26 122 144
122 26 144
267 3 19
19 3 267
3 19 267
120 88 184
88 120 184
184 88 120
271 36 98
98 36 271
36 98 271
4 170 272
272 4 170
170 4 272
134 102 277
102 134 277
277 102 134
300 265 292
292 265 300
265 292 300
295 86 198
198 86 295
86 198 295
181 50 152
152 50 181
50 152 181
58 72 103
103 58 72
72 58 103
39 35 64
64 35 39
35 39 64
117 78 240
78 117 240
240 78 117
65 63 244
244 63 65
63 65 244
299 18 197
197 18 299
18 197 299
222 112 221
221 112 222
112 221 222
296 192 279
279 192 296
192 279 296
274 173 201
173 201 274
201 173 274
214 77 213
77 213 214
213 77 214
