25287 4490 29143
4490 25287 29143
29143 4490 25287
2986 21949 28813
21949 2986 28813
28813 2986 21949
15612 1736 10766
1736 10766 15612
10766 1736 15612
20690 4692 21309
4692 20690 21309
21309 4692 20690
21338 3474 9275
9275 3474 21338
3474 9275 21338
9059 991 29787
991 9059 29787
29787 991 9059
6646 10407 12352
10407 6646 12352
12352 6646 10407
2879 9056 9500
9500 2879 9056
9056 2879 9500
16958 6067 17566
6067 16958 17566
17566 6067 16958
16227 5542 14919
5542 14919 16227
14919 5542 16227
563 1668 20277
20277 563 1668
1668 563 20277
11134 1984 9430
1984 9430 11134
9430 1984 11134
16900 5836 19853
5836 16900 19853
19853 5836 16900
16104 26671 28893
28893 16104 26671
26671 16104 28893
17131 5580 10316
10316 5580 17131
5580 10316 17131
13959 31 19939
19939 31 13959
31 13959 19939
16134 21242 25531
21242 16134 25531
25531 16134 21242
9881 11228 29229
11228 9881 29229
29229 9881 11228
6224 21115 22682
21115 6224 22682
22682 6224 21115
10411 535 2567
535 2567 10411
2567 535 10411
24122 13168 20166
13168 20166 24122
20166 13168 24122
13862 21471 22109
21471 13862 22109
22109 13862 21471
514 5488 6693
5488 514 6693
6693 514 5488
10021 4252 21703
4252 10021 21703
21703 4252 10021
13815 9592 21125
21125 9592 13815
9592 13815 21125
8324 4188 25052
25052 4188 8324
4188 8324 25052
26073 7237 16488
16488 7237 26073
7237 16488 26073
5520 6603 28954
6603 5520 28954
28954 5520 6603
3595 8085 12830
8085 3595 12830
12830 3595 8085
16237 14368 21341
14368 16237 21341
21341 14368 16237
27828 10749 11111
11111 10749 27828
10749 11111 27828
7900 1318 13253
1318 7900 13253
13253 1318 7900
11940 13435 22048
22048 11940 13435
13435 11940 22048
5168 18013 19318
18013 5168 19318
19318 5168 18013
29305 16141 29873
29873 16141 29305
16141 29305 29873
4375 2218 2422
2218 2422 4375
2422 2218 4375
29142 3266 19060
3266 19060 29142
19060 3266 29142
13796 12594 13530
12594 13530 13796
13530 12594 13796
11555 1069 4297
1069 4297 11555
4297 1069 11555
22860 10120 26767
26767 10120 22860
10120 22860 26767
5432 8612 19560
19560 5432 8612
8612 5432 19560
21942 4989 19288
19288 4989 21942
4989 19288 21942
7008 19600 27033
27033 7008 19600
19600 7008 27033
3202 830 17172
17172 830 3202
830 3202 17172
24201 1043 16085
16085 1043 24201
1043 16085 24201
15711 5776 21654
5776 15711 21654
21654 5776 15711
14532 8713 22319
8713 14532 22319
22319 8713 14532
26386 4299 23772
4299 23772 26386
23772 4299 26386
6774 17744 24232
17744 6774 24232
24232 6774 17744
4846 967 21501
967 4846 21501
21501 967 4846
24773 5825 29045
5825 24773 29045
29045 5825 24773
7899 9779 23283
23283 7899 9779
9779 7899 23283
8237 5817 12210
12210 5817 8237
5817 8237 12210
8957 1019 18364
1019 8957 18364
18364 1019 8957
18813 20575 24856
20575 18813 24856
24856 18813 20575
14455 12964 20035
20035 12964 14455
12964 14455 20035
2464 14890 26535
14890 2464 26535
26535 2464 14890
14796 11765 28539
11765 14796 28539
28539 11765 14796
1033 22324 28786
28786 1033 22324
22324 1033 28786
22678 18738 29179
29179 18738 22678
18738 22678 29179
25698 2775 17222
17222 2775 25698
2775 17222 25698
7746 24480 29930
29930 7746 24480
24480 7746 29930
15409 12823 29501
29501 12823 15409
12823 15409 29501
14851 126 28465
126 14851 28465
28465 126 14851
29459 9259 13789
9259 13789 29459
13789 9259 29459
22271 693 8923
8923 693 22271
693 8923 22271
12319 2837 19637
2837 12319 19637
19637 2837 12319
6415 8208 17998
17998 6415 8208
8208 6415 17998
753 47 23274
23274 47 753
47 753 23274
13348 13904 25964
25964 13348 13904
13904 13348 25964
16201 15192 22438
15192 16201 22438
22438 15192 16201
21789 3684 29756
29756 3684 21789
3684 21789 29756
24752 28437 28795
28437 24752 28795
28795 24752 28437
9573 3823 22444
22444 3823 9573
3823 9573 22444
3632 21035 29485
29485 3632 21035
21035 3632 29485
5799 11567 15730
11567 5799 15730
15730 5799 11567
27883 14649 24596
24596 14649 27883
14649 24596 27883
16317 2548 16873
2548 16317 16873
16873 2548 16317
19008 3985 14472
14472 3985 19008
3985 14472 19008
16679 1915 20291
1915 16679 20291
20291 1915 16679
15853 4356 15278
15278 4356 15853
4356 15278 15853
28831 12216 15129
12216 15129 28831
15129 12216 28831
22681 16713 21646
16713 21646 22681
21646 16713 22681
25881 10665 25963
10665 25881 25963
25963 10665 25881
14733 19335 27790
19335 14733 27790
27790 14733 19335
29970 7281 11084
7281 11084 29970
11084 7281 29970
18422 23776 25651
23776 18422 25651
25651 18422 23776
15498 12554 12814
12814 12554 15498
12554 12814 15498
29313 1326 9204
1326 9204 29313
9204 1326 29313
24190 14548 27111
14548 24190 27111
27111 14548 24190
2805 14498 14878
14498 2805 14878
14878 2805 14498
18184 16401 18480
16401 18184 18480
18480 16401 18184
28600 9584 17470
17470 9584 28600
9584 17470 28600
4077 924 17204
17204 924 4077
924 4077 17204
8084 23830 26249
23830 8084 26249
26249 8084 23830
13829 15966 22506
15966 13829 22506
22506 13829 15966
21664 22070 27263
27263 21664 22070
22070 21664 27263
20488 21941 22376
22376 20488 21941
21941 20488 22376
21883 104 9896
104 9896 21883
9896 104 21883
10193 3669 26054
3669 10193 26054
26054 3669 10193
22945 5507 19673
19673 5507 22945
5507 19673 22945
28541 4145 26951
4145 26951 28541
26951 4145 28541
18589 9332 29457
9332 18589 29457
29457 9332 18589
22422 3271 20685
20685 3271 22422
3271 20685 22422
13885 21974 25630
21974 13885 25630
25630 13885 21974
25596 23561 28681
28681 23561 25596
23561 25596 28681
10622 24849 25882
24849 10622 25882
25882 10622 24849
13320 16002 28879
16002 13320 28879
28879 13320 16002
18757 701 16807
701 16807 18757
16807 701 18757
6752 1302 3107
1302 3107 6752
3107 1302 6752
18775 5796 27672
5796 18775 27672
27672 5796 18775
19705 13910 24000
24000 13910 19705
13910 19705 24000
15078 7193 9302
9302 7193 15078
7193 9302 15078
409 17757 17988
17988 409 17757
17757 409 17988
8886 21658 28928
21658 8886 28928
28928 8886 21658
4360 4457 19903
19903 4360 4457
4457 4360 19903
22468 12884 18369
12884 18369 22468
18369 12884 22468
1773 23362 26514
23362 1773 26514
26514 1773 23362
4748 2330 19629
2330 4748 19629
19629 2330 4748
19406 4218 20769
20769 4218 19406
4218 19406 20769
9968 2368 19442
2368 9968 19442
19442 2368 9968
23754 3576 13373
13373 3576 23754
3576 13373 23754
23035 8930 15299
15299 8930 23035
8930 15299 23035
2059 23767 26572
26572 2059 23767
23767 2059 26572
18941 25736 29746
29746 18941 25736
25736 18941 29746
23072 10482 28078
28078 10482 23072
10482 23072 28078
15926 16675 19092
16675 15926 19092
19092 15926 16675
26499 22276 24202
24202 22276 26499
22276 24202 26499
6666 388 16112
16112 388 6666
388 6666 16112
11985 6642 22794
22794 6642 11985
6642 11985 22794
4062 27462 29597
27462 4062 29597
29597 4062 27462
21419 5435 16483
5435 16483 21419
16483 5435 21419
9612 15061 22028
15061 9612 22028
22028 9612 15061
18070 11020 24636
11020 18070 24636
24636 11020 18070
6820 6155 27472
27472 6155 6820
6155 6820 27472
5 25497 29111
29111 5 25497
25497 5 29111
6719 1491 21637
21637 1491 6719
1491 6719 21637
1998 4933 27280
27280 1998 4933
4933 1998 27280
24518 18536 19983
19983 18536 24518
18536 19983 24518
10023 9040 26041
26041 9040 10023
9040 10023 26041
5631 642 3236
3236 642 5631
642 3236 5631
15020 25493 25985
25493 15020 25985
25985 15020 25493
12085 1187 19886
1187 12085 19886
19886 1187 12085
23736 13469 14549
13469 14549 23736
14549 13469 23736
28317 6295 18967
6295 18967 28317
18967 6295 28317
23662 1384 3743
1384 3743 23662
3743 1384 23662
17651 17574 24025
24025 17574 17651
17574 17651 24025
14227 2017 26693
26693 2017 14227
2017 14227 26693
27245 15291 22181
15291 22181 27245
22181 15291 27245
8955 7309 29959
7309 8955 29959
29959 7309 8955
893 1092 14874
14874 893 1092
1092 893 14874
15001 9479 12464
12464 9479 15001
9479 12464 15001
320 17425 28216
28216 320 17425
17425 320 28216
17448 11827 21147
21147 11827 17448
11827 17448 21147
15729 19325 28782
19325 15729 28782
28782 15729 19325
3659 15811 18597
15811 3659 18597
18597 3659 15811
15760 3770 24559
24559 3770 15760
3770 15760 24559
12162 13173 27348
13173 12162 27348
27348 12162 13173
16765 7561 14820
7561 14820 16765
14820 7561 16765
23057 6216 10798
10798 6216 23057
6216 10798 23057
29478 3875 24582
3875 24582 29478
24582 3875 29478
2094 10138 19068
19068 2094 10138
10138 2094 19068
29637 16245 26047
26047 16245 29637
16245 26047 29637
5855 5675 27273
5675 5855 27273
27273 5675 5855
26305 7901 18608
7901 18608 26305
18608 7901 26305
21969 2141 25109
25109 2141 21969
2141 21969 25109
29670 9599 13310
13310 9599 29670
9599 13310 29670
22903 20951 22398
22398 20951 22903
20951 22398 22903
4795 12624 16157
16157 4795 12624
12624 4795 16157
13788 524 22418
524 13788 22418
22418 524 13788
26230 8350 8382
8350 8382 26230
8382 8350 26230
19508 4454 24684
4454 19508 24684
24684 4454 19508
10743 20496 24750
20496 10743 24750
24750 10743 20496
2900 117 23962
117 2900 23962
23962 117 2900
26616 7143 24662
7143 24662 26616
24662 7143 26616
22212 4693 27295
4693 22212 27295
27295 4693 22212
29983 21299 22580
22580 21299 29983
21299 22580 29983
3127 4717 18319
18319 3127 4717
4717 3127 18319
14320 9854 16191
16191 9854 14320
9854 14320 16191
25837 18030 26472
18030 25837 26472
26472 18030 25837
16353 439 18835
18835 439 16353
439 16353 18835
28504 7028 27936
7028 27936 28504
27936 7028 28504
10713 3411 3697
3411 3697 10713
3697 3411 10713
22545 9293 16840
16840 9293 22545
9293 16840 22545
20616 4809 11841
4809 11841 20616
11841 4809 20616
17611 3132 8234
8234 3132 17611
3132 8234 17611
6450 17944 25416
25416 6450 17944
17944 6450 25416
12611 7738 11244
7738 11244 12611
11244 7738 12611
10842 23461 27602
23461 10842 27602
27602 10842 23461
5708 5640 27492
27492 5640 5708
5640 5708 27492
23604 9924 21541
21541 9924 23604
9924 21541 23604
22797 4971 11523
11523 4971 22797
4971 11523 22797
26749 12969 23795
23795 12969 26749
12969 23795 26749
15230 11900 23108
23108 11900 15230
11900 15230 23108
2472 417 16787
417 2472 16787
16787 417 2472
694 3801 23901
23901 694 3801
3801 694 23901
12708 202 7658
7658 202 12708
202 7658 12708
22952 8938 10919
10919 8938 22952
8938 10919 22952
15856 7135 24823
7135 15856 24823
24823 7135 15856
2257 457 23369
23369 457 2257
457 2257 23369
27006 12930 18348
18348 12930 27006
12930 18348 27006
6864 4811 29958
29958 4811 6864
4811 6864 29958
25958 18071 19880
19880 18071 25958
18071 19880 25958
5930 16080 25663
25663 5930 16080
16080 5930 25663
23613 15483 21643
21643 15483 23613
15483 21643 23613
19774 5900 26792
5900 19774 26792
26792 5900 19774
2418 1013 11411
1013 2418 11411
11411 1013 2418
4122 1625 7337
1625 4122 7337
7337 1625 4122
25795 715 6403
6403 715 25795
715 6403 25795
5057 9575 26781
9575 5057 26781
26781 5057 9575
4333 7427 7708
7427 4333 7708
7708 4333 7427
2687 1153 29895
29895 1153 2687
1153 2687 29895
5554 2727 17830
2727 5554 17830
17830 2727 5554
12947 10777 23517
10777 12947 23517
23517 10777 12947
2325 16109 16455
16455 2325 16109
16109 2325 16455
3114 3139 10068
10068 3114 3139
3139 3114 10068
18031 12387 28172
12387 18031 28172
28172 12387 18031
15231 3178 22295
22295 3178 15231
3178 15231 22295
4047 15175 22571
22571 4047 15175
15175 4047 22571
2015 7109 26954
7109 2015 26954
26954 2015 7109
13124 4899 18824
4899 13124 18824
18824 4899 13124
6653 17297 22658
17297 6653 22658
22658 6653 17297
10796 314 8748
8748 314 10796
314 8748 10796
27871 7661 24435
7661 24435 27871
24435 7661 27871
3213 8108 10612
8108 3213 10612
10612 3213 8108
23994 9987 12495
9987 12495 23994
12495 9987 23994
15666 20790 25299
25299 15666 20790
20790 15666 25299
22629 13496 19034
19034 13496 22629
13496 19034 22629
18214 5074 12853
12853 5074 18214
5074 12853 18214
4665 7750 29546
7750 4665 29546
29546 4665 7750
16196 3200 26106
3200 16196 26106
26106 3200 16196
19772 679 7857
679 7857 19772
7857 679 19772
6475 2916 11245
2916 6475 11245
11245 2916 6475
25890 20796 22550
22550 20796 25890
20796 22550 25890
1400 4591 19583
4591 1400 19583
19583 1400 4591
23955 5691 24555
5691 23955 24555
24555 5691 23955
26645 726 10062
10062 726 26645
726 10062 26645
19658 3816 13625
13625 3816 19658
3816 13625 19658
28157 14089 23079
14089 23079 28157
23079 14089 28157
14846 25264 29169
29169 14846 25264
25264 14846 29169
1536 2436 5072
2436 1536 5072
5072 1536 2436
26217 5134 25213
5134 25213 26217
25213 5134 26217
7000 18888 29906
29906 7000 18888
18888 7000 29906
16658 6239 19320
19320 6239 16658
6239 16658 19320
22949 520 8899
8899 520 22949
520 8899 22949
12645 13650 18678
13650 12645 18678
18678 12645 13650
1756 17466 29724
29724 1756 17466
17466 1756 29724
24797 3410 25013
3410 24797 25013
25013 3410 24797
13545 1562 21149
21149 1562 13545
1562 13545 21149
5502 5461 25567
25567 5461 5502
5461 5502 25567
6180 18943 29238
29238 6180 18943
18943 6180 29238
20687 197 14121
14121 197 20687
197 14121 20687
6029 9137 19713
19713 6029 9137
9137 6029 19713
4788 2615 25347
2615 4788 25347
25347 2615 4788
10009 8629 18581
8629 10009 18581
18581 8629 10009
16312 11864 20603
20603 11864 16312
11864 16312 20603
11310 12766 17233
17233 11310 12766
12766 11310 17233
20257 12696 29146
29146 12696 20257
12696 20257 29146
8510 278 2872
278 2872 8510
2872 278 8510
14365 21217 27287
21217 14365 27287
27287 14365 21217
9685 18029 19109
18029 9685 19109
19109 9685 18029
27069 21318 28295
21318 27069 28295
28295 21318 27069
8148 15983 19173
19173 8148 15983
15983 8148 19173
19893 158 4439
4439 158 19893
158 4439 19893
15207 10003 19067
19067 10003 15207
10003 15207 19067
28880 22722 23931
23931 22722 28880
22722 23931 28880
14174 12415 14102
14102 12415 14174
12415 14102 14174
10502 16657 25247
25247 10502 16657
16657 10502 25247
7456 10493 11433
11433 7456 10493
10493 7456 11433
24089 4142 16694
4142 16694 24089
16694 4142 24089
12212 295 8885
295 8885 12212
8885 295 12212
25841 13197 22732
13197 22732 25841
22732 13197 25841
17021 1160 21470
1160 17021 21470
21470 1160 17021
18263 9565 24682
24682 9565 18263
9565 18263 24682
19889 20003 21937
20003 19889 21937
21937 19889 20003
22367 15432 18695
15432 18695 22367
18695 15432 22367
26753 325 20549
325 20549 26753
20549 325 26753
23312 13527 21679
21679 13527 23312
13527 21679 23312
124 2413 10818
2413 124 10818
10818 124 2413
9969 10155 13286
13286 9969 10155
10155 9969 13286
5140 5777 10729
5777 5140 10729
10729 5140 5777
11351 7345 20017
20017 7345 11351
7345 11351 20017
12848 12740 21779
12740 12848 21779
21779 12740 12848
3976 12437 27671
12437 3976 27671
27671 3976 12437
21134 3622 8429
3622 8429 21134
8429 3622 21134
25137 26649 28841
28841 25137 26649
26649 25137 28841
8475 21219 24905
21219 8475 24905
24905 8475 21219
16481 18293 21220
18293 16481 21220
21220 16481 18293
18748 809 18662
18662 809 18748
809 18662 18748
13498 23152 23885
23885 13498 23152
23152 13498 23885
25948 16490 20800
16490 20800 25948
20800 16490 25948
14982 23507 26181
23507 14982 26181
26181 14982 23507
27190 15611 17892
17892 15611 27190
15611 17892 27190
7477 11324 17500
17500 7477 11324
11324 7477 17500
25391 943 29311
943 25391 29311
29311 943 25391
21494 17305 17413
17413 17305 21494
17305 17413 21494
10508 4972 5081
5081 4972 10508
4972 5081 10508
19682 14181 23788
23788 14181 19682
14181 19682 23788
18499 5529 16875
5529 16875 18499
16875 5529 18499
25450 1627 2628
1627 2628 25450
2628 1627 25450
29494 6787 20459
20459 6787 29494
6787 20459 29494
26941 14450 14894
14894 14450 26941
14450 14894 26941
7127 6010 14551
6010 7127 14551
14551 6010 7127
90 7215 21230
7215 90 21230
21230 90 7215
23866 6154 27711
27711 6154 23866
6154 23866 27711
2498 20179 24541
24541 2498 20179
20179 2498 24541
22267 1099 8443
8443 1099 22267
1099 8443 22267
6409 658 19052
658 6409 19052
19052 658 6409
20402 3670 22284
22284 3670 20402
3670 20402 22284
1170 262 27877
262 1170 27877
27877 262 1170
10809 13461 28100
13461 10809 28100
28100 10809 13461
3456 11718 20126
11718 3456 20126
20126 3456 11718
7179 1715 17927
1715 7179 17927
17927 1715 7179
13451 11941 17119
17119 11941 13451
11941 13451 17119
29779 293 10783
293 10783 29779
10783 293 29779
21316 2949 24462
24462 2949 21316
2949 21316 24462
19984 8569 11227
8569 11227 19984
11227 8569 19984
28181 20237 29547
20237 28181 29547
29547 20237 28181
23713 15934 18966
18966 15934 23713
15934 18966 23713
8820 12086 25576
25576 8820 12086
12086 8820 25576
18219 4312 11870
4312 11870 18219
11870 4312 18219
18926 11277 19743
11277 18926 19743
19743 11277 18926
25913 3368 22466
22466 3368 25913
3368 22466 25913
4153 22962 27694
27694 4153 22962
22962 4153 27694
28006 3699 17475
17475 3699 28006
3699 17475 28006
23015 28352 29332
29332 23015 28352
28352 23015 29332
4383 3756 29016
29016 3756 4383
3756 4383 29016
21670 12132 17390
17390 12132 21670
12132 17390 21670
11578 26439 29610
29610 11578 26439
26439 11578 29610
20582 1095 20825
20825 1095 20582
1095 20582 20825
7301 15727 28742
28742 7301 15727
15727 7301 28742
6035 9906 12523
9906 6035 12523
12523 6035 9906
1396 4285 21198
4285 1396 21198
21198 1396 4285
1269 776 28731
28731 776 1269
776 1269 28731
13627 4200 25622
4200 13627 25622
25622 4200 13627
18194 10306 21792
21792 10306 18194
10306 18194 21792
3360 20985 23496
20985 3360 23496
23496 3360 20985
861 6949 16447
16447 861 6949
6949 861 16447
25246 3016 22211
3016 22211 25246
22211 3016 25246
18317 5933 19324
19324 5933 18317
5933 18317 19324
20306 5906 20606
5906 20306 20606
20606 5906 20306
9085 11815 12324
12324 9085 11815
11815 9085 12324
18776 7531 29608
7531 18776 29608
29608 7531 18776
27307 12850 18257
18257 12850 27307
12850 18257 27307
20976 29263 29339
29263 20976 29339
29339 20976 29263
1585 8875 23762
23762 1585 8875
8875 1585 23762
14298 8338 25844
8338 14298 25844
25844 8338 14298
5702 2741 19216
19216 2741 5702
2741 5702 19216
16211 17657 17818
17818 16211 17657
17657 16211 17818
20846 15802 20453
15802 20453 20846
20453 15802 20846
13334 21023 22306
22306 13334 21023
21023 13334 22306
19267 4655 8667
8667 4655 19267
4655 8667 19267
7180 13326 29212
29212 7180 13326
13326 7180 29212
13349 3631 6633
3631 6633 13349
6633 3631 13349
29694 3542 8069
8069 3542 29694
3542 8069 29694
26154 3494 5298
5298 3494 26154
3494 5298 26154
15752 43 17832
17832 43 15752
43 15752 17832
29448 3297 22708
22708 3297 29448
3297 22708 29448
1725 6116 25043
25043 1725 6116
6116 1725 25043
15434 13770 25857
25857 13770 15434
13770 15434 25857
17747 7864 18842
18842 7864 17747
7864 17747 18842
13415 1504 10920
1504 10920 13415
10920 1504 13415
5095 8316 10477
8316 5095 10477
10477 5095 8316
4063 21777 24224
21777 4063 24224
24224 4063 21777
19502 1405 12329
12329 1405 19502
1405 12329 19502
12127 4741 12304
12304 4741 12127
4741 12127 12304
9041 3072 10533
3072 9041 10533
10533 3072 9041
11346 10269 18136
18136 10269 11346
10269 11346 18136
28386 5373 23694
23694 5373 28386
5373 23694 28386
25610 4398 17452
4398 17452 25610
17452 4398 25610
7636 8786 20526
20526 7636 8786
8786 7636 20526
26402 15256 27780
27780 15256 26402
15256 26402 27780
11242 7016 20093
7016 11242 20093
20093 7016 11242
26021 6669 19105
6669 19105 26021
19105 6669 26021
6183 8567 19971
8567 6183 19971
19971 6183 8567
6225 16354 29805
16354 6225 29805
29805 6225 16354
4029 7081 25007
7081 4029 25007
25007 4029 7081
1714 8982 23635
23635 1714 8982
8982 1714 23635
23060 2506 23237
2506 23060 23237
23237 2506 23060
18638 14648 15172
15172 14648 18638
14648 15172 18638
12855 15937 21221
15937 12855 21221
21221 12855 15937
13543 1999 28859
28859 1999 13543
1999 13543 28859
3405 13686 18247
13686 3405 18247
18247 3405 13686
22241 4381 13927
13927 4381 22241
4381 13927 22241
16597 5756 18414
5756 16597 18414
18414 5756 16597
8631 12065 25561
25561 8631 12065
12065 8631 25561
16994 12716 17802
12716 16994 17802
17802 12716 16994
10475 4513 21816
4513 10475 21816
21816 4513 10475
25552 11649 27084
27084 11649 25552
11649 25552 27084
25781 829 3109
3109 829 25781
829 3109 25781
20492 21264 28609
21264 20492 28609
28609 20492 21264
22777 4020 27135
4020 22777 27135
27135 4020 22777
22565 1997 5619
5619 1997 22565
1997 5619 22565
7085 5709 28676
5709 7085 28676
28676 5709 7085
12968 14193 28233
28233 12968 14193
14193 12968 28233
26040 19272 20045
20045 19272 26040
19272 20045 26040
20857 13899 15221
15221 13899 20857
13899 15221 20857
26992 11949 17631
11949 17631 26992
17631 11949 26992
25431 5526 11055
11055 5526 25431
5526 11055 25431
1764 8630 12429
8630 1764 12429
12429 1764 8630
24068 6129 25464
6129 24068 25464
25464 6129 24068
14977 5357 29063
29063 5357 14977
5357 14977 29063
25410 18946 22938
18946 22938 25410
22938 18946 25410
1090 1797 3060
1797 1090 3060
3060 1090 1797
13538 26882 27969
26882 13538 27969
27969 13538 26882
27154 17521 21992
17521 21992 27154
21992 17521 27154
14148 995 12092
12092 995 14148
995 12092 14148
11141 1161 5328
1161 5328 11141
5328 1161 11141
17877 21008 29886
21008 17877 29886
29886 17877 21008
5058 6885 29425
6885 5058 29425
29425 5058 6885
10371 15628 24174
15628 10371 24174
24174 10371 15628
19515 774 29917
29917 774 19515
774 19515 29917
22834 20242 21480
21480 20242 22834
20242 21480 22834
3151 24543 24818
24818 3151 24543
24543 3151 24818
18272 1343 11230
11230 1343 18272
1343 11230 18272
3054 18183 29903
29903 3054 18183
18183 3054 29903
979 7567 16527
16527 979 7567
7567 979 16527
29824 10686 15843
15843 10686 29824
10686 15843 29824
29813 17234 25126
17234 25126 29813
25126 17234 29813
14445 4084 14132
14132 4084 14445
4084 14132 14445
25734 12861 13911
13911 12861 25734
12861 13911 25734
16881 5237 8384
5237 8384 16881
8384 5237 16881
15822 18043 24544
18043 15822 24544
24544 15822 18043
6736 2868 16357
16357 2868 6736
2868 6736 16357
26057 21818 25582
25582 21818 26057
21818 25582 26057
18920 8945 13866
13866 8945 18920
8945 13866 18920
19243 6352 28349
28349 6352 19243
6352 19243 28349
23241 4994 26589
4994 23241 26589
26589 4994 23241
3541 665 6464
665 3541 6464
6464 665 3541
23912 9672 13537
13537 9672 23912
9672 13537 23912
22819 3073 3623
3073 3623 22819
3623 3073 22819
6293 5213 19765
5213 6293 19765
19765 5213 6293
27167 18145 22805
22805 18145 27167
18145 22805 27167
4130 3565 19381
3565 4130 19381
19381 3565 4130
8169 8593 24304
8593 8169 24304
24304 8169 8593
26763 12160 23384
23384 12160 26763
12160 23384 26763
7272 1704 7119
7119 1704 7272
1704 7119 7272
8066 20695 26239
26239 8066 20695
20695 8066 26239
24639 11780 20463
11780 20463 24639
20463 11780 24639
8532 2105 11654
2105 8532 11654
11654 2105 8532
26613 15306 25787
15306 25787 26613
25787 15306 26613
3221 8467 21580
21580 3221 8467
8467 3221 21580
12372 521 19315
19315 521 12372
521 12372 19315
10717 10314 15871
10314 10717 15871
15871 10314 10717
6511 8034 25187
8034 6511 25187
25187 6511 8034
12538 10008 15151
10008 12538 15151
15151 10008 12538
6195 9840 28304
28304 6195 9840
9840 6195 28304
2157 3503 7520
3503 2157 7520
7520 2157 3503
22843 5049 20098
20098 5049 22843
5049 20098 22843
17789 10992 28667
10992 17789 28667
28667 10992 17789
24213 27283 29044
27283 24213 29044
29044 24213 27283
26879 1163 1452
1163 1452 26879
1452 1163 26879
16755 16913 22585
22585 16755 16913
16913 16755 22585
12688 7834 16262
7834 12688 16262
16262 7834 12688
21207 9392 28113
9392 21207 28113
28113 9392 21207
25863 3206 28797
3206 25863 28797
28797 3206 25863
10291 3806 9998
9998 3806 10291
3806 9998 10291
15010 11207 12442
11207 12442 15010
12442 11207 15010
29135 4699 28481
4699 28481 29135
28481 4699 29135
26970 16977 28017
16977 26970 28017
28017 16977 26970
3995 21296 21844
21296 3995 21844
21844 3995 21296
25553 17022 18543
17022 18543 25553
18543 17022 25553
4434 2558 11486
11486 2558 4434
2558 4434 11486
27921 12370 18094
18094 12370 27921
12370 18094 27921
15471 9280 9808
9808 9280 15471
9280 9808 15471
26538 6845 7976
7976 6845 26538
6845 7976 26538
21950 8644 19841
8644 19841 21950
19841 8644 21950
23532 10506 26881
26881 10506 23532
10506 23532 26881
15261 18817 26105
26105 15261 18817
18817 15261 26105
23125 7998 17429
17429 7998 23125
7998 17429 23125
907 5273 14482
14482 907 5273
5273 907 14482
6807 1304 19362
19362 1304 6807
1304 6807 19362
24180 11790 21964
11790 21964 24180
21964 11790 24180
25346 3523 23003
23003 3523 25346
3523 23003 25346
15955 21583 24424
21583 15955 24424
24424 15955 21583
9778 17904 24611
24611 9778 17904
17904 9778 24611
1849 5079 16935
16935 1849 5079
5079 1849 16935
13132 11889 12168
12168 11889 13132
11889 12168 13132
19100 2322 25678
25678 2322 19100
2322 19100 25678
4472 2239 4883
2239 4472 4883
4883 2239 4472
19699 9318 10816
9318 10816 19699
10816 9318 19699
17473 3232 29351
29351 3232 17473
3232 17473 29351
3701 11462 21902
21902 3701 11462
11462 3701 21902
25966 5312 8967
8967 5312 25966
5312 8967 25966
22126 17282 23189
17282 22126 23189
23189 17282 22126
9290 9776 13272
13272 9290 9776
9776 9290 13272
23493 17238 25146
25146 17238 23493
17238 23493 25146
13370 14826 27564
27564 13370 14826
14826 13370 27564
19359 5417 5559
5417 5559 19359
5559 5417 19359
11155 3059 28301
28301 3059 11155
3059 11155 28301
14097 9700 23494
9700 14097 23494
23494 9700 14097
29214 7227 19416
7227 19416 29214
19416 7227 29214
3211 12505 26403
26403 3211 12505
12505 3211 26403
14208 8779 21599
21599 8779 14208
8779 14208 21599
11874 2018 7754
7754 2018 11874
2018 7754 11874
26825 18532 19675
18532 19675 26825
19675 18532 26825
4852 10117 27429
27429 4852 10117
10117 4852 27429
16229 2706 5547
5547 2706 16229
2706 5547 16229
10633 1724 5337
5337 1724 10633
1724 5337 10633
18864 21640 26389
26389 18864 21640
21640 18864 26389
27368 25236 26769
26769 25236 27368
25236 26769 27368
3046 7167 26088
7167 3046 26088
26088 3046 7167
11342 1799 1841
1841 1799 11342
1799 1841 11342
23596 8874 23726
8874 23596 23726
23726 8874 23596
7458 4924 6604
6604 4924 7458
4924 6604 7458
4715 11110 28621
28621 4715 11110
11110 4715 28621
12678 8655 24734
8655 12678 24734
24734 8655 12678
17823 11787 22009
22009 11787 17823
11787 17823 22009
6765 5438 27994
5438 6765 27994
27994 5438 6765
26780 19346 27024
19346 26780 27024
27024 19346 26780
20832 4022 23058
23058 4022 20832
4022 20832 23058
17883 3578 18694
18694 3578 17883
3578 17883 18694
8430 955 5922
955 5922 8430
5922 955 8430
8863 2131 19826
2131 8863 19826
19826 2131 8863
11660 13068 18407
18407 11660 13068
13068 11660 18407
9876 13122 27298
27298 9876 13122
13122 9876 27298
23585 1231 19836
19836 1231 23585
1231 19836 23585
14176 8194 25102
8194 14176 25102
25102 8194 14176
20527 1499 19591
1499 19591 20527
19591 1499 20527
29371 7468 22922
22922 7468 29371
7468 22922 29371
9128 19511 20635
20635 9128 19511
19511 9128 20635
3098 16731 28875
16731 3098 28875
28875 3098 16731
24700 5921 11061
11061 5921 24700
5921 11061 24700
15615 4468 18067
18067 4468 15615
4468 15615 18067
9342 467 24775
467 9342 24775
24775 467 9342
7121 12344 13987
13987 7121 12344
12344 7121 13987
28645 8298 19284
19284 8298 28645
8298 19284 28645
22871 17814 21915
17814 21915 22871
21915 17814 22871
28296 13313 15437
13313 15437 28296
15437 13313 28296
4475 6813 12887
12887 4475 6813
6813 4475 12887
8026 1503 9754
9754 1503 8026
1503 8026 9754
15531 12220 25713
12220 15531 25713
25713 12220 15531
27538 1319 27740
27740 1319 27538
1319 27538 27740
11650 19440 26662
26662 11650 19440
19440 11650 26662
113 16449 29593
16449 113 29593
29593 113 16449
21148 27889 27972
27972 21148 27889
27889 21148 27972
8493 20147 25695
25695 8493 20147
20147 8493 25695
26388 10625 14933
14933 10625 26388
10625 14933 26388
551 5127 27625
5127 551 27625
27625 551 5127
25580 775 19500
775 19500 25580
19500 775 25580
26450 9994 20363
20363 9994 26450
9994 20363 26450
13655 21458 29846
29846 13655 21458
21458 13655 29846
8029 4424 14521
4424 8029 14521
14521 4424 8029
7802 11491 21073
11491 7802 21073
21073 7802 11491
9518 484 13691
13691 484 9518
484 9518 13691
14842 6563 21055
21055 6563 14842
6563 14842 21055
10861 6914 8617
6914 8617 10861
8617 6914 10861
19562 5705 19476
19476 5705 19562
5705 19476 19562
2974 5142 15923
15923 2974 5142
5142 2974 15923
19358 14283 21831
14283 19358 21831
21831 14283 19358
20583 3028 20838
3028 20583 20838
20838 3028 20583
13508 13652 24059
13652 13508 24059
24059 13508 13652
21107 6631 26361
26361 6631 21107
6631 21107 26361
28200 14812 26003
14812 26003 28200
26003 14812 28200
14061 7544 27087
7544 14061 27087
27087 7544 14061
4651 12334 15891
15891 4651 12334
12334 4651 15891
20649 14540 29964
14540 20649 29964
29964 14540 20649
24740 9624 20617
9624 20617 24740
20617 9624 24740
18036 9361 23544
9361 18036 23544
23544 9361 18036
17062 14552 15154
15154 14552 17062
14552 15154 17062
2545 9598 11088
11088 2545 9598
9598 2545 11088
26631 10445 17406
17406 10445 26631
10445 17406 26631
10856 12540 18098
18098 10856 12540
12540 10856 18098
4716 29199 29570
29199 4716 29570
29570 4716 29199
1698 1919 3452
3452 1698 1919
1919 1698 3452
18930 19210 22240
22240 18930 19210
19210 18930 22240
6883 3449 3526
3449 3526 6883
3526 3449 6883
29544 19011 24359
19011 24359 29544
24359 19011 29544
23777 22231 29996
29996 22231 23777
22231 23777 29996
26284 5379 29029
5379 26284 29029
29029 5379 26284
17822 7858 19217
7858 17822 19217
19217 7858 17822
17040 18206 26093
26093 17040 18206
18206 17040 26093
29901 7446 14757
14757 7446 29901
7446 14757 29901
7240 13766 23148
13766 7240 23148
23148 7240 13766
27479 6100 18852
18852 6100 27479
6100 18852 27479
18828 4031 20725
4031 18828 20725
20725 4031 18828
5996 2860 29731
29731 2860 5996
2860 5996 29731
8136 11053 17870
11053 8136 17870
17870 8136 11053
28565 23641 27816
27816 23641 28565
23641 27816 28565
20482 365 3884
365 3884 20482
3884 365 20482
12247 19352 26166
19352 12247 26166
26166 12247 19352
983 8207 28248
8207 983 28248
28248 983 8207
19725 20116 23919
23919 19725 20116
20116 19725 23919
4056 5330 26651
5330 4056 26651
26651 4056 5330
28104 9272 29407
9272 28104 29407
29407 9272 28104
24507 7665 25645
25645 7665 24507
7665 24507 25645
7123 13000 24113
24113 7123 13000
13000 7123 24113
26078 9581 23285
23285 9581 26078
9581 23285 26078
13431 14814 22525
14814 13431 22525
22525 13431 14814
13365 23105 29166
23105 13365 29166
29166 13365 23105
27918 3935 9832
9832 3935 27918
3935 9832 27918
17874 11142 25444
25444 11142 17874
11142 17874 25444
20146 8601 23951
8601 20146 23951
23951 8601 20146
15492 3965 29048
29048 3965 15492
3965 15492 29048
1650 19790 21838
21838 1650 19790
19790 1650 21838
12906 19313 28970
28970 12906 19313
19313 12906 28970
3851 17733 26500
17733 3851 26500
26500 3851 17733
1777 7512 18914
18914 1777 7512
7512 1777 18914
15263 3155 14971
14971 3155 15263
3155 14971 15263
21118 10793 17105
17105 10793 21118
10793 17105 21118
21466 9849 19514
9849 19514 21466
19514 9849 21466
25400 10038 29209
29209 10038 25400
10038 25400 29209
19551 10895 22601
10895 19551 22601
22601 10895 19551
18217 7711 8674
8674 7711 18217
7711 8674 18217
12053 543 1185
1185 543 12053
543 1185 12053
1105 2712 15412
2712 1105 15412
15412 1105 2712
7579 191 18681
191 7579 18681
18681 191 7579
19063 4719 22518
22518 4719 19063
4719 19063 22518
14727 3737 18107
3737 14727 18107
18107 3737 14727
15044 4671 7386
7386 4671 15044
4671 7386 15044
17588 525 13896
13896 525 17588
525 13896 17588
9614 11291 12354
11291 9614 12354
12354 9614 11291
13154 1410 14127
1410 13154 14127
14127 1410 13154
25650 11704 17526
17526 11704 25650
11704 17526 25650
27715 8991 9521
9521 8991 27715
8991 9521 27715
11332 332 22554
22554 332 11332
332 11332 22554
3445 3986 20111
3986 3445 20111
20111 3445 3986
12008 145 20816
145 12008 20816
20816 145 12008
23098 21817 27327
21817 23098 27327
27327 21817 23098
9047 2915 17924
17924 2915 9047
2915 9047 17924
6974 5758 20947
5758 6974 20947
20947 5758 6974
17754 5717 27838
27838 5717 17754
5717 17754 27838
21472 18928 29085
29085 18928 21472
18928 21472 29085
27646 15217 18091
18091 15217 27646
15217 18091 27646
9758 21321 27468
21321 9758 27468
27468 9758 21321
29736 12941 18613
12941 18613 29736
18613 12941 29736
10859 19894 24242
24242 10859 19894
19894 10859 24242
8939 6574 13425
6574 8939 13425
13425 6574 8939
27441 14155 22760
22760 14155 27441
14155 22760 27441
1143 15034 19744
15034 1143 19744
19744 1143 15034
11679 6621 18304
18304 6621 11679
6621 11679 18304
6419 11383 15215
15215 6419 11383
11383 6419 15215
227 10231 23398
23398 227 10231
10231 227 23398
5781 5262 17124
5262 5781 17124
17124 5262 5781
7741 2143 2387
2143 2387 7741
2387 2143 7741
4249 2289 29372
29372 2289 4249
2289 4249 29372
28273 7597 29841
7597 28273 29841
29841 7597 28273
26299 9386 15418
15418 9386 26299
9386 15418 26299
29678 2214 12257
2214 12257 29678
12257 2214 29678
24083 11137 29664
29664 11137 24083
11137 24083 29664
1850 6379 20633
20633 1850 6379
6379 1850 20633
22400 12928 12977
12928 12977 22400
12977 12928 22400
382 8587 22691
8587 382 22691
22691 382 8587
6524 25297 29516
25297 6524 29516
29516 6524 25297
7304 173 28902
173 7304 28902
28902 173 7304
27763 9755 10574
9755 10574 27763
10574 9755 27763
11335 477 23740
477 11335 23740
23740 477 11335
21095 17081 29947
29947 17081 21095
17081 21095 29947
25064 21734 28262
28262 21734 25064
21734 25064 28262
9060 11556 25799
11556 9060 25799
25799 9060 11556
6896 6745 14862
14862 6745 6896
6745 6896 14862
26961 277 3284
3284 277 26961
277 3284 26961
22809 4085 18710
18710 4085 22809
4085 18710 22809
22827 21899 28467
28467 21899 22827
21899 22827 28467
11880 5114 16660
5114 11880 16660
16660 5114 11880
14477 8916 15863
15863 8916 14477
8916 14477 15863
5552 10262 20262
10262 5552 20262
20262 5552 10262
4170 620 25729
620 4170 25729
25729 620 4170
801 2685 18999
2685 801 18999
18999 801 2685
26476 22576 29665
29665 22576 26476
22576 26476 29665
29286 21673 25911
21673 25911 29286
25911 21673 29286
7895 23188 28117
23188 7895 28117
28117 7895 23188
15514 19694 28719
28719 15514 19694
19694 15514 28719
15607 10823 12791
10823 12791 15607
12791 10823 15607
3843 19483 26537
19483 3843 26537
26537 3843 19483
11161 12483 28297
12483 11161 28297
28297 11161 12483
7559 7247 24560
7247 7559 24560
24560 7247 7559
4599 16552 26119
16552 4599 26119
26119 4599 16552
9080 15573 16792
15573 9080 16792
16792 9080 15573
18540 2927 11441
11441 2927 18540
2927 11441 18540
4092 15198 19831
15198 4092 19831
19831 4092 15198
1436 24354 26887
24354 1436 26887
26887 1436 24354
923 4564 20123
20123 923 4564
4564 923 20123
16182 310 25934
310 16182 25934
25934 310 16182
24102 12343 13220
12343 13220 24102
13220 12343 24102
5248 23677 25441
23677 5248 25441
25441 5248 23677
18569 8320 17284
17284 8320 18569
8320 17284 18569
7898 5477 15957
5477 7898 15957
15957 5477 7898
16700 644 5928
644 5928 16700
5928 644 16700
892 19607 21886
19607 892 21886
21886 892 19607
3136 2164 6050
6050 2164 3136
2164 3136 6050
6924 2056 4425
4425 2056 6924
2056 4425 6924
22842 16378 23210
23210 16378 22842
16378 22842 23210
18243 3933 23909
23909 3933 18243
3933 18243 23909
483 69 24719
69 483 24719
24719 69 483
27144 9292 14317
14317 9292 27144
9292 14317 27144
10981 6492 16525
6492 10981 16525
16525 6492 10981
2921 12503 26533
26533 2921 12503
12503 2921 26533
11234 26447 29815
29815 11234 26447
26447 11234 29815
26547 8839 18542
18542 8839 26547
8839 18542 26547
26069 2971 4859
2971 4859 26069
4859 2971 26069
5323 7767 17608
7767 5323 17608
17608 5323 7767
2696 8431 20761
20761 2696 8431
8431 2696 20761
16726 19365 27022
27022 16726 19365
19365 16726 27022
10284 24264 28716
28716 10284 24264
24264 10284 28716
557 23445 26735
23445 557 26735
26735 557 23445
20786 675 9304
675 9304 20786
9304 675 20786
19874 11365 28640
28640 11365 19874
11365 19874 28640
8944 12829 29548
29548 8944 12829
12829 8944 29548
8605 13204 18148
18148 8605 13204
13204 8605 18148
10504 11360 19931
19931 10504 11360
11360 10504 19931
26916 17937 22645
17937 22645 26916
22645 17937 26916
4913 16024 25117
16024 4913 25117
25117 4913 16024
25215 9691 26658
26658 9691 25215
9691 25215 26658
4369 10944 12597
12597 4369 10944
10944 4369 12597
9470 6706 27238
27238 6706 9470
6706 9470 27238
29515 1140 28311
1140 28311 29515
28311 1140 29515
4371 7359 14266
7359 4371 14266
14266 4371 7359
22014 16728 29437
29437 16728 22014
16728 22014 29437
2650 11224 26727
11224 2650 26727
26727 2650 11224
23088 6502 11738
6502 11738 23088
11738 6502 23088
28369 7464 20493
20493 7464 28369
7464 20493 28369
2495 7378 20314
20314 2495 7378
7378 2495 20314
14446 4856 29909
4856 14446 29909
29909 4856 14446
28387 10644 20775
10644 20775 28387
20775 10644 28387
26259 16879 21314
21314 16879 26259
16879 21314 26259
12875 8599 26285
26285 8599 12875
8599 12875 26285
25406 6498 14043
6498 14043 25406
14043 6498 25406
8700 23296 29261
23296 8700 29261
29261 8700 23296
17422 22383 26176
26176 17422 22383
22383 17422 26176
13951 3860 14855
3860 13951 14855
14855 3860 13951
12435 26253 26564
26253 12435 26564
26564 12435 26253
14273 21102 29223
29223 14273 21102
21102 14273 29223
282 24913 27077
27077 282 24913
24913 282 27077
9233 3420 28952
28952 3420 9233
3420 9233 28952
18204 14037 23578
23578 14037 18204
14037 18204 23578
19178 13291 17650
17650 13291 19178
13291 17650 19178
8993 13962 14777
13962 8993 14777
14777 8993 13962
4111 3460 25290
3460 4111 25290
25290 3460 4111
14440 3439 28024
3439 14440 28024
28024 3439 14440
4286 13936 15857
13936 4286 15857
15857 4286 13936
7948 4802 22752
4802 7948 22752
22752 4802 7948
2471 13171 23742
13171 2471 23742
23742 2471 13171
25788 233 26288
233 25788 26288
26288 233 25788
10598 14420 27707
14420 10598 27707
27707 10598 14420
3149 20066 25773
20066 3149 25773
25773 3149 20066
13025 10916 27324
27324 10916 13025
10916 13025 27324
28804 2985 21233
2985 21233 28804
21233 2985 28804
11303 4791 4957
4957 4791 11303
4791 4957 11303
23154 21387 23896
21387 23154 23896
23896 21387 23154
12135 2102 28399
2102 12135 28399
28399 2102 12135
28865 9285 14770
9285 14770 28865
14770 9285 28865
12103 18552 20584
20584 12103 18552
18552 12103 20584
14219 3373 11313
11313 3373 14219
3373 11313 14219
618 12373 16084
12373 618 16084
16084 618 12373
4051 1233 21773
1233 4051 21773
21773 1233 4051
5892 508 29951
29951 508 5892
508 5892 29951
17859 5468 16729
16729 5468 17859
5468 16729 17859
17111 5947 13528
13528 5947 17111
5947 13528 17111
8711 24011 26270
24011 8711 26270
26270 8711 24011
28688 190 1642
190 1642 28688
1642 190 28688
3815 16301 28132
28132 3815 16301
16301 3815 28132
22389 19410 26046
26046 19410 22389
19410 22389 26046
11619 4036 19700
19700 4036 11619
4036 11619 19700
28283 20836 22556
20836 22556 28283
22556 20836 28283
3759 18277 23837
18277 3759 23837
23837 3759 18277
16613 1371 7367
7367 1371 16613
1371 7367 16613
2367 27270 29243
29243 2367 27270
27270 2367 29243
380 6134 29473
6134 380 29473
29473 380 6134
26049 26225 28020
26225 26049 28020
28020 26049 26225
21312 10346 12596
12596 10346 21312
10346 12596 21312
19157 3228 14140
3228 14140 19157
14140 3228 19157
13302 17514 27934
27934 13302 17514
17514 13302 27934
9034 2493 12898
2493 9034 12898
12898 2493 9034
10667 2914 12570
12570 2914 10667
2914 10667 12570
27237 2358 3379
2358 3379 27237
3379 2358 27237
27428 6578 16699
16699 6578 27428
6578 16699 27428
11969 18762 23648
18762 11969 23648
23648 11969 18762
27665 8909 29118
8909 27665 29118
29118 8909 27665
6333 18246 25614
25614 6333 18246
18246 6333 25614
10569 24478 28759
24478 10569 28759
28759 10569 24478
9269 8226 15362
15362 8226 9269
8226 9269 15362
13200 2745 24597
24597 2745 13200
2745 13200 24597
27172 2316 10299
2316 10299 27172
10299 2316 27172
21905 17507 20090
20090 17507 21905
17507 20090 21905
18386 12462 24616
12462 18386 24616
24616 12462 18386
13939 6791 20540
6791 13939 20540
20540 6791 13939
16877 6742 18924
18924 6742 16877
6742 16877 18924
807 15819 27318
15819 807 27318
27318 807 15819
4132 6824 20577
20577 4132 6824
6824 4132 20577
16258 16489 23462
16489 16258 23462
23462 16258 16489
7090 2465 13458
2465 7090 13458
13458 2465 7090
27247 17104 21206
17104 21206 27247
21206 17104 27247
9353 627 12841
627 9353 12841
12841 627 9353
9 6138 25069
25069 9 6138
6138 9 25069
19402 7591 10359
7591 10359 19402
10359 7591 19402
29447 4464 12705
4464 12705 29447
12705 4464 29447
16001 5883 12752
5883 12752 16001
12752 5883 16001
5321 2417 6294
2417 5321 6294
6294 2417 5321
15680 9824 27328
9824 15680 27328
27328 9824 15680
11624 5254 16264
