1903 1040 1737
1737 1040 1903
1040 1737 1903
2264 62 1043
1043 62 2264
62 1043 2264
1540 1297 2320
1297 1540 2320
2320 1297 1540
1260 2775 2799
2799 1260 2775
2775 1260 2799
232 1559 2192
1559 232 2192
2192 232 1559
37 1142 2140
1142 37 2140
2140 37 1142
898 1329 2345
2345 898 1329
1329 898 2345
1046 981 1418
981 1046 1418
1418 981 1046
1905 947 2677
947 1905 2677
2677 947 1905
840 1295 2540
2540 840 1295
1295 840 2540
1346 1146 1526
1146 1346 1526
1526 1146 1346
2233 1656 2777
1656 2233 2777
2777 1656 2233
1860 397 2839
2839 397 1860
397 1860 2839
19 1430 1594
1430 19 1594
1594 19 1430
960 190 1575
1575 190 960
190 960 1575
2238 344 2425
2425 344 2238
344 2238 2425
2254 1951 2122
1951 2122 2254
2122 1951 2254
2386 165 2931
165 2386 2931
2931 165 2386
1491 383 2102
383 1491 2102
2102 383 1491
243 75 1402
1402 75 243
75 243 1402
81 301 907
301 81 907
907 81 301
1708 170 2756
2756 170 1708
170 1708 2756
1684 1499 1668
1499 1668 1684
1668 1499 1684
93 890 2373
2373 93 890
890 93 2373
2253 404 1225
1225 404 2253
404 1225 2253
2929 1216 2059
1216 2059 2929
2059 1216 2929
2012 932 1853
1853 932 2012
932 1853 2012
2935 1607 2820
2820 1607 2935
1607 2820 2935
733 1101 2503
1101 733 2503
2503 733 1101
273 2591 2870
2591 273 2870
2870 273 2591
357 1075 1647
1075 357 1647
1647 357 1075
771 2040 2595
2595 771 2040
2040 771 2595
1726 1890 2634
2634 1726 1890
1890 1726 2634
258 2366 2961
2366 258 2961
2961 258 2366
2524 327 1465
1465 327 2524
327 1465 2524
1034 662 1784
1784 662 1034
662 1034 1784
134 1928 2528
2528 134 1928
1928 134 2528
2847 2473 2825
2473 2825 2847
2825 2473 2847
2168 807 1125
1125 807 2168
807 1125 2168
2194 229 1926
1926 229 2194
229 1926 2194
2655 221 2949
2949 221 2655
221 2655 2949
2960 536 970
536 970 2960
970 536 2960
1721 1645 1940
1645 1721 1940
1940 1645 1721
2175 2447 2683
2447 2175 2683
2683 2175 2447
1768 4 239
239 4 1768
4 239 1768
1875 1588 1915
1915 1588 1875
1588 1875 1915
740 1006 2912
2912 740 1006
1006 740 2912
2255 984 1212
1212 984 2255
984 1212 2255
2712 158 1342
1342 158 2712
158 1342 2712
2965 33 365
365 33 2965
33 365 2965
2708 139 2406
2406 139 2708
139 2406 2708
101 553 2173
2173 101 553
553 101 2173
1634 157 920
920 157 1634
157 920 1634
1451 2649 2832
2832 1451 2649
2649 1451 2832
473 337 1623
1623 337 473
337 473 1623
223 366 1984
366 223 1984
1984 223 366
1583 1348 1991
1348 1583 1991
1991 1348 1583
2983 1002 2534
2534 1002 2983
1002 2534 2983
2322 2057 2456
2057 2322 2456
2456 2057 2322
1278 203 1887
203 1278 1887
1887 203 1278
2300 1734 2350
2350 1734 2300
1734 2300 2350
387 2321 2481
2481 387 2321
2321 387 2481
2848 648 2871
648 2848 2871
2871 648 2848
2015 355 2754
355 2015 2754
2754 355 2015
2631 881 1974
1974 881 2631
881 1974 2631
2557 2495 2571
2495 2557 2571
2571 2495 2557
924 1023 1514
1514 924 1023
1023 924 1514
2861 879 2874
2874 879 2861
879 2861 2874
471 1025 2401
2401 471 1025
1025 471 2401
1388 659 1445
1445 659 1388
659 1388 1445
2394 819 1506
819 1506 2394
1506 819 2394
716 697 1452
1452 697 716
697 716 1452
480 1084 2738
1084 480 2738
2738 480 1084
2134 1975 2035
1975 2035 2134
2035 1975 2134
1544 1139 1316
1139 1316 1544
1316 1139 1544
2181 240 1170
1170 240 2181
240 1170 2181
624 140 1501
1501 140 624
140 624 1501
2969 2019 2687
2019 2687 2969
2687 2019 2969
1683 533 894
894 533 1683
533 894 1683
986 1214 2487
2487 986 1214
1214 986 2487
619 599 732
599 619 732
732 599 619
799 505 1072
1072 505 799
505 799 1072
1713 416 2424
416 1713 2424
2424 416 1713
348 438 1245
1245 348 438
438 348 1245
2033 1086 1762
1762 1086 2033
1086 1762 2033
2185 1741 2063
1741 2063 2185
2063 1741 2185
2354 49 2906
2906 49 2354
49 2354 2906
1770 678 1888
678 1770 1888
1888 678 1770
2426 584 2641
584 2426 2641
2641 584 2426
1129 539 1990
1990 539 1129
539 1129 1990
2460 87 1834
87 1834 2460
1834 87 2460
1483 1098 2211
2211 1098 1483
1098 1483 2211
1296 247 739
739 247 1296
247 739 1296
1639 283 990
283 990 1639
990 283 1639
1404 310 1353
310 1353 1404
1353 310 1404
1603 2048 2817
2817 1603 2048
2048 1603 2817
1147 95 2500
95 1147 2500
2500 95 1147
2648 1475 2942
1475 2648 2942
2942 1475 2648
2750 1630 2319
2319 1630 2750
1630 2319 2750
455 2658 2705
2658 455 2705
2705 455 2658
1850 830 1383
1383 830 1850
830 1383 1850
1848 84 1413
84 1413 1848
1413 84 1848
1677 121 452
121 452 1677
452 121 1677
2513 1455 2445
1455 2445 2513
2445 1455 2513
2402 1397 1756
1397 1756 2402
1756 1397 2402
1401 889 1618
889 1401 1618
1618 889 1401
2342 2037 2113
2037 2113 2342
2113 2037 2342
263 1710 2601
2601 263 1710
1710 263 2601
985 843 2973
2973 843 985
843 985 2973
1319 5 2277
5 1319 2277
2277 5 1319
2740 2474 2910
2474 2740 2910
2910 2474 2740
2568 2204 2872
2204 2568 2872
2872 2204 2568
469 74 1982
1982 74 469
74 469 1982
2909 991 2596
2596 991 2909
991 2596 2909
2502 440 1432
1432 440 2502
440 1432 2502
2588 818 1716
818 1716 2588
1716 818 2588
1611 1947 2091
2091 1611 1947
1947 1611 2091
1913 32 127
127 32 1913
32 127 1913
2281 1274 2760
2760 1274 2281
1274 2281 2760
2549 181 931
181 931 2549
931 181 2549
1470 110 1965
110 1470 1965
1965 110 1470
2124 1904 2948
1904 2124 2948
2948 1904 2124
1261 419 2583
419 1261 2583
2583 419 1261
1801 1555 1670
1555 1670 1801
1670 1555 1801
2668 15 2940
2940 15 2668
15 2668 2940
1794 91 2962
2962 91 1794
91 1794 2962
1582 1925 2616
2616 1582 1925
1925 1582 2616
1518 814 2407
2407 814 1518
814 1518 2407
2397 850 1014
850 1014 2397
1014 850 2397
590 1443 2209
2209 590 1443
1443 590 2209
2925 1819 2993
1819 2925 2993
2993 1819 2925
31 845 1211
845 31 1211
1211 31 845
1994 2944 2967
2944 1994 2967
2967 1994 2944
1548 209 1366
1366 209 1548
209 1366 1548
254 2182 2251
2182 254 2251
2251 254 2182
680 340 1041
1041 340 680
340 680 1041
2227 998 2895
998 2227 2895
2895 998 2227
1429 182 1736
1736 182 1429
182 1429 1736
514 1509 2854
2854 514 1509
1509 514 2854
331 910 2833
910 331 2833
2833 331 910
2580 228 2484
228 2484 2580
2484 228 2580
1244 323 451
323 451 1244
451 323 1244
1791 566 1662
1662 566 1791
566 1662 1791
1364 710 1020
1020 710 1364
710 1020 1364
1874 2622 2702
2702 1874 2622
2622 1874 2702
169 1637 2904
1637 169 2904
2904 169 1637
664 268 2521
2521 268 664
268 664 2521
1207 479 1144
479 1144 1207
1144 479 1207
518 1557 2231
2231 518 1557
1557 518 2231
148 1547 2294
2294 148 1547
1547 148 2294
2421 1122 1124
1122 1124 2421
1124 1122 2421
1621 2236 2859
2236 1621 2859
2859 1621 2236
261 1130 2570
1130 261 2570
2570 261 1130
757 1629 2586
2586 757 1629
1629 757 2586
1863 1807 1939
1807 1863 1939
1939 1807 1863
2548 1729 1995
1995 1729 2548
1729 1995 2548
647 1347 1780
1347 647 1780
1780 647 1347
1777 1268 2056
2056 1268 1777
1268 1777 2056
1490 1605 1717
1717 1490 1605
1605 1490 1717
950 1105 2419
2419 950 1105
1105 950 2419
1765 2146 2405
2405 1765 2146
2146 1765 2405
2946 756 824
824 756 2946
756 824 2946
568 1189 1591
1189 568 1591
1591 568 1189
744 1868 2347
2347 744 1868
1868 744 2347
302 658 1436
1436 302 658
658 302 1436
1233 329 692
329 692 1233
692 329 1233
2293 1654 1870
1870 1654 2293
1654 1870 2293
467 80 1748
1748 80 467
80 467 1748
668 152 478
478 152 668
152 478 668
298 359 1277
1277 298 359
359 298 1277
2737 145 2498
145 2498 2737
2498 145 2737
858 685 2215
685 858 2215
2215 685 858
2127 188 2673
188 2127 2673
2673 188 2127
83 373 813
813 83 373
373 83 813
2721 1280 2630
1280 2630 2721
2630 1280 2721
2285 939 2296
939 2285 2296
2296 939 2285
462 1181 1859
1181 462 1859
1859 462 1181
2955 635 1985
635 1985 2955
1985 635 2955
1264 547 582
547 582 1264
582 547 1264
368 795 1694
1694 368 795
795 368 1694
1143 341 519
519 341 1143
341 519 1143
508 608 2638
608 508 2638
2638 508 608
2163 1644 2625
2625 1644 2163
1644 2163 2625
2766 1403 1511
1403 1511 2766
1511 1403 2766
2052 122 322
322 122 2052
122 322 2052
1646 1705 2741
2741 1646 1705
1705 1646 2741
1956 1152 1680
1680 1152 1956
1152 1680 1956
244 975 1085
1085 244 975
975 244 1085
2114 601 667
667 601 2114
601 667 2114
2433 156 903
156 903 2433
903 156 2433
2077 294 1267
1267 294 2077
294 1267 2077
2623 652 1895
1895 652 2623
652 1895 2623
2921 1033 1685
1685 1033 2921
1033 1685 2921
1350 104 2989
2989 104 1350
104 1350 2989
2585 1021 2010
2010 1021 2585
1021 2010 2585
1092 217 957
217 957 1092
957 217 1092
2800 130 2852
130 2800 2852
2852 130 2800
1952 927 961
961 927 1952
927 961 1952
2841 286 1156
286 1156 2841
1156 286 2841
2357 1030 1749
1749 1030 2357
1030 1749 2357
2807 1018 1707
1018 1707 2807
1707 1018 2807
1510 1585 2080
2080 1510 1585
1585 1510 2080
213 259 2024
2024 213 259
259 213 2024
2422 369 406
369 406 2422
406 369 2422
252 225 1658
1658 225 252
225 252 1658
280 1473 1955
1955 280 1473
1473 280 1955
684 770 1968
770 684 1968
1968 684 770
1554 1842 2058
1842 1554 2058
2058 1554 1842
1286 2083 2260
2260 1286 2083
2083 1286 2260
2440 2864 2972
2972 2440 2864
2864 2440 2972
698 1287 1371
1287 698 1371
1371 698 1287
1373 862 2162
2162 862 1373
862 1373 2162
1497 921 1967
921 1497 1967
1967 921 1497
187 855 1931
1931 187 855
855 187 1931
763 1300 2561
1300 763 2561
2561 763 1300
482 1082 2611
2611 482 1082
1082 482 2611
792 2315 2409
2409 792 2315
2315 792 2409
1291 1120 2652
1120 1291 2652
2652 1120 1291
1966 2073 2367
2367 1966 2073
2073 1966 2367
2229 1897 2685
1897 2229 2685
2685 1897 2229
2020 1288 1766
1766 1288 2020
1288 1766 2020
622 287 2318
2318 287 622
287 622 2318
2220 2656 2905
2905 2220 2656
2656 2220 2905
1676 347 377
377 347 1676
347 377 1676
2201 48 2408
48 2201 2408
2408 48 2201
2111 361 2759
2759 361 2111
361 2111 2759
1997 439 1428
439 1428 1997
1428 439 1997
657 646 1070
646 657 1070
1070 646 657
2679 650 1885
1885 650 2679
650 1885 2679
999 1871 2963
2963 999 1871
1871 999 2963
1476 306 2996
306 1476 2996
2996 306 1476
2396 1027 2794
1027 2396 2794
2794 1027 2396
1038 1488 1632
1632 1038 1488
1488 1038 1632
691 266 2008
266 691 2008
2008 266 691
1047 951 1453
1453 951 1047
951 1047 1453
1106 2653 2831
2831 1106 2653
2653 1106 2831
57 1180 2430
2430 57 1180
1180 57 2430
2954 285 1270
1270 285 2954
285 1270 2954
954 224 952
224 952 954
952 224 954
2650 498 1914
498 1914 2650
1914 498 2650
399 1565 2129
1565 399 2129
2129 399 1565
2154 39 1103
39 1103 2154
1103 39 2154
2106 643 2888
643 2106 2888
2888 643 2106
1135 2018 2442
2442 1135 2018
2018 1135 2442
1805 463 1596
463 1596 1805
1596 463 1805
2726 115 2919
2919 115 2726
115 2726 2919
895 606 1456
606 895 1456
1456 606 895
2453 207 2031
2031 207 2453
207 2031 2453
2180 1946 2950
1946 2180 2950
2950 1946 2180
2183 2346 2951
2346 2183 2951
2951 2183 2346
1846 1494 2720
2720 1494 1846
1494 1846 2720
2133 237 1536
237 1536 2133
1536 237 2133
1933 245 2100
2100 245 1933
245 1933 2100
2887 1873 2504
2504 1873 2887
1873 2504 2887
2365 2391 2850
2850 2365 2391
2391 2365 2850
2987 1010 2295
1010 2295 2987
2295 1010 2987
2985 411 775
775 411 2985
411 775 2985
673 21 174
21 174 673
174 21 673
1521 255 2043
255 1521 2043
2043 255 1521
2374 242 2674
2674 242 2374
242 2374 2674
2418 492 501
492 501 2418
501 492 2418
2768 253 2881
253 2768 2881
2881 253 2768
2029 485 1412
485 1412 2029
1412 485 2029
2141 748 2395
748 2141 2395
2395 748 2141
2569 909 1053
909 1053 2569
1053 909 2569
2370 1535 2730
2730 1535 2370
1535 2370 2730
2742 289 1466
289 1466 2742
1466 289 2742
179 631 2278
631 179 2278
2278 179 631
1957 196 1696
1696 196 1957
196 1696 1957
2558 2290 2609
2290 2558 2609
2609 2290 2558
1742 737 971
737 971 1742
971 737 1742
390 696 2604
2604 390 696
696 390 2604
2148 69 1150
1150 69 2148
69 1150 2148
966 955 2055
2055 955 966
955 966 2055
940 725 2982
725 940 2982
2982 725 940
112 2259 2732
2732 112 2259
2259 112 2732
1593 1986 2271
1986 1593 2271
2271 1593 1986
1230 746 2137
2137 746 1230
746 1230 2137
1958 1093 2523
1093 1958 2523
2523 1093 1958
1272 284 1331
1331 284 1272
284 1272 1331
1519 1556 2431
2431 1519 1556
1556 1519 2431
472 705 1590
705 472 1590
1590 472 705
414 443 551
551 414 443
443 414 551
1221 195 1845
1845 195 1221
195 1221 1845
1063 837 1584
837 1063 1584
1584 837 1063
1474 2624 2627
2624 1474 2627
2627 1474 2624
129 1814 1821
1821 129 1814
1814 129 1821
382 712 2470
2470 382 712
712 382 2470
458 445 2592
2592 445 458
445 458 2592
335 2698 2752
2698 335 2752
2752 335 2698
958 1334 2174
1334 958 2174
2174 958 1334
2697 833 1724
833 1724 2697
1724 833 2697
1976 1356 2694
2694 1356 1976
1356 1976 2694
1731 1711 2723
2723 1711 1731
1711 1731 2723
1626 2517 2530
2517 1626 2530
2530 1626 2517
2438 992 1844
1844 992 2438
992 1844 2438
2245 1702 2901
1702 2245 2901
2901 1702 2245
1357 699 1372
699 1357 1372
1372 699 1357
1699 1727 1797
1797 1699 1727
1727 1699 1797
2002 2974 2998
2998 2002 2974
2974 2002 2998
42 973 1081
973 42 1081
1081 42 973
1039 2618 2710
2618 1039 2710
2710 1039 2618
773 905 2690
2690 773 905
905 773 2690
1743 321 339
321 339 1743
339 321 1743
248 137 1398
1398 137 248
137 248 1398
2472 852 2672
852 2472 2672
2672 852 2472
484 589 1376
589 484 1376
1376 484 589
1587 1392 1545
1545 1392 1587
1392 1545 1587
2907 1414 1941
1414 1941 2907
1941 1414 2907
2205 276 2801
2801 276 2205
276 2205 2801
2661 198 1485
198 1485 2661
1485 198 2661
752 715 2714
2714 715 752
715 752 2714
1231 880 2009
880 1231 2009
2009 880 1231
934 870 2465
870 934 2465
2465 870 934
2147 674 1486
674 1486 2147
1486 674 2147
1578 544 1116
544 1116 1578
1116 544 1578
2856 441 1969
441 1969 2856
1969 441 2856
2915 1616 2125
1616 2125 2915
2125 1616 2915
1192 178 1374
1374 178 1192
178 1192 1374
2867 176 2081
176 2081 2867
2081 176 2867
2753 2563 2788
2788 2563 2753
2563 2753 2788
2731 611 1071
611 1071 2731
1071 611 2731
941 1615 1617
1617 941 1615
1615 941 1617
1808 281 2364
2364 281 1808
281 1808 2364
40 1601 2034
2034 40 1601
1601 40 2034
1187 300 883
300 883 1187
883 300 1187
2836 142 887
142 887 2836
887 142 2836
2885 682 1740
682 1740 2885
1740 682 2885
1754 2071 2926
2071 1754 2926
2926 1754 2071
1232 1942 2565
2565 1232 1942
1942 1232 2565
299 2 2846
2846 2 299
2 299 2846
2384 1788 2109
1788 2109 2384
2109 1788 2384
618 788 2995
788 618 2995
2995 618 788
1367 1624 1815
1815 1367 1624
1624 1367 1815
2795 1799 2997
2997 1799 2795
1799 2795 2997
246 2434 2745
2745 246 2434
2434 246 2745
1011 1633 2230
2230 1011 1633
1633 1011 2230
2454 778 896
896 778 2454
778 896 2454
1299 1425 1891
1425 1299 1891
1891 1299 1425
1365 22 672
22 672 1365
672 22 1365
2758 1175 2222
1175 2222 2758
2222 1175 2758
2038 1173 1298
1298 1173 2038
1173 1298 2038
936 592 841
841 592 936
592 841 936
1752 1620 1937
1937 1620 1752
1620 1752 1937
1327 2270 2892
2270 1327 2892
2892 1327 2270
1482 1158 2462
1158 1482 2462
2462 1158 1482
828 573 2727
2727 573 828
573 828 2727
1050 1017 2412
1017 1050 2412
2412 1017 1050
2131 1332 1562
1332 1562 2131
1562 1332 2131
1380 53 436
53 436 1380
436 53 1380
2198 1102 2632
1102 2198 2632
2632 1102 2198
1978 1858 2017
2017 1858 1978
1858 1978 2017
2902 1767 2232
2232 1767 2902
1767 2232 2902
2423 822 994
822 994 2423
994 822 2423
1024 44 969
969 44 1024
44 969 1024
353 251 374
251 353 374
374 251 353
700 308 2135
2135 308 700
308 700 2135
2693 1852 2258
1852 2258 2693
2258 1852 2693
99 346 1205
1205 99 346
346 99 1205
2042 1220 2471
2471 1220 2042
1220 2042 2471
502 1008 2550
2550 502 1008
1008 502 2550
754 1733 2145
1733 754 2145
2145 754 1733
1437 839 2261
2261 839 1437
839 1437 2261
2682 1638 2333
1638 2333 2682
2333 1638 2682
510 1190 1389
1389 510 1190
1190 510 1389
2492 776 2045
776 2045 2492
2045 776 2492
2515 603 919
919 603 2515
603 919 2515
1610 1309 1706
1309 1610 1706
1706 1309 1610
2522 1137 2879
2879 1137 2522
1137 2522 2879
2027 523 2520
2520 523 2027
523 2027 2520
2479 109 2918
2918 109 2479
109 2479 2918
2341 1649 2327
1649 2327 2341
2327 1649 2341
319 873 1595
1595 319 873
873 319 1595
349 1061 1776
1061 349 1776
1776 349 1061
1899 1314 2248
2248 1314 1899
1314 1899 2248
1219 1355 2457
2457 1219 1355
1355 1219 2457
249 1360 2865
2865 249 1360
1360 249 2865
641 1669 1884
1669 641 1884
1884 641 1669
1783 1194 2343
1194 1783 2343
2343 1194 1783
2308 215 2323
215 2308 2323
2323 215 2308
653 1592 2636
2636 653 1592
1592 653 2636
1747 1200 2531
2531 1200 1747
1200 1747 2531
1423 979 2857
979 1423 2857
2857 979 1423
2095 73 2555
73 2095 2555
2555 73 2095
464 758 2217
2217 464 758
758 464 2217
614 1089 1328
1089 614 1328
1328 614 1089
2814 556 2120
556 2120 2814
2120 556 2814
782 192 2947
2947 192 782
192 782 2947
1179 61 767
61 767 1179
767 61 1179
1306 63 2389
2389 63 1306
63 1306 2389
849 516 964
516 849 964
964 516 849
236 797 1775
797 236 1775
1775 236 797
183 1096 2551
1096 183 2551
2551 183 1096
2410 804 2061
2061 804 2410
804 2061 2410
1215 391 2252
391 1215 2252
2252 391 1215
442 279 670
670 279 442
279 442 670
2875 1517 2933
2933 1517 2875
1517 2875 2933
2282 1524 1692
1692 1524 2282
1524 1692 2282
1541 2263 2790
2790 1541 2263
2263 1541 2790
106 1902 2362
2362 106 1902
1902 106 2362
1709 1529 1715
1715 1529 1709
1529 1709 1715
2763 538 2877
538 2763 2877
2877 538 2763
17 722 2886
2886 17 722
722 17 2886
3000 897 1128
1128 897 3000
897 1128 3000
415 2094 2150
2094 415 2150
2150 415 2094
1663 621 2032
621 1663 2032
2032 621 1663
2011 1004 2309
2309 1004 2011
1004 2011 2309
1385 1 2898
1 1385 2898
2898 1 1385
1381 598 1962
1962 598 1381
598 1381 1962
1674 741 1420
1420 741 1674
741 1420 1674
1312 277 1970
1970 277 1312
277 1312 1970
1934 923 2849
923 1934 2849
2849 923 1934
2313 1335 1434
1434 1335 2313
1335 1434 2313
2816 1530 1778
1778 1530 2816
1530 1778 2816
1313 338 1973
338 1313 1973
1973 338 1313
1199 1338 1938
1338 1199 1938
1938 1199 1338
1250 1394 1597
1394 1250 1597
1597 1250 1394
1560 663 900
663 900 1560
900 663 1560
1252 55 2317
2317 55 1252
55 1252 2317
912 10 2608
10 912 2608
2608 10 912
2599 719 1598
1598 719 2599
719 1598 2599
64 402 2110
2110 64 402
402 64 2110
2195 1193 2821
1193 2195 2821
2821 1193 2195
486 949 2066
2066 486 949
949 486 2066
625 487 2916
2916 487 625
487 625 2916
296 1108 1806
1108 296 1806
1806 296 1108
1672 1671 2190
2190 1671 1672
1671 1672 2190
2304 1069 2976
1069 2304 2976
2976 1069 2304
2130 3 2866
2866 3 2130
3 2130 2866
1168 878 1248
878 1168 1248
1248 878 1168
2986 704 2213
2213 704 2986
704 2213 2986
1410 1827 2884
2884 1410 1827
1827 1410 2884
1078 567 2778
567 1078 2778
2778 567 1078
1959 777 2953
2953 777 1959
777 1959 2953
2526 522 1293
1293 522 2526
522 1293 2526
227 370 1467
1467 227 370
370 227 1467
2179 1461 2640
1461 2179 2640
2640 1461 2179
2307 1045 1977
1977 1045 2307
1045 1977 2307
892 1983 2575
2575 892 1983
1983 892 2575
506 728 2762
2762 506 728
728 506 2762
2332 314 2184
314 2184 2332
2184 314 2332
570 1208 2119
1208 570 2119
2119 570 1208
1811 1417 1800
1417 1800 1811
1800 1417 1811
2765 1115 1568
1568 1115 2765
1115 1568 2765
868 1052 1549
1549 868 1052
1052 868 1549
459 288 1320
288 459 1320
1320 288 459
1954 1344 2247
1344 1954 2247
2247 1344 1954
787 517 1561
1561 517 787
517 787 1561
1458 334 1382
334 1382 1458
1382 334 1458
2843 2306 2979
2306 2843 2979
2979 2306 2843
1641 444 1996
444 1641 1996
1996 444 1641
205 996 2577
2577 205 996
996 205 2577
2858 450 2115
450 2115 2858
2115 450 2858
2084 358 1838
1838 358 2084
358 1838 2084
2336 256 2475
256 2336 2475
2475 256 2336
1879 764 1700
764 1700 1879
1700 764 1879
1439 332 806
332 806 1439
806 332 1439
760 352 428
352 428 760
428 352 760
2824 761 963
761 963 2824
963 761 2824
820 1471 2670
2670 820 1471
1471 820 2670
1750 565 1323
1323 565 1750
565 1323 1750
1769 24 1906
1906 24 1769
24 1769 1906
594 717 2328
2328 594 717
717 594 2328
119 65 2913
2913 65 119
65 119 2913
1359 751 1000
751 1000 1359
1000 751 1359
2556 2383 2671
2671 2383 2556
2383 2556 2671
1781 504 2845
2845 504 1781
504 1781 2845
503 135 1258
1258 135 503
135 503 1258
2560 689 1424
1424 689 2560
689 1424 2560
640 386 2392
2392 386 640
386 640 2392
2136 1127 1185
1127 1185 2136
1185 1127 2136
1308 1160 1520
1520 1160 1308
1160 1308 1520
1735 2068 2197
2197 1735 2068
2068 1735 2197
417 408 1077
1077 408 417
408 417 1077
2541 528 2403
2403 528 2541
528 2403 2541
1795 1751 2103
1751 1795 2103
2103 1751 1795
2505 16 46
16 46 2505
46 16 2505
2853 85 1281
1281 85 2853
85 1281 2853
186 1363 2696
1363 186 2696
2696 186 1363
1349 677 1015
677 1015 1349
1015 677 1349
2688 1141 2739
1141 2688 2739
2739 1141 2688
1992 811 1317
1317 811 1992
811 1317 1992
1058 11 403
403 11 1058
11 403 1058
1869 278 1062
1062 278 1869
278 1062 1869
372 660 2098
660 372 2098
2098 372 660
2093 1241 2689
1241 2093 2689
2689 1241 2093
1498 312 1689
1689 312 1498
312 1498 1689
2358 351 1153
351 1153 2358
1153 351 2358
574 1922 2639
2639 574 1922
1922 574 2639
1586 468 1229
1229 468 1586
468 1229 1586
1835 28 2416
2416 28 1835
28 1835 2416
1263 1048 1688
1688 1048 1263
1048 1263 1688
388 962 1163
962 388 1163
1163 388 962
1273 206 354
354 206 1273
206 354 1273
808 595 2511
595 808 2511
2511 595 808
1614 1218 1813
1218 1614 1813
1813 1218 1614
563 476 1718
1718 476 563
476 563 1718
2193 1796 2476
2476 1796 2193
1796 2193 2476
1640 423 750
750 423 1640
423 750 1640
2718 916 2644
916 2644 2718
2644 916 2718
2615 1552 1739
1552 1739 2615
1739 1552 2615
1151 197 2212
197 1151 2212
2212 197 1151
2635 1067 2105
1067 2105 2635
2105 1067 2635
867 1659 2924
2924 867 1659
1659 867 2924
922 1226 2380
1226 922 2380
2380 922 1226
2477 2050 2116
2050 2116 2477
2116 2050 2477
27 1878 2123
2123 27 1878
1878 27 2123
154 1022 2566
1022 154 2566
2566 154 1022
2922 1056 1627
1627 1056 2922
1056 1627 2922
2463 70 2089
70 2089 2463
2089 70 2463
350 1950 2353
2353 350 1950
1950 350 2353
434 968 1481
1481 434 968
968 434 1481
576 1283 1836
1836 576 1283
1283 576 1836
1651 144 1779
144 1651 1779
1779 144 1651
562 151 2975
151 562 2975
2975 151 562
1073 1427 1573
1573 1073 1427
1427 1073 1573
2868 238 293
238 293 2868
293 238 2868
933 1321 2715
1321 933 2715
2715 933 1321
118 1157 1171
1171 118 1157
1157 118 1171
141 977 1728
1728 141 977
977 141 1728
418 82 1908
82 418 1908
1908 82 418
2049 644 2893
2893 644 2049
644 2049 2893
1840 2274 2506
2506 1840 2274
2274 1840 2506
1881 51 1405
1405 51 1881
51 1405 1881
424 68 2415
2415 68 424
68 424 2415
274 747 2692
2692 274 747
747 274 2692
726 826 1351
826 726 1351
1351 726 826
2225 1275 2483
2483 1275 2225
1275 2225 2483
1574 1166 1773
1166 1574 1773
1773 1166 1574
2784 615 2390
2390 615 2784
615 2390 2784
490 2512 2900
2900 490 2512
2512 490 2900
1206 976 1001
1001 976 1206
976 1001 1206
2223 264 893
264 893 2223
893 264 2223
1919 1182 1302
1182 1302 1919
1302 1182 1919
791 803 2552
2552 791 803
803 791 2552
783 159 1095
1095 159 783
159 783 1095
1648 1422 2267
1422 1648 2267
2267 1422 1648
2001 2085 2301
2301 2001 2085
2085 2001 2301
1036 12 2272
12 1036 2272
2272 12 1036
765 1091 1409
1091 765 1409
1409 765 1091
1682 1679 2527
2527 1679 1682
1679 1682 2527
1923 925 2559
925 1923 2559
2559 925 1923
2767 1701 2458
2458 1701 2767
1701 2458 2767
1217 1943 2065
2065 1217 1943
1943 1217 2065
2266 23 1100
23 1100 2266
1100 23 2266
1714 257 2999
2999 257 1714
257 1714 2999
2771 60 219
60 219 2771
219 60 2771
2840 703 2717
2717 703 2840
703 2717 2840
14 2023 2667
2667 14 2023
2023 14 2667
413 1354 2488
1354 413 2488
2488 413 1354
123 2121 2501
2501 123 2121
2121 123 2501
1442 1378 2219
2219 1378 1442
1378 1442 2219
2518 133 2108
133 2108 2518
2108 133 2518
609 161 683
161 609 683
683 161 609
233 235 542
235 233 542
542 233 235
2218 499 540
540 499 2218
499 540 2218
378 743 2749
2749 378 743
743 378 2749
2977 789 2257
789 2257 2977
2257 789 2977
866 422 1460
1460 422 866
422 866 1460
815 292 1164
292 815 1164
1164 292 815
1533 564 2610
2610 564 1533
564 1533 2610
2700 307 2676
307 2676 2700
2676 307 2700
2805 902 1448
902 1448 2805
1448 902 2805
1352 26 1242
26 1242 1352
1242 26 1352
2675 690 2028
690 2028 2675
2028 690 2675
201 1188 1408
1188 201 1408
1408 201 1188
330 1121 2099
1121 330 2099
2099 330 1121
786 1237 1266
1266 786 1237
1237 786 1266
1322 431 2142
431 1322 2142
2142 431 1322
1390 617 2101
617 1390 2101
2101 617 1390
2280 1253 1949
1253 1949 2280
1949 1253 2280
693 1960 2420
2420 693 1960
1960 693 2420
800 1477 2813
1477 800 2813
2813 800 1477
2984 1790 2844
1790 2844 2984
2844 1790 2984
2156 708 1104
1104 708 2156
708 1104 2156
1917 1872 2275
1872 1917 2275
2275 1872 1917
385 1340 2489
1340 385 2489
2489 385 1340
1013 29 1877
29 1013 1877
1877 29 1013
2981 2449 2482
2482 2449 2981
2449 2482 2981
2351 937 2546
2546 937 2351
937 2351 2546
1449 363 1531
1531 363 1449
363 1449 1531
1203 1315 1893
1893 1203 1315
1315 1203 1893
185 1604 2928
1604 185 2928
2928 185 1604
324 1119 1855
1855 324 1119
1119 324 1855
2153 557 2539
557 2153 2539
2539 557 2153
2903 591 2372
591 2372 2903
2372 591 2903
1579 1484 2508
2508 1484 1579
1484 1579 2508
2378 1666 1832
1832 1666 2378
1666 1832 2378
2716 241 1247
241 1247 2716
1247 241 2716
367 493 2022
2022 367 493
493 367 2022
2126 2876 2988
2988 2126 2876
2876 2126 2988
270 2496 2743
2743 270 2496
2496 270 2743
559 953 2890
2890 559 953
953 559 2890
2139 94 2545
2545 94 2139
94 2139 2545
1433 2562 2838
2562 1433 2838
2838 1433 2562
585 613 1569
1569 585 613
613 585 1569
1551 636 2680
2680 636 1551
636 1551 2680
600 734 2633
734 600 2633
2633 600 734
313 316 1760
1760 313 316
316 313 1760
2787 116 669
669 116 2787
116 669 2787
2164 1395 2927
1395 2164 2927
2927 1395 2164
447 2044 2578
2044 447 2578
2578 447 2044
477 918 2314
2314 477 918
918 477 2314
2468 1243 1447
1243 1447 2468
1447 1243 2468
2834 1005 1841
1841 1005 2834
1005 1841 2834
1504 1558 2480
2480 1504 1558
1558 1504 2480
2663 972 2244
2244 972 2663
972 2244 2663
1304 146 842
842 146 1304
146 842 1304
435 1589 1828
1828 435 1589
1589 435 1828
774 1345 1507
1507 774 1345
1345 774 1507
13 779 2242
2242 13 779
779 13 2242
1255 2329 2823
2823 1255 2329
2329 1255 2823
1660 724 2388
2388 724 1660
724 1660 2388
2450 267 730
267 730 2450
730 267 2450
2729 1971 2880
1971 2729 2880
2880 1971 2729
1138 172 1271
1271 172 1138
172 1138 1271
1379 581 1031
1031 581 1379
581 1031 1379
2911 9 917
917 9 2911
9 917 2911
1774 1803 2666
2666 1774 1803
1803 1774 2666
854 942 1145
1145 854 942
942 854 1145
832 389 596
596 389 832
389 596 832
260 633 1326
1326 260 633
633 260 1326
1820 1032 2469
2469 1032 1820
1032 1820 2469
208 25 2334
25 208 2334
2334 25 208
2776 1341 1865
1865 1341 2776
1341 1865 2776
1857 1009 2003
1009 1857 2003
2003 1009 1857
2466 2761 2923
2761 2466 2923
2923 2466 2761
1191 1114 2736
2736 1114 1191
1114 1191 2736
194 798 935
935 194 798
798 194 935
827 1909 2695
2695 827 1909
1909 827 2695
1930 1730 1979
1979 1730 1930
1730 1930 1979
2774 2452 2637
2452 2637 2774
2637 2452 2774
2082 929 1508
1508 929 2082
929 1508 2082
2686 1503 2914
1503 2686 2914
2914 1503 2686
1318 446 2889
446 1318 2889
2889 446 1318
1900 1513 2991
1513 1900 2991
2991 1513 1900
2793 1269 2025
1269 2025 2793
2025 1269 2793
1550 2899 2994
2994 1550 2899
2899 1550 2994
701 2316 2626
2316 701 2626
2626 701 2316
1249 2379 2662
2379 1249 2662
2662 1249 2379
2728 333 944
944 333 2728
333 944 2728
836 1066 1953
1953 836 1066
1066 836 1953
2490 1183 1459
1459 1183 2490
1183 1459 2490
967 1723 2605
1723 967 2605
2605 967 1723
2132 821 2039
2039 821 2132
821 2039 2132
2464 1732 2186
2186 1732 2464
1732 2186 2464
1097 457 489
489 457 1097
457 489 1097
1785 216 2779
2779 216 1785
216 1785 2779
1131 1246 1464
1246 1131 1464
1464 1131 1246
987 620 2014
620 987 2014
2014 620 987
1523 847 1854
847 1523 1854
1854 847 1523
1132 838 1602
838 1132 1602
1602 838 1132
790 679 861
679 790 861
861 679 790
2046 1823 2016
2016 1823 2046
1823 2016 2046
1336 638 1055
1055 638 1336
638 1055 1336
1325 193 2493
193 1325 2493
2493 193 1325
2733 874 1435
874 1435 2733
1435 874 2733
1065 2292 2945
2292 1065 2945
2945 1065 2292
1176 34 1606
34 1176 1606
1606 34 1176
1581 222 2811
2811 222 1581
222 1581 2811
2414 460 1495
1495 460 2414
460 1495 2414
1265 560 2276
2276 560 1265
560 1265 2276
2980 1472 2265
1472 2265 2980
2265 1472 2980
318 572 2797
572 318 2797
2797 318 572
1896 1450 2573
1450 1896 2573
2573 1450 1896
2808 780 974
780 974 2808
974 780 2808
1571 36 1259
1259 36 1571
36 1259 1571
275 177 1003
177 275 1003
1003 177 275
1929 872 2246
2246 872 1929
872 1929 2246
1411 1655 2607
1655 1411 2607
2607 1411 1655
552 1161 2956
2956 552 1161
1161 552 2956
671 2234 2669
2669 671 2234
2234 671 2669
2239 2381 2920
2381 2239 2920
2920 2239 2381
2206 345 1753
345 1753 2206
1753 345 2206
2882 702 884
702 884 2882
884 702 2882
2170 1500 2603
1500 2170 2603
2603 1500 2170
2151 1722 2210
2210 1722 2151
1722 2151 2210
1239 521 796
521 796 1239
796 521 1239
1812 1882 2579
2579 1812 1882
1882 1812 2579
2514 2074 2770
2770 2074 2514
2074 2514 2770
607 7 2079
7 607 2079
2079 7 607
1489 2047 2553
2047 1489 2553
2553 1489 2047
1387 731 1793
1793 731 1387
731 1387 1793
6 711 1804
1804 6 711
711 6 1804
1303 2004 2356
2356 1303 2004
2004 1303 2356
1007 534 1431
534 1007 1431
1431 534 1007
410 184 2128
2128 184 410
184 410 2128
429 304 461
304 429 461
461 304 429
291 380 1012
1012 291 380
380 291 1012
96 2544 2613
2613 96 2544
2544 96 2613
2178 1202 2286
1202 2178 2286
2286 1202 2178
1463 1228 1810
1228 1463 1810
1810 1228 1463
1866 766 2030
766 1866 2030
2030 766 1866
2241 117 2842
2842 117 2241
117 2241 2842
2654 1493 2543
1493 2543 2654
2543 1493 2654
2167 407 2873
2873 407 2167
407 2167 2873
2398 1393 2486
2486 1393 2398
1393 2398 2486
1496 466 1515
1515 466 1496
466 1496 1515
1981 875 1438
1438 875 1981
875 1438 1981
1851 315 1238
315 1238 1851
1238 315 1851
2791 1391 2069
2069 1391 2791
1391 2069 2791
2532 965 2072
2072 965 2532
965 2072 2532
901 1289 2724
2724 901 1289
1289 901 2724
2199 86 1961
86 1961 2199
1961 86 2199
1537 166 336
166 336 1537
336 166 1537
138 535 1333
1333 138 535
535 138 1333
1441 1421 2107
1421 1441 2107
2107 1421 1441
1111 171 1154
171 1111 1154
1154 171 1111
405 384 632
632 384 405
384 405 632
604 899 2582
899 604 2582
2582 604 899
2090 805 2237
805 2090 2237
2237 805 2090
2428 537 959
959 537 2428
537 959 2428
623 2352 2657
2657 623 2352
2352 623 2657
1478 527 930
930 527 1478
527 930 1478
2701 1074 2268
1074 2268 2701
2268 1074 2701
1169 610 2060
2060 610 1169
610 1169 2060
1396 38 1512
38 1396 1512
1512 38 1396
108 320 375
320 108 375
375 108 320
1534 76 1837
1837 76 1534
76 1534 1837
1197 97 2096
2096 97 1197
97 1197 2096
401 1307 2171
1307 401 2171
2171 401 1307
978 1037 1090
1037 978 1090
1090 978 1037
1140 1695 1839
1839 1140 1695
1695 1140 1839
545 1673 2288
1673 545 2288
2288 545 1673
742 541 2349
2349 541 742
541 742 2349
2138 558 1257
1257 558 2138
558 1257 2138
2554 1196 1480
1480 1196 2554
1196 1480 2554
1362 1861 2525
1861 1362 2525
2525 1362 1861
2646 396 1284
1284 396 2646
396 1284 2646
1608 857 1631
857 1608 1631
1631 857 1608
550 163 1368
1368 163 550
163 550 1368
1772 1126 1487
1126 1487 1772
1487 1126 1772
2538 1492 2382
2382 1492 2538
1492 2382 2538
2932 8 98
8 98 2932
98 8 2932
1201 656 2783
2783 656 1201
656 1201 2783
427 1687 2966
2966 427 1687
1687 427 2966
1681 1227 2878
2878 1227 1681
1227 1681 2878
2908 1019 2375
2375 1019 2908
1019 2375 2908
1993 1204 2828
2828 1204 1993
1204 1993 2828
575 180 530
530 180 575
180 530 575
2041 2691 2990
2990 2041 2691
2691 2041 2990
147 1792 2619
2619 147 1792
1792 147 2619
2896 47 1118
47 1118 2896
1118 47 2896
2158 1744 2207
1744 2158 2207
2207 1744 2158
714 2537 2725
2725 714 2537
2537 714 2725
1324 2681 2748
2748 1324 2681
2681 1324 2748
686 904 1864
1864 686 904
904 686 1864
1657 437 1444
1444 437 1657
437 1444 1657
1642 859 2764
2764 859 1642
859 1642 2764
136 654 1763
1763 136 654
654 136 1763
851 143 1843
1843 143 851
143 851 1843
2957 20 362
362 20 2957
20 362 2957
2735 2510 2769
2510 2735 2769
2769 2510 2735
1361 785 2594
2594 785 1361
785 1361 2594
1599 1542 2243
2243 1542 1599
1542 1599 2243
2855 1600 2228
2228 1600 2855
1600 2228 2855
175 2070 2432
2432 175 2070
2070 175 2432
1564 488 1310
488 1310 1564
1310 488 1564
1415 1636 2941
2941 1415 1636
1636 1415 2941
2478 204 729
729 204 2478
204 729 2478
1112 160 1186
160 1112 1186
1186 160 1112
1080 421 2062
2062 421 1080
421 1080 2062
1612 453 871
453 871 1612
871 453 1612
812 2053 2600
2600 812 2053
2053 812 2600
234 1802 2075
1802 234 2075
2075 234 1802
1087 661 2497
2497 661 1087
661 1087 2497
706 727 2812
2812 706 727
727 706 2812
2359 655 2894
2894 655 2359
655 2359 2894
2067 2719 2755
2719 2067 2755
2755 2067 2719
755 1667 1830
1830 755 1667
1667 755 1830
1538 2054 2325
2325 1538 2054
2054 1538 2325
2256 162 1697
162 1697 2256
1697 162 2256
1703 1262 1686
1686 1262 1703
1262 1686 1703
825 882 2494
882 825 2494
2494 825 882
381 2086 2810
2086 381 2810
2810 381 2086
628 512 2092
2092 512 628
512 628 2092
2862 2519 2829
2829 2519 2862
2519 2829 2862
2376 846 1712
1712 846 2376
846 1712 2376
2006 290 394
290 394 2006
394 290 2006
914 769 2399
769 914 2399
2399 769 914
2303 645 1469
1469 645 2303
645 1469 2303
2891 2088 2789
2088 2789 2891
2789 2088 2891
1566 474 2704
2704 474 1566
474 1566 2704
1987 1825 2938
2938 1825 1987
1825 1987 2938
1782 430 1980
1980 430 1782
430 1782 1980
2491 92 265
92 265 2491
265 92 2491
1577 612 2747
612 1577 2747
2747 612 1577
2361 379 588
379 588 2361
588 379 2361
1134 1833 2369
2369 1134 1833
1833 1134 2369
1889 426 2939
426 1889 2939
2939 426 1889
2863 50 2026
50 2026 2863
2026 50 2863
809 2152 2567
2152 809 2567
2567 809 2152
2819 2235 2287
2287 2235 2819
2235 2287 2819
212 1400 1831
1831 212 1400
1400 212 1831
2165 305 1386
1386 305 2165
305 1386 2165
43 1787 2273
2273 43 1787
1787 43 2273
2169 393 2822
393 2169 2822
2822 393 2169
848 102 1213
1213 102 848
102 848 1213
1635 2191 2802
2191 1635 2802
2802 1635 2191
2279 844 2013
2013 844 2279
844 2013 2279
448 456 2645
456 448 2645
2645 448 456
2542 829 1822
829 1822 2542
1822 829 2542
371 2782 2971
2971 371 2782
2782 371 2971
89 831 1224
831 89 1224
1224 89 831
496 738 2796
738 496 2796
2796 496 738
2435 231 491
491 231 2435
231 491 2435
2781 816 2250
2250 816 2781
816 2250 2781
1337 1661 1824
1824 1337 1661
1661 1337 1824
1384 2005 2660
2660 1384 2005
2005 1384 2660
360 128 520
520 128 360
128 360 520
2337 45 1311
45 1311 2337
1311 45 2337
41 1172 2451
1172 41 2451
2451 41 1172
1370 1502 1892
1502 1370 1892
1892 1370 1502
2535 1468 2360
1468 2360 2535
2360 1468 2535
543 1174 2387
1174 543 2387
2387 543 1174
2087 531 1177
531 1177 2087
1177 531 2087
2155 577 718
718 577 2155
577 718 2155
1999 1964 2249
2249 1964 1999
1964 1999 2249
626 2393 2706
2393 626 2706
2706 626 2393
2499 2348 2772
2772 2348 2499
2348 2499 2772
2798 1029 2172
2172 1029 2798
1029 2172 2798
1910 2564 2860
2564 1910 2860
2860 1910 2564
395 1755 2614
1755 395 2614
2614 395 1755
262 297 2509
2509 262 297
297 262 2509
569 90 1358
1358 90 569
90 569 1358
2835 2439 2958
2439 2835 2958
2958 2439 2835
1862 1652 1691
1652 1691 1862
1691 1652 1862
876 343 794
794 343 876
343 794 876
1935 1051 1343
1051 1343 1935
1343 1051 1935
2371 864 1110
864 1110 2371
1110 864 2371
759 983 1818
1818 759 983
983 759 1818
2078 72 494
494 72 2078
72 494 2078
311 524 1294
524 311 1294
1294 311 524
1738 317 475
317 475 1738
475 317 1738
111 723 2970
2970 111 723
723 111 2970
1704 272 2021
272 1704 2021
2021 272 1704
1527 269 1563
1563 269 1527
269 1527 1563
1856 103 1920
103 1856 1920
1920 103 1856
1254 220 1761
220 1254 1761
1761 220 1254
481 105 2806
105 481 2806
2806 105 481
2411 1057 1419
1057 1419 2411
1419 1057 2411
1457 768 1479
1479 768 1457
768 1457 1479
2443 877 1026
1026 877 2443
877 1026 2443
525 114 409
409 114 525
114 409 525
2160 1223 2299
1223 2160 2299
2299 1223 2160
2149 1149 1786
1786 1149 2149
1149 1786 2149
2363 1301 1759
1759 1301 2363
1301 1759 2363
309 1757 2455
1757 309 2455
2455 309 1757
2312 125 2459
125 2312 2459
2459 125 2312
2302 707 2330
2330 707 2302
707 2302 2330
1698 2097 2310
2097 1698 2310
2310 1698 2097
1963 1675 2722
1675 1963 2722
2722 1675 1963
593 1746 2597
2597 593 1746
1746 593 2597
642 649 1406
649 642 1406
1406 642 649
1305 2664 2780
2664 1305 2780
2780 1305 2664
342 555 2446
2446 342 555
555 342 2446
2792 513 1377
1377 513 2792
513 1377 2792
1894 1290 2112
2112 1290 1894
1290 1894 2112
911 578 943
578 911 943
943 578 911
1162 54 956
54 956 1162
956 54 1162
2269 131 465
465 131 2269
131 465 2269
132 449 863
863 132 449
449 132 863
1886 326 988
988 326 1886
326 988 1886
2837 2187 2298
2187 2298 2837
2298 2187 2837
2036 200 906
906 200 2036
200 906 2036
948 926 2587
926 948 2587
2587 926 948
1279 1399 2572
1399 1279 2572
2572 1279 1399
2427 325 1829
1829 325 2427
325 1829 2427
2344 2240 2709
2709 2240 2344
2240 2344 2709
153 2437 2441
2441 153 2437
2437 153 2441
1945 720 1064
720 1064 1945
1064 720 1945
1426 328 1867
1867 328 1426
328 1426 1867
583 602 1539
1539 583 602
602 583 1539
1789 548 2589
548 1789 2589
2589 548 1789
1083 126 1998
1998 126 1083
126 1083 1998
168 938 2992
938 168 2992
2992 168 938
665 579 2952
2952 579 665
579 665 2952
1099 605 2628
2628 605 1099
605 1099 2628
1944 1643 1883
1883 1643 1944
1643 1883 1944
2827 630 2757
2757 630 2827
630 2757 2827
2584 793 1613
793 1613 2584
1613 793 2584
1522 1407 2216
2216 1407 1522
1407 1522 2216
2830 835 860
835 860 2830
860 835 2830
886 1167 1764
1764 886 1167
1167 886 1764
2214 1628 1665
1628 1665 2214
1665 1628 2214
1528 597 2161
597 1528 2161
2161 597 1528
1462 398 735
735 398 1462
398 735 1462
980 2143 2533
2143 980 2533
2533 980 2143
2804 1059 1076
1059 1076 2804
1076 1059 2804
2338 282 2203
282 2203 2338
2203 282 2338
113 713 2744
2744 113 713
713 113 2744
753 1532 2684
1532 753 2684
2684 753 1532
1622 191 1285
191 1285 1622
1285 191 1622
432 392 2606
392 432 2606
2606 392 432
2166 1178 1693
1693 1178 2166
1178 1693 2166
2262 400 526
526 400 2262
400 526 2262
554 834 2978
834 554 2978
2978 554 834
856 687 2339
687 856 2339
2339 687 856
688 888 1690
1690 688 888
888 688 1690
59 1901 1988
1988 59 1901
1901 59 1988
817 211 634
211 634 817
634 211 817
1924 2284 2659
2659 1924 2284
2284 1924 2659
616 1222 2665
2665 616 1222
1222 616 2665
1109 214 2076
2076 214 1109
214 1109 2076
2612 561 1454
561 1454 2612
1454 561 2612
1035 2678 2917
2917 1035 2678
2678 1035 2917
2869 1912 1972
1972 1912 2869
1912 1972 2869
1339 1088 2803
1088 1339 2803
2803 1088 1339
1292 2751 2959
2751 1292 2959
2959 1292 2751
721 1251 2064
1251 721 2064
2064 721 1251
2144 1505 2598
2598 1505 2144
1505 2144 2598
1107 210 303
210 303 1107
303 210 1107
1927 1165 2226
2226 1165 1927
1165 1927 2226
58 651 2404
651 58 2404
2404 58 651
853 1817 2617
1817 853 2617
2617 853 1817
666 637 2200
637 666 2200
2200 637 666
1117 2051 2773
2773 1117 2051
2051 1117 2773
2444 364 736
736 364 2444
364 736 2444
2157 1256 2196
2196 1256 2157
1256 2157 2196
1725 993 2643
2643 993 1725
993 1725 2643
801 2104 2581
2104 801 2581
2581 801 2104
2176 749 2590
749 2176 2590
2590 749 2176
2340 250 2746
2746 250 2340
250 2340 2746
532 67 78
78 67 532
67 78 532
2647 629 2943
2943 629 2647
629 2647 2943
2335 810 1049
1049 810 2335
810 1049 2335
1798 781 1028
781 1028 1798
1028 781 1798
1543 580 995
995 580 1543
580 995 1543
2368 509 2413
509 2368 2413
2413 509 2368
1159 425 1572
425 1159 1572
1572 425 1159
2202 1745 1907
1907 1745 2202
1745 1907 2202
71 694 2436
694 71 2436
2436 71 694
2467 745 2311
745 2311 2467
2311 745 2467
2117 1060 2485
1060 2117 2485
2485 1060 2117
2593 865 1240
1240 865 2593
865 1240 2593
2620 100 230
100 230 2620
230 100 2620
1619 2429 2937
2429 1619 2937
2937 1619 2429
1650 915 1209
1209 915 1650
915 1209 1650
913 1911 2189
1911 913 2189
2189 913 1911
173 1918 2355
1918 173 2355
2355 173 1918
470 495 891
495 470 891
891 470 495
2331 1042 1880
1880 1042 2331
1042 1880 2331
772 35 497
35 497 772
497 35 772
1330 2000 2883
2883 1330 2000
2000 1330 2883
2699 52 2734
52 2699 2734
2734 52 2699
149 676 1210
676 149 1210
1210 149 676
1525 997 1921
1921 997 1525
997 1525 1921
1809 784 2007
784 1809 2007
2007 784 1809
2529 627 885
627 885 2529
885 627 2529
1758 1184 2221
1184 1758 2221
2221 1184 1758
1625 946 2417
2417 946 1625
946 1625 2417
202 1079 1133
1133 202 1079
1079 202 1133
1195 2576 2809
2809 1195 2576
2576 1195 2809
155 989 1849
989 155 1849
1849 155 989
1936 88 515
88 515 1936
515 88 1936
218 1576 1771
1576 218 1771
1771 218 1576
908 2326 2964
2326 908 2964
2964 908 2326
2188 507 1198
1198 507 2188
507 1198 2188
675 500 1016
1016 500 675
500 675 1016
2936 167 571
