121 32 203
203 32 121
32 121 203
33 244 276
244 33 276
276 33 244
291 57 126
126 57 291
57 126 291
51 166 175
166 51 175
175 51 166
221 81 136
81 136 221
136 81 221
65 36 46
36 46 65
46 36 65
61 2 249
2 61 249
249 2 61
289 25 257
257 25 289
25 257 289
9 119 215
215 9 119
119 9 215
200 58 177
177 58 200
58 177 200
134 197 218
218 134 197
197 134 218
191 67 133
133 67 191
67 133 191
188 164 170
170 164 188
164 170 188
214 230 233
230 214 233
233 214 230
29 95 103
103 29 95
95 29 103
11 97 280
97 11 280
280 11 97
86 90 292
90 86 292
292 86 90
137 18 211
211 18 137
18 137 211
261 73 270
270 73 261
73 261 270
59 138 297
297 59 138
138 59 297
111 24 141
24 111 141
141 24 111
16 253 284
253 16 284
284 16 253
224 66 207
66 207 224
207 66 224
294 45 163
45 163 294
163 45 294
122 99 259
259 99 122
99 122 259
231 48 260
48 231 260
260 48 231
69 110 196
196 69 110
110 69 196
265 193 206
193 206 265
206 193 265
277 107 285
107 277 285
285 107 277
174 85 300
300 85 174
85 174 300
219 52 68
52 68 219
68 52 219
117 162 282
162 117 282
282 117 162
272 84 274
84 272 274
274 84 272
143 75 258
75 143 258
258 75 143
98 216 254
254 98 216
216 98 254
147 71 72
71 72 147
72 71 147
239 8 286
8 239 286
286 8 239
205 79 190
79 190 205
190 79 205
82 77 238
77 82 238
238 77 82
89 54 104
104 54 89
54 89 104
12 27 74
74 12 27
27 12 74
155 151 168
151 155 168
168 151 155
100 34 266
266 34 100
34 100 266
220 101 290
290 101 220
101 220 290
62 113 250
250 62 113
113 62 250
124 40 264
40 124 264
264 40 124
269 150 240
150 240 269
240 150 269
279 92 169
92 169 279
169 92 279
42 91 132
91 42 132
132 42 91
108 39 208
208 39 108
39 108 208
20 112 149
149 20 112
112 20 149
49 127 283
283 49 127
127 49 283
28 78 156
156 28 78
78 28 156
212 56 161
56 161 212
161 56 212
271 131 237
131 237 271
237 131 271
128 159 281
281 128 159
159 128 281
246 139 154
154 139 246
139 154 246
223 202 251
251 202 223
202 223 251
252 88 243
88 243 252
243 88 252
17 142 256
142 17 256
256 17 142
114 158 172
158 114 172
172 114 158
171 152 226
226 152 171
152 171 226
263 13 94
13 94 263
94 13 263
153 41 245
245 41 153
41 153 245
53 5 125
5 53 125
125 5 53
173 204 225
204 173 225
225 173 204
118 43 287
43 118 287
287 43 118
1 146 227
146 1 227
227 1 146
213 21 26
21 26 213
26 21 213
123 76 236
236 76 123
76 123 236
116 22 38
38 22 116
22 38 116
160 7 129
129 7 160
7 129 160
288 229 262
262 229 288
229 262 288
187 201 273
201 187 273
273 187 201
3 87 293
293 3 87
87 3 293
145 102 167
102 145 167
167 102 145
176 157 296
157 176 296
296 157 176
184 217 222
217 184 222
222 184 217
47 83 135
83 47 135
135 47 83
183 96 295
295 96 183
96 183 295
144 31 232
232 31 144
31 144 232
275 4 179
179 4 275
4 179 275
120 194 209
194 120 209
209 120 194
178 181 247
247 178 181
181 178 247
30 234 278
234 30 278
278 30 234
105 44 248
44 105 248
248 44 105
255 10 165
10 165 255
165 10 255
185 140 195
195 140 185
140 185 195
19 115 192
115 19 192
192 19 115
93 14 35
35 14 93
14 35 93
298 109 228
228 109 298
109 228 298
50 148 299
148 50 299
299 50 148
64 182 268
268 64 182
182 64 268
241 60 80
60 80 241
80 60 241
242 6 37
37 6 242
6 37 242
210 15 180
15 180 210
180 15 210
106 63 189
189 63 106
63 106 189
199 198 235
235 198 199
198 199 235
130 23 70
23 70 130
70 23 130
186 55 267
55 186 267
267 55 186
