152 33 148
148 33 152
33 148 152
17 5 237
237 5 17
5 17 237
53 74 90
90 53 74
74 53 90
218 173 236
236 173 218
173 218 236
192 206 275
206 192 275
275 192 206
183 18 245
18 183 245
245 18 183
285 57 187
57 187 285
187 57 285
288 58 109
58 109 288
109 58 288
9 32 176
32 9 176
176 9 32
44 181 267
267 44 181
181 44 267
260 20 281
20 260 281
281 20 260
195 155 266
155 195 266
266 155 195
159 200 202
202 159 200
200 159 202
238 66 150
150 66 238
66 150 238
84 149 179
179 84 149
149 84 179
144 59 168
168 59 144
59 144 168
22 12 269
269 12 22
12 22 269
133 184 242
184 133 242
242 133 184
137 36 261
36 137 261
261 36 137
276 98 147
147 98 276
98 147 276
82 240 290
290 82 240
240 82 290
171 14 100
14 100 171
100 14 171
64 196 211
211 64 196
196 64 211
151 114 199
114 151 199
199 114 151
177 104 289
289 104 177
104 177 289
154 216 235
216 154 235
235 154 216
283 134 166
134 166 283
166 134 283
194 60 264
264 60 194
60 194 264
219 40 188
188 40 219
40 188 219
75 1 119
119 1 75
1 75 119
140 157 228
157 140 228
228 140 157
102 79 247
79 102 247
247 79 102
193 24 161
161 24 193
24 161 193
291 2 63
2 63 291
63 2 291
126 19 300
19 126 300
300 19 126
167 142 172
142 167 172
172 142 167
215 221 287
287 215 221
221 215 287
89 42 296
296 42 89
42 89 296
254 80 135
135 80 254
80 135 254
279 92 249
92 249 279
249 92 279
8 212 251
212 8 251
251 8 212
272 70 207
207 70 272
70 207 272
115 39 76
76 39 115
39 76 115
189 117 208
117 189 208
208 117 189
7 65 99
99 7 65
65 7 99
255 106 165
165 106 255
106 165 255
45 16 210
16 45 210
210 16 45
209 35 182
182 35 209
35 182 209
110 87 111
87 110 111
111 87 110
186 37 54
37 54 186
54 37 186
15 123 295
123 15 295
295 15 123
68 34 248
34 68 248
248 34 68
203 174 284
284 174 203
174 203 284
132 4 107
107 4 132
4 107 132
81 55 250
250 55 81
55 81 250
220 61 233
61 220 233
233 61 220
158 23 127
127 23 158
23 127 158
125 78 223
223 78 125
78 125 223
185 156 273
156 185 273
273 156 185
138 48 224
224 48 138
48 138 224
41 73 274
73 41 274
274 41 73
268 88 263
88 263 268
263 88 268
162 10 299
10 162 299
299 10 162
11 69 71
71 11 69
69 11 71
286 143 258
258 143 286
143 258 286
191 91 292
91 191 292
292 91 191
230 108 124
124 108 230
108 124 230
62 130 198
198 62 130
130 62 198
232 31 141
141 31 232
31 141 232
243 103 122
103 122 243
122 103 243
28 43 239
239 28 43
43 28 239
146 27 116
116 27 146
27 116 146
265 13 204
13 204 265
204 13 265
226 77 277
77 226 277
277 77 226
178 85 280
280 85 178
85 178 280
120 101 278
101 120 278
278 101 120
121 169 262
169 121 262
262 121 169
46 30 297
297 30 46
30 46 297
257 214 259
214 257 259
259 214 257
47 225 252
252 47 225
225 47 252
234 163 256
163 234 256
256 163 234
38 50 83
50 38 83
83 38 50
26 72 241
72 26 241
241 26 72
180 52 128
128 52 180
52 128 180
67 118 170
118 67 170
170 67 118
112 56 293
293 56 112
56 112 293
21 153 229
153 21 229
229 21 153
94 175 222
222 94 175
175 94 222
49 6 197
6 49 197
197 6 49
145 51 95
51 95 145
95 51 145
201 96 105
105 96 201
96 105 201
270 131 298
298 131 270
131 270 298
271 3 136
136 3 271
3 136 271
294 129 246
129 246 294
246 129 294
113 86 282
86 113 282
282 86 113
205 93 253
93 205 253
253 93 205
244 190 227
190 227 244
227 190 244
160 25 213
25 160 213
213 25 160
231 29 139
139 29 231
29 139 231
97 164 217
217 97 164
164 97 217
