2929 1448 1567
1567 1448 2929
1448 1567 2929
2866 858 1675
858 1675 2866
1675 858 2866
1486 1 2702
1 1486 2702
2702 1 1486
1227 1171 2077
2077 1171 1227
1171 1227 2077
546 26 1626
26 546 1626
1626 26 546
529 766 2649
2649 529 766
766 529 2649
206 877 2600
877 206 2600
2600 206 877
969 1320 1903
1903 969 1320
1320 969 1903
767 155 1281
155 767 1281
1281 155 767
2525 647 2088
2088 647 2525
647 2088 2525
2747 347 1679
347 1679 2747
1679 347 2747
2511 122 1429
1429 122 2511
122 1429 2511
2972 2177 2277
2177 2277 2972
2277 2177 2972
2322 2375 2807
2807 2322 2375
2375 2322 2807
2833 2189 2201
2201 2189 2833
2189 2201 2833
1424 1023 2362
1023 1424 2362
2362 1023 1424
923 508 2276
2276 508 923
508 923 2276
1241 1254 2992
2992 1241 1254
1254 1241 2992
1577 2336 2961
2336 1577 2961
2961 1577 2336
2951 1589 2966
1589 2951 2966
2966 1589 2951
995 772 920
772 920 995
920 772 995
970 1921 2227
1921 970 2227
2227 970 1921
2311 669 2187
2187 669 2311
669 2187 2311
257 2327 2635
2327 257 2635
2635 257 2327
2548 1001 2374
1001 2374 2548
2374 1001 2548
2414 1265 2030
1265 2030 2414
2030 1265 2414
213 193 2293
193 213 2293
2293 193 213
52 730 1542
1542 52 730
730 52 1542
1243 324 512
512 324 1243
324 512 1243
1905 912 971
971 912 1905
912 971 1905
1850 245 271
245 271 1850
271 245 1850
2444 1108 2738
1108 2444 2738
2738 1108 2444
1583 369 2758
369 1583 2758
2758 369 1583
91 1237 2516
1237 91 2516
2516 91 1237
2471 656 1345
656 1345 2471
1345 656 2471
1081 1804 2580
2580 1081 1804
1804 1081 2580
2411 713 2229
713 2229 2411
2229 713 2411
2641 273 943
273 943 2641
943 273 2641
2806 147 1554
147 1554 2806
1554 147 2806
2384 1279 1969
1279 1969 2384
1969 1279 2384
1198 1302 2225
2225 1198 1302
1302 1198 2225
1300 1466 2971
2971 1300 1466
1466 1300 2971
1109 1848 2103
1848 1109 2103
2103 1109 1848
1651 479 2948
479 1651 2948
2948 479 1651
2837 2137 2914
2914 2137 2837
2137 2837 2914
907 534 1439
534 907 1439
1439 534 907
2662 1329 2990
2990 1329 2662
1329 2662 2990
590 988 1197
988 590 1197
1197 590 988
1769 227 2875
227 1769 2875
2875 227 1769
1005 687 2684
2684 687 1005
687 1005 2684
2184 2300 2692
2692 2184 2300
2300 2184 2692
1513 2203 2280
2203 1513 2280
2280 1513 2203
841 933 991
991 841 933
933 841 991
2603 125 2578
125 2578 2603
2578 125 2603
2352 1034 1139
1034 1139 2352
1139 1034 2352
2064 1052 1870
1870 1052 2064
1052 1870 2064
1677 407 1288
407 1288 1677
1288 407 1677
616 112 1680
112 616 1680
1680 112 616
1951 1510 1877
1877 1510 1951
1510 1877 1951
2233 1532 2666
2666 1532 2233
1532 2233 2666
2398 421 2720
2720 421 2398
421 2398 2720
2313 74 1563
74 1563 2313
1563 74 2313
914 1809 2424
2424 914 1809
1809 914 2424
289 2231 2922
2231 289 2922
2922 289 2231
770 543 931
543 770 931
931 543 770
693 241 1981
241 693 1981
1981 241 693
1690 1178 1351
1178 1351 1690
1351 1178 1690
2212 1110 2982
2982 1110 2212
1110 2212 2982
2298 1434 1898
1434 1898 2298
1898 1434 2298
459 1802 1957
1802 459 1957
1957 459 1802
247 132 890
132 247 890
890 132 247
2745 380 666
666 380 2745
380 666 2745
871 808 2490
2490 808 871
808 871 2490
2216 1330 2576
1330 2216 2576
2576 1330 2216
2034 1140 1665
1140 1665 2034
1665 1140 2034
1225 1280 1557
1280 1225 1557
1557 1225 1280
218 559 1971
559 218 1971
1971 218 559
2459 1087 1976
1976 1087 2459
1087 1976 2459
1511 1407 1552
1552 1407 1511
1407 1511 1552
29 1331 2123
1331 29 2123
2123 29 1331
276 784 2532
784 276 2532
2532 276 784
495 1175 1201
1201 495 1175
1175 495 1201
1123 917 2645
917 1123 2645
2645 917 1123
265 1352 2927
1352 265 2927
2927 265 1352
1021 272 2978
2978 272 1021
272 1021 2978
280 989 2517
2517 280 989
989 280 2517
777 1526 2856
2856 777 1526
1526 777 2856
2124 1047 2792
2792 1047 2124
1047 2124 2792
1489 1165 2979
1165 1489 2979
2979 1165 1489
2574 41 1328
41 1328 2574
1328 41 2574
2549 711 1142
1142 711 2549
711 1142 2549
823 2176 2557
2176 823 2557
2557 823 2176
232 142 2568
142 232 2568
2568 142 232
2583 960 2797
2797 960 2583
960 2583 2797
1349 1925 2078
1925 1349 2078
2078 1349 1925
384 294 883
294 384 883
883 294 384
319 254 1967
254 319 1967
1967 254 319
183 2367 2489
2367 183 2489
2489 183 2367
788 490 1079
490 788 1079
1079 490 788
937 448 2310
2310 448 937
448 937 2310
2947 513 2083
2083 513 2947
513 2083 2947
45 134 2721
2721 45 134
134 45 2721
2969 718 1313
718 1313 2969
1313 718 2969
810 483 913
483 810 913
913 483 810
2543 1973 2272
1973 2272 2543
2272 1973 2543
2889 1134 2815
2815 1134 2889
1134 2815 2889
1652 552 2757
552 1652 2757
2757 552 1652
1912 1694 2395
2395 1694 1912
1694 1912 2395
143 2127 2553
2553 143 2127
2127 143 2553
1022 1857 2377
1857 1022 2377
2377 1022 1857
1869 1129 2779
1129 1869 2779
2779 1129 1869
1037 1060 2217
2217 1037 1060
1060 1037 2217
368 916 1945
916 368 1945
1945 368 916
768 381 1095
1095 381 768
381 768 1095
2084 1813 2152
2152 1813 2084
1813 2084 2152
2426 1972 2174
2174 1972 2426
1972 2174 2426
2051 351 1444
1444 351 2051
351 1444 2051
787 391 968
968 391 787
391 787 968
684 443 2907
443 684 2907
2907 443 684
2150 1101 2356
1101 2150 2356
2356 1101 2150
119 1084 2020
1084 119 2020
2020 119 1084
1681 185 1628
1628 185 1681
185 1628 1681
17 167 2821
2821 17 167
167 17 2821
1187 1457 2858
2858 1187 1457
1457 1187 2858
1915 397 1269
397 1269 1915
1269 397 1915
1685 333 903
333 903 1685
903 333 1685
2090 1319 1851
1319 1851 2090
1851 1319 2090
1438 555 2769
2769 555 1438
555 1438 2769
2801 108 2354
2354 108 2801
108 2354 2801
2943 872 1100
872 1100 2943
1100 872 2943
696 722 2754
722 696 2754
2754 696 722
661 357 729
729 357 661
357 661 729
2675 654 2814
654 2675 2814
2814 654 2675
32 675 803
803 32 675
675 32 803
1214 24 476
24 476 1214
476 24 1214
2443 2107 2609
2107 2443 2609
2609 2107 2443
2689 2060 2418
2418 2060 2689
2060 2418 2689
2167 259 2406
259 2167 2406
2406 259 2167
1994 2271 2417
2417 1994 2271
2271 1994 2417
816 667 1122
1122 667 816
667 816 1122
2878 1923 2993
2993 1923 2878
1923 2878 2993
2215 1066 2999
2999 1066 2215
1066 2215 2999
1137 509 2882
2882 509 1137
509 1137 2882
2711 1184 1624
1624 1184 2711
1184 1624 2711
2673 1883 2056
1883 2056 2673
2056 1883 2673
2740 356 775
356 775 2740
775 356 2740
2567 594 1355
1355 594 2567
594 1355 2567
2143 814 1772
1772 814 2143
814 1772 2143
234 1173 2126
2126 234 1173
1173 234 2126
2457 144 1492
144 1492 2457
1492 144 2457
449 57 2936
57 449 2936
2936 57 449
701 832 2407
832 701 2407
2407 701 832
1049 322 1596
1596 322 1049
322 1049 1596
1033 1207 2893
2893 1033 1207
1207 1033 2893
1153 799 1616
799 1153 1616
1616 799 1153
1696 1377 1417
1377 1417 1696
1417 1377 1696
2347 2134 2439
2134 2347 2439
2439 2134 2347
161 620 622
622 161 620
620 161 622
628 2021 2855
2021 628 2855
2855 628 2021
2938 946 2746
2746 946 2938
946 2746 2938
2048 481 2709
2709 481 2048
481 2048 2709
2759 1367 2074
1367 2074 2759
2074 1367 2759
1867 1736 2817
2817 1736 1867
1736 1867 2817
2491 1789 2935
1789 2491 2935
2935 1789 2491
605 13 66
13 66 605
66 13 605
2571 1620 1721
1620 1721 2571
1721 1620 2571
1212 1500 2731
1500 1212 2731
2731 1212 1500
2648 1211 2832
2832 1211 2648
1211 2648 2832
2025 1389 2023
1389 2023 2025
2023 1389 2025
317 846 1447
846 317 1447
1447 317 846
1551 467 2410
2410 467 1551
467 1551 2410
1726 1668 1682
1682 1668 1726
1668 1682 1726
2246 1787 2705
1787 2246 2705
2705 1787 2246
1038 1007 2954
1007 1038 2954
2954 1007 1038
1145 1908 2901
2901 1145 1908
1908 1145 2901
618 1278 2909
2909 618 1278
1278 618 2909
166 458 1900
1900 166 458
458 166 1900
33 1735 2610
2610 33 1735
1735 33 2610
1398 1261 2151
2151 1261 1398
1261 1398 2151
1929 471 1045
1045 471 1929
471 1045 1929
1517 36 1794
1794 36 1517
36 1517 1794
2586 164 2902
164 2586 2902
2902 164 2586
2146 92 2420
2420 92 2146
92 2146 2420
497 2470 2498
2470 497 2498
2498 497 2470
2965 269 1781
269 1781 2965
1781 269 2965
1420 1799 1999
1999 1420 1799
1799 1420 1999
900 1605 2199
2199 900 1605
1605 900 2199
1637 97 2004
2004 97 1637
97 1637 2004
1149 835 925
925 835 1149
835 925 1149
928 501 2224
2224 501 928
501 928 2224
250 613 1697
1697 250 613
613 250 1697
1128 1346 2509
2509 1128 1346
1346 1128 2509
2140 541 1333
541 1333 2140
1333 541 2140
1354 901 2442
2442 901 1354
901 1354 2442
2774 34 84
34 84 2774
84 34 2774
75 67 2825
67 75 2825
2825 67 75
1338 839 853
839 853 1338
853 839 1338
129 1719 2441
1719 129 2441
2441 129 1719
1703 1954 2545
2545 1703 1954
1954 1703 2545
2680 1493 2122
1493 2122 2680
2122 1493 2680
688 229 1854
229 688 1854
1854 229 688
704 221 2467
2467 221 704
221 704 2467
584 1922 2355
2355 584 1922
1922 584 2355
1792 53 1151
1151 53 1792
53 1151 1792
2783 149 2148
2148 149 2783
149 2148 2783
1746 1055 2984
2984 1055 1746
1055 1746 2984
2027 761 1015
1015 761 2027
761 1015 2027
1041 305 1403
1403 305 1041
305 1041 1403
1602 2466 2650
2650 1602 2466
2466 1602 2650
1935 1157 1536
1536 1157 1935
1157 1536 1935
283 1873 2587
1873 283 2587
2587 283 1873
25 868 1111
1111 25 868
868 25 1111
1586 2234 2512
2512 1586 2234
2234 1586 2512
1446 520 880
880 520 1446
520 880 1446
1174 1136 1570
1570 1136 1174
1136 1174 1570
2381 643 2162
2162 643 2381
643 2162 2381
873 411 1806
411 873 1806
1806 411 873
1653 442 1534
442 1534 1653
1534 442 1653
61 576 1406
576 61 1406
1406 61 576
1645 2520 2988
2988 1645 2520
2520 1645 2988
436 875 1317
1317 436 875
875 436 1317
2105 1218 2236
1218 2105 2236
2236 1218 2105
2676 105 1371
1371 105 2676
105 1371 2676
195 413 1353
413 195 1353
1353 195 413
2307 1440 1581
1440 1581 2307
1581 1440 2307
1601 815 1988
1988 815 1601
815 1601 1988
1088 1043 1575
1575 1043 1088
1043 1088 1575
1990 1258 2693
2693 1258 1990
1258 1990 2693
1917 30 904
30 904 1917
904 30 1917
565 1760 2399
1760 565 2399
2399 565 1760
1747 685 1744
1744 685 1747
685 1744 1747
2950 1183 1893
1893 1183 2950
1183 1893 2950
994 1235 1741
1235 994 1741
1741 994 1235
286 582 2408
2408 286 582
582 286 2408
1985 976 1580
976 1580 1985
1580 976 1985
857 1076 1618
1076 857 1618
1618 857 1076
2186 1118 1379
1118 1379 2186
1379 1118 2186
2102 79 1502
1502 79 2102
79 1502 2102
535 400 432
432 400 535
400 432 535
1638 320 1751
320 1638 1751
1751 320 1638
2285 349 897
897 349 2285
349 897 2285
859 1373 1986
1986 859 1373
1373 859 1986
578 638 2147
2147 578 638
638 578 2147
2106 2037 2788
2788 2037 2106
2037 2106 2788
2671 1766 2722
1766 2671 2722
2722 1766 2671
1112 1767 2081
1767 1112 2081
2081 1112 1767
2860 420 2838
420 2838 2860
2838 420 2860
160 2514 2657
2657 160 2514
2514 160 2657
2883 948 1426
948 1426 2883
1426 948 2883
1064 1852 2956
1852 1064 2956
2956 1064 1852
224 726 896
896 224 726
726 224 896
1834 1475 1705
1705 1475 1834
1475 1705 1834
806 1503 2925
2925 806 1503
1503 806 2925
2002 292 2093
2093 292 2002
292 2002 2093
1044 332 1077
1077 332 1044
332 1044 1077
403 388 1841
1841 388 403
388 403 1841
1246 1221 2326
2326 1221 1246
1221 1246 2326
68 507 655
507 68 655
655 68 507
2934 986 2488
986 2488 2934
2488 986 2934
1039 602 1776
602 1039 1776
1776 602 1039
1256 981 1949
1949 981 1256
981 1256 1949
2100 845 1479
1479 845 2100
845 1479 2100
2253 2238 2572
2572 2238 2253
2238 2253 2572
2044 2046 2135
2046 2044 2135
2135 2044 2046
279 1833 1993
1993 279 1833
1833 279 1993
1816 1054 1474
1474 1054 1816
1054 1474 1816
2308 1565 2766
2766 1565 2308
1565 2308 2766
2206 1094 2845
2845 1094 2206
1094 2206 2845
2425 1029 2378
1029 2378 2425
2378 1029 2425
377 138 1937
1937 138 377
138 377 1937
171 1826 2842
1826 171 2842
2842 171 1826
2091 172 2849
2849 172 2091
172 2091 2849
81 2755 2780
2780 81 2755
2755 81 2780
419 282 1251
1251 282 419
282 419 1251
1035 885 1793
1793 885 1035
885 1035 1793
1301 140 1576
1576 140 1301
140 1301 1576
2698 1074 1566
1074 1566 2698
1566 1074 2698
83 451 698
698 83 451
451 83 698
2454 199 447
447 199 2454
199 447 2454
87 409 1942
1942 87 409
409 87 1942
2715 624 2333
624 2333 2715
2333 624 2715
965 2244 2949
2244 965 2949
2949 965 2244
895 1085 1162
1085 895 1162
1162 895 1085
2533 1179 2274
1179 2274 2533
2274 1179 2533
236 906 1805
906 236 1805
1805 236 906
918 150 1827
1827 150 918
150 918 1827
2035 192 2330
2330 192 2035
192 2035 2330
2256 104 1080
104 1080 2256
1080 104 2256
2033 1365 1505
1365 1505 2033
1505 1365 2033
327 433 2265
433 327 2265
2265 327 433
1234 1483 2983
1483 1234 2983
2983 1234 1483
2579 238 1700
1700 238 2579
238 1700 2579
88 2014 2220
2220 88 2014
2014 88 2220
1691 822 1083
1083 822 1691
822 1083 1691
1008 2547 2942
2547 1008 2942
2942 1008 2547
574 1182 1268
1182 574 1268
1268 574 1182
1814 1621 2896
1621 1814 2896
2896 1621 1814
1059 428 2505
428 1059 2505
2505 428 1059
2724 1959 2712
2712 1959 2724
1959 2712 2724
1666 1040 2453
1040 1666 2453
2453 1040 1666
2561 1590 2029
2029 1590 2561
1590 2029 2561
636 431 1399
1399 431 636
431 636 1399
2241 929 1689
929 1689 2241
1689 929 2241
1740 2923 2960
2923 1740 2960
2960 1740 2923
2614 783 2341
2341 783 2614
783 2341 2614
2111 528 1606
1606 528 2111
528 1606 2111
203 376 1712
376 203 1712
1712 203 376
1549 2363 2521
2363 1549 2521
2521 1549 2363
2386 568 1941
1941 568 2386
568 1941 2386
2846 1610 1674
1610 1674 2846
1674 1610 2846
2714 765 778
765 778 2714
778 765 2714
2252 482 1955
1955 482 2252
482 1955 2252
191 2394 2799
2394 191 2799
2799 191 2394
2263 756 2515
756 2263 2515
2515 756 2263
1192 2261 2294
2261 1192 2294
2294 1192 2261
93 1158 1362
1362 93 1158
1158 93 1362
19 800 2409
800 19 2409
2409 19 800
1209 699 2319
699 1209 2319
2319 699 1209
1220 533 2687
533 1220 2687
2687 533 1220
179 801 2452
801 179 2452
2452 179 801
1104 82 1962
82 1104 1962
1962 82 1104
2428 1409 2742
1409 2428 2742
2742 1409 2428
364 1998 2324
1998 364 2324
2324 364 1998
2009 1231 2447
1231 2009 2447
2447 1231 2009
673 2485 2911
2911 673 2485
2485 673 2911
2976 1226 1356
1356 1226 2976
1226 1356 2976
1871 1916 1960
1960 1871 1916
1916 1871 1960
85 709 2390
2390 85 709
709 85 2390
460 2161 2248
2161 460 2248
2248 460 2161
2881 525 2257
2257 525 2881
525 2257 2881
2501 1435 2366
2366 1435 2501
1435 2366 2501
335 117 2732
117 335 2732
2732 117 335
542 312 1918
1918 312 542
312 542 1918
180 344 1754
1754 180 344
344 180 1754
2713 1206 2421
2421 1206 2713
1206 2421 2713
1223 862 1546
1546 862 1223
862 1223 1546
2719 1514 2468
1514 2468 2719
2468 1514 2719
2577 190 487
190 487 2577
487 190 2577
2880 202 2639
2639 202 2880
202 2639 2880
2465 314 1863
314 1863 2465
1863 314 2465
1113 1555 2652
1555 1113 2652
2652 1113 1555
1938 1267 2841
1267 1938 2841
2841 1267 1938
1872 284 1509
284 1509 1872
1509 284 1872
2737 302 1168
1168 302 2737
302 1168 2737
743 1011 2735
2735 743 1011
1011 743 2735
1291 549 2392
2392 549 1291
549 1291 2392
750 1297 2552
1297 750 2552
2552 750 1297
2003 1117 2973
2973 1117 2003
1117 2003 2973
2857 2171 2209
2209 2171 2857
2171 2209 2857
1146 668 2563
668 1146 2563
2563 668 1146
1387 1185 2631
1185 1387 2631
2631 1185 1387
1180 556 956
556 956 1180
956 556 1180
1695 2165 2678
2165 1695 2678
2678 1695 2165
957 530 1376
530 957 1376
1376 530 957
2834 975 1768
975 1768 2834
1768 975 2834
1485 908 2919
2919 908 1485
908 1485 2919
2026 367 762
762 367 2026
367 762 2026
1303 201 2592
2592 201 1303
201 1303 2592
1405 598 2058
2058 598 1405
598 1405 2058
330 1963 2897
1963 330 2897
2897 330 1963
979 1450 2741
1450 979 2741
2741 979 1450
1306 1533 2612
1533 1306 2612
2612 1306 1533
1568 1089 2266
2266 1089 1568
1089 1568 2266
2160 1195 2962
2962 1195 2160
1195 2160 2962
708 434 2170
434 708 2170
2170 434 708
1784 1092 2173
2173 1092 1784
1092 1784 2173
2756 1745 2432
1745 2432 2756
2432 1745 2756
2703 1199 2309
1199 2309 2703
2309 1199 2703
404 251 676
676 251 404
251 404 676
1053 664 2054
664 1053 2054
2054 664 1053
372 2744 2840
2840 372 2744
2744 372 2840
1272 162 2119
2119 162 1272
162 1272 2119
423 831 2853
2853 423 831
831 423 2853
1099 2596 2602
2596 1099 2602
2602 1099 2596
2518 28 2130
28 2130 2518
2130 28 2518
2301 1599 2179
2179 1599 2301
1599 2179 2301
575 80 2980
2980 80 575
80 575 2980
2513 1190 2312
2312 1190 2513
1190 2312 2513
1316 817 1075
1075 817 1316
817 1075 1316
2565 186 1215
1215 186 2565
186 1215 2565
2422 517 1363
1363 517 2422
517 1363 2422
73 588 2669
588 73 2669
2669 73 588
2958 861 2477
2477 861 2958
861 2477 2958
2865 278 1885
1885 278 2865
278 1885 2865
2625 151 215
151 215 2625
215 151 2625
2195 1643 2605
1643 2195 2605
2605 1643 2195
2079 990 1636
990 1636 2079
1636 990 2079
1644 1154 1842
1842 1154 1644
1154 1644 1842
2939 1236 2786
1236 2786 2939
2786 1236 2939
2749 1124 1193
1124 1193 2749
1193 1124 2749
653 1416 1604
1416 653 1604
1604 653 1416
1296 665 2619
665 1296 2619
2619 665 1296
1380 113 2530
2530 113 1380
113 1380 2530
1642 1609 1861
1609 1642 1861
1861 1609 1642
553 163 2086
163 553 2086
2086 163 553
99 46 2373
2373 46 99
46 99 2373
2589 473 506
506 473 2589
473 506 2589
870 2872 3000
2872 870 3000
3000 870 2872
2508 363 538
363 538 2508
538 363 2508
2782 746 1160
1160 746 2782
746 1160 2782
1358 174 2864
2864 174 1358
174 1358 2864
2591 2101 2763
2101 2591 2763
2763 2101 2591
2679 1264 2507
1264 2507 2679
2507 1264 2679
2353 187 427
187 427 2353
427 187 2353
1454 2073 2268
2073 1454 2268
2268 1454 2073
902 152 2117
152 902 2117
2117 152 902
1669 867 1541
867 1541 1669
1541 867 1669
2182 515 2431
2431 515 2182
515 2182 2431
580 1911 2555
1911 580 2555
2555 580 1911
2691 1684 2819
2819 1684 2691
1684 2691 2819
2785 1648 1836
1836 1648 2785
1648 1836 2785
1397 1321 2419
2419 1321 1397
1321 1397 2419
374 243 717
717 243 374
243 374 717
277 1663 2249
2249 277 1663
1663 277 2249
1229 1470 1910
1470 1229 1910
1910 1229 1470
1582 1069 2900
1069 1582 2900
2900 1069 1582
1933 466 2325
466 1933 2325
2325 466 1933
2912 754 2615
2615 754 2912
754 2615 2912
2534 536 1010
1010 536 2534
536 1010 2534
2630 557 672
672 557 2630
557 672 2630
2397 2364 2492
2364 2397 2492
2492 2364 2397
1096 1276 2727
2727 1096 1276
1276 1096 2727
1897 343 2559
343 1897 2559
2559 343 1897
1453 465 1314
1314 465 1453
465 1314 1453
291 936 2267
936 291 2267
2267 291 936
2776 352 2658
2658 352 2776
352 2658 2776
362 293 836
836 293 362
293 362 836
2264 1593 2618
1593 2264 2618
2618 1593 2264
461 522 2974
2974 461 522
522 461 2974
2663 516 1524
1524 516 2663
516 1524 2663
2351 2052 2854
2854 2052 2351
2052 2351 2854
1585 493 2349
493 1585 2349
2349 493 1585
735 511 2302
2302 511 735
511 735 2302
1686 641 2068
2068 641 1686
641 1686 2068
196 54 645
54 196 645
645 54 196
1508 966 1432
966 1432 1508
1432 966 1508
1327 545 1750
1750 545 1327
545 1327 1750
1471 1631 1974
1631 1471 1974
1974 1471 1631
1028 1299 1630
1630 1028 1299
1299 1028 1630
2768 1298 1672
1298 1672 2768
1672 1298 2768
2018 985 2318
985 2018 2318
2318 985 2018
1484 2464 2674
2674 1484 2464
2464 1484 2674
2480 1368 2379
2379 1368 2480
1368 2379 2480
1189 632 1290
632 1189 1290
1290 632 1189
527 261 1216
1216 261 527
261 527 1216
2207 1603 1934
1934 1603 2207
1603 1934 2207
1339 417 2550
417 1339 2550
2550 417 1339
1385 301 1292
1292 301 1385
301 1292 1385
1906 2069 2450
2450 1906 2069
2069 1906 2450
860 1247 1655
1247 860 1655
1655 860 1247
2812 219 315
219 315 2812
315 219 2812
1713 519 1200
519 1200 1713
1200 519 1713
1824 1980 2153
1980 1824 2153
2153 1824 1980
1662 707 1473
1473 707 1662
707 1473 1662
790 1384 1410
1410 790 1384
1384 790 1410
2871 373 1538
373 1538 2871
1538 373 2871
1396 1812 1875
1812 1396 1875
1875 1396 1812
441 1539 1831
1539 441 1831
1831 441 1539
1487 184 1664
184 1487 1664
1664 184 1487
266 1233 1537
1537 266 1233
1233 266 1537
1531 607 1366
607 1366 1531
1366 607 1531
1361 789 1778
789 1361 1778
1778 789 1361
1788 2031 2620
2031 1788 2620
2620 1788 2031
1255 1490 2097
1490 1255 2097
2097 1255 1490
2653 1070 2461
1070 2461 2653
2461 1070 2653
425 710 1375
1375 425 710
710 425 1375
2556 721 829
829 721 2556
721 829 2556
1347 2891 2957
2891 1347 2957
2957 1347 2891
424 972 1348
1348 424 972
972 424 1348
1462 77 456
77 456 1462
456 77 1462
864 649 2133
2133 649 864
649 864 2133
1240 1634 2843
2843 1240 1634
1634 1240 2843
1853 996 1071
996 1071 1853
1071 996 1853
732 308 1360
308 732 1360
1360 308 732
2163 23 2739
2739 23 2163
23 2163 2739
1422 1720 2071
2071 1422 1720
1720 1422 2071
1671 115 637
637 115 1671
115 637 1671
398 1323 2109
2109 398 1323
1323 398 2109
2510 1393 2560
2560 1393 2510
1393 2510 2560
518 1535 2809
2809 518 1535
1535 518 2809
561 429 1761
1761 429 561
429 561 1761
385 674 794
674 385 794
794 385 674
1920 1983 2764
1983 1920 2764
2764 1920 1983
2998 776 2868
776 2868 2998
2868 776 2998
1222 1856 2573
2573 1222 1856
1856 1222 2573
2154 158 468
468 158 2154
158 468 2154
1547 2890 2940
2940 1547 2890
2890 1547 2940
2685 898 1401
898 1401 2685
1401 898 2685
2303 338 408
408 338 2303
338 408 2303
1002 462 2862
2862 462 1002
462 1002 2862
422 396 1152
396 422 1152
1152 396 422
297 1445 2660
2660 297 1445
1445 297 2660
1480 42 1496
42 1480 1496
1496 42 1480
2597 564 992
564 992 2597
992 564 2597
2255 157 953
953 157 2255
157 953 2255
318 342 2260
2260 318 342
342 318 2260
120 930 2205
930 120 2205
2205 120 930
615 211 387
387 211 615
211 387 615
2169 208 2955
2955 208 2169
208 2169 2955
2350 1219 1413
1413 1219 2350
1219 1413 2350
1727 1098 2810
1098 1727 2810
2810 1098 1727
1018 311 734
734 311 1018
311 734 1018
592 537 1752
1752 537 592
537 592 1752
1381 470 854
854 470 1381
470 854 1381
1629 927 2873
2873 927 1629
927 1629 2873
631 145 744
145 631 744
744 145 631
60 44 288
288 44 60
44 60 288
2793 2360 2637
2637 2360 2793
2360 2637 2793
893 683 2306
2306 683 893
683 893 2306
2499 2204 2730
2204 2499 2730
2730 2204 2499
1956 827 1238
1238 827 1956
827 1238 1956
1709 678 2888
2888 678 1709
678 1709 2888
220 1545 1743
1545 220 1743
1743 220 1545
1411 894 2222
2222 894 1411
894 1411 2222
1843 548 2098
2098 548 1843
548 1843 2098
440 200 2632
200 440 2632
2632 200 440
2479 437 1293
437 1293 2479
1293 437 2479
1790 1615 1970
1615 1790 1970
1970 1615 1790
72 353 703
703 72 353
353 72 703
2991 635 1846
635 1846 2991
1846 635 2991
2791 1091 2075
1091 2075 2791
2075 1091 2791
745 168 1989
168 745 1989
1989 168 745
2503 1295 1977
1977 1295 2503
1295 1977 2503
1822 601 2063
601 1822 2063
2063 601 1822
566 165 1708
1708 165 566
165 566 1708
354 371 1718
371 354 1718
1718 354 371
1115 267 1275
1275 267 1115
267 1115 1275
1571 102 1148
1148 102 1571
102 1148 1571
888 1688 2062
1688 888 2062
2062 888 1688
1344 399 1984
1984 399 1344
399 1344 1984
1734 133 2706
2706 133 1734
133 1734 2706
2699 1337 2994
1337 2699 2994
2994 1337 2699
633 723 2598
2598 633 723
723 633 2598
2884 1597 2391
1597 2391 2884
2391 1597 2884
325 304 921
921 304 325
304 325 921
2305 593 1791
593 1791 2305
1791 593 2305
825 1159 1798
1798 825 1159
1159 825 1798
2519 964 2818
2818 964 2519
964 2519 2818
1283 414 2329
414 1283 2329
2329 414 1283
135 1107 2357
2357 135 1107
1107 135 2357
348 21 1774
1774 21 348
21 348 1774
2487 50 2359
50 2359 2487
2359 50 2487
1248 1868 2446
2446 1248 1868
1868 1248 2446
510 2164 2760
2164 510 2760
2760 510 2164
1460 2484 2585
2585 1460 2484
2484 1460 2585
2321 386 1796
1796 386 2321
386 1796 2321
1968 539 2159
539 1968 2159
2159 539 1968
1855 572 646
572 646 1855
646 572 1855
1823 287 1097
1097 287 1823
287 1097 1823
1522 629 1693
629 1522 1693
1693 629 1522
679 1232 1739
1232 679 1739
1739 679 1232
1504 488 2748
488 1504 2748
2748 488 1504
2773 1144 1800
1144 1800 2773
1800 1144 2773
2455 31 1882
1882 31 2455
31 1882 2455
1765 1032 1326
1326 1032 1765
1032 1326 1765
2646 1948 2110
1948 2110 2646
2110 1948 2646
2904 826 2723
2723 826 2904
826 2723 2904
2941 682 1307
1307 682 2941
682 1307 2941
621 2019 2656
2019 621 2656
2656 621 2019
2903 1147 2197
1147 2197 2903
2197 1147 2903
444 5 2908
2908 5 444
5 444 2908
785 1678 1699
1678 785 1699
1699 785 1678
1914 1170 1595
1170 1595 1914
1595 1170 1914
253 98 1724
98 253 1724
1724 98 253
899 2114 2570
2570 899 2114
2114 899 2570
2527 796 1919
1919 796 2527
796 1919 2527
270 124 1763
1763 124 270
124 270 1763
2594 614 1732
1732 614 2594
614 1732 2594
1958 16 426
426 16 1958
16 426 1958
919 504 724
724 504 919
504 724 919
1062 1130 1431
1431 1062 1130
1130 1062 1431
2682 1876 2369
1876 2369 2682
2369 1876 2682
757 630 1203
1203 630 757
630 757 1203
1263 89 838
838 89 1263
89 838 1263
2396 463 1607
1607 463 2396
463 1607 2396
1859 365 1177
365 1177 1859
1177 365 1859
1569 2228 2475
2475 1569 2228
2228 1569 2475
1650 1378 2131
1378 1650 2131
2131 1378 1650
941 1982 2643
2643 941 1982
1982 941 2643
2076 1325 1807
1807 1325 2076
1325 1807 2076
2633 8 2771
2771 8 2633
8 2633 2771
2340 1287 2805
2805 1287 2340
1287 2340 2805
1477 39 609
609 39 1477
39 609 1477
1061 886 892
892 886 1061
886 892 1061
737 1614 1950
1950 737 1614
1614 737 1950
2 947 1529
1529 2 947
947 2 1529
296 884 1057
884 296 1057
1057 296 884
1132 11 1125
11 1125 1132
1125 11 1132
1715 1518 2092
2092 1518 1715
1518 1715 2092
337 612 983
983 337 612
612 337 983
1574 2382 2813
2382 1574 2813
2813 1574 2382
1402 670 1540
1540 670 1402
670 1402 1540
1801 1733 2683
2683 1733 1801
1733 1801 2683
1359 136 410
136 410 1359
410 136 1359
2096 809 1188
809 1188 2096
1188 809 2096
2258 781 2295
781 2258 2295
2295 781 2258
2877 48 446
48 446 2877
446 48 2877
2478 76 204
204 76 2478
76 204 2478
1106 2476 2804
2476 1106 2804
2804 1106 2476
1419 90 1322
90 1322 1419
1322 90 1419
2647 705 1304
705 1304 2647
1304 705 2647
1738 1004 2931
1004 1738 2931
2931 1004 1738
2193 169 1042
1042 169 2193
169 1042 2193
1181 2028 2870
2028 1181 2870
2870 1181 2028
2433 652 889
652 889 2433
889 652 2433
716 523 742
523 716 742
742 523 716
2219 863 967
863 967 2219
967 863 2219
1909 7 58
58 7 1909
7 58 1909
2824 1742 2243
1742 2243 2824
2243 1742 2824
551 603 2906
2906 551 603
603 551 2906
1659 1324 2608
1324 1659 2608
2608 1324 1659
812 1156 2869
1156 812 2869
2869 812 1156
1458 1759 2168
2168 1458 1759
1759 1458 2168
27 604 1978
1978 27 604
604 27 1978
934 18 1904
1904 18 934
18 934 1904
1391 350 521
521 350 1391
350 521 1391
2688 127 1143
127 1143 2688
1143 127 2688
2695 586 1449
1449 586 2695
586 1449 2695
1006 1992 2970
2970 1006 1992
1992 1006 2970
942 876 1895
876 942 1895
1895 876 942
1245 383 2750
2750 383 1245
383 1245 2750
807 1120 2175
1120 807 2175
2175 807 1120
599 771 2405
2405 599 771
771 599 2405
1186 2039 2145
2145 1186 2039
2039 1186 2145
581 1412 2981
1412 581 2981
2981 581 1412
299 1310 2523
1310 299 2523
2523 299 1310
1710 1578 1952
1952 1578 1710
1578 1710 1952
2967 1611 2551
2551 1611 2967
1611 2551 2967
379 1467 2584
2584 379 1467
1467 379 2584
1894 359 945
945 359 1894
359 945 1894
2892 500 1217
1217 500 2892
500 1217 2892
2142 366 2644
2644 366 2142
366 2142 2644
2400 1902 2910
2910 1902 2400
1902 2400 2910
139 753 2458
753 139 2458
2458 139 753
830 22 496
22 496 830
496 22 830
1635 210 563
210 563 1635
563 210 1635
1013 1058 2707
2707 1013 1058
1058 1013 2707
170 355 1017
355 170 1017
1017 170 355
998 1340 1811
1811 998 1340
1340 998 1811
2504 334 1472
1472 334 2504
334 1472 2504
1516 454 2361
454 1516 2361
2361 454 1516
1756 237 1632
1632 237 1756
237 1632 1756
2087 1341 1660
1660 1341 2087
1341 1660 2087
2486 560 569
560 569 2486
569 560 2486
1499 1271 1830
1830 1271 1499
1271 1499 1830
585 1456 2282
2282 585 1456
1456 585 2282
1622 176 2389
2389 176 1622
176 1622 2389
38 1003 1584
1584 38 1003
1003 38 1584
1561 600 1093
600 1093 1561
1093 600 1561
1757 418 1461
1461 418 1757
418 1461 1757
498 1591 2001
1591 498 2001
2001 498 1591
1704 634 1676
634 1676 1704
1676 634 1704
1573 345 2964
345 1573 2964
2964 345 1573
2412 401 1965
401 1965 2412
1965 401 2412
959 1702 2575
1702 959 2575
2575 959 1702
2789 1404 1874
1404 1874 2789
1874 1404 2789
146 435 1818
1818 146 435
435 146 1818
375 2463 2826
2463 375 2826
2826 375 2463
2542 1820 2636
2636 1820 2542
1820 2542 2636
2617 494 2061
2061 494 2617
494 2061 2617
2822 275 954
275 954 2822
954 275 2822
1386 1707 2690
1707 1386 2690
2690 1386 1707
1312 1548 1698
1698 1312 1548
1548 1312 1698
1878 2613 2997
2613 1878 2997
2997 1878 2613
1065 1506 2672
1506 1065 2672
2672 1065 1506
1105 1783 2502
1783 1105 2502
2502 1105 1783
852 1334 2777
1334 852 2777
2777 852 1334
4 480 1176
480 4 1176
1176 4 480
2270 837 1594
1594 837 2270
837 1594 2270
1773 1828 2049
2049 1773 1828
1828 1773 2049
2887 505 608
505 608 2887
608 505 2887
1259 310 2121
2121 310 1259
310 1259 2121
1464 2036 2460
2460 1464 2036
2036 1464 2460
2716 1239 1433
1433 1239 2716
1239 1433 2716
2917 639 2000
2000 639 2917
639 2000 2917
1849 1374 2278
1374 1849 2278
2278 1374 1849
842 2546 2861
2546 842 2861
2861 842 2546
813 531 1930
531 813 1930
1930 531 813
2273 37 1701
37 1701 2273
1701 37 2273
2944 1425 2053
1425 2053 2944
2053 1425 2944
12 1810 2006
1810 12 2006
2006 12 1810
2158 71 2867
2867 71 2158
71 2158 2867
597 390 1428
1428 390 597
390 597 1428
2337 2522 2886
2886 2337 2522
2522 2337 2886
258 2262 2795
2262 258 2795
2795 258 2262
1889 336 2924
2924 336 1889
336 1889 2924
2526 1210 2429
2429 1210 2526
1210 2429 2526
2920 1657 2129
1657 2129 2920
2129 1657 2920
980 1388 1880
1388 980 1880
1880 980 1388
1821 20 2451
20 1821 2451
2451 20 1821
268 285 1430
285 268 1430
1430 268 285
1260 1414 2885
1414 1260 2885
2885 1260 1414
1572 932 1194
1194 932 1572
932 1194 1572
295 1273 2830
1273 295 2830
2830 295 1273
1172 118 844
844 118 1172
118 844 1172
2496 1498 1519
1498 1519 2496
1519 1498 2496
1370 1932 2388
2388 1370 1932
1932 1370 2388
526 759 1683
1683 526 759
759 526 1683
1520 2440 2975
2440 1520 2975
2975 1520 2440
2717 1318 1468
1468 1318 2717
1318 1468 2717
2427 1138 2334
2334 1138 2427
1138 2334 2427
2015 1463 1728
1728 1463 2015
1463 1728 2015
1019 544 2342
544 1019 2342
2342 544 1019
1072 114 393
114 393 1072
393 114 1072
2239 1163 2371
2371 1163 2239
1163 2239 2371
1647 189 2495
2495 189 1647
189 1647 2495
567 691 2531
2531 567 691
691 567 2531
1673 326 1390
1390 326 1673
326 1390 1673
1452 663 1839
1839 663 1452
663 1452 1839
514 583 1598
1598 514 583
583 514 1598
2125 878 2247
2247 878 2125
878 2125 2247
2995 316 2803
2803 316 2995
316 2803 2995
2072 109 982
109 982 2072
982 109 2072
2017 944 1286
944 1286 2017
1286 944 2017
1997 1530 2726
1530 1997 2726
2726 1530 1997
1242 2493 2876
2493 1242 2876
2876 1242 2493
40 1161 1262
1262 40 1161
1161 40 1262
1294 657 706
657 706 1294
706 657 1294
680 346 1953
346 680 1953
1953 346 680
1723 103 828
103 828 1723
828 103 1723
1027 64 843
843 64 1027
64 843 1027
2436 1253 1311
1311 1253 2436
1253 1311 2436
640 2482 2686
2686 640 2482
2482 640 2686
177 2172 2196
2172 177 2196
2196 177 2172
205 2736 2937
2937 205 2736
2736 205 2937
2667 1415 2181
2181 1415 2667
1415 2181 2667
231 811 2245
811 231 2245
2245 231 811
1191 358 2844
358 1191 2844
2844 358 1191
755 570 1975
570 755 1975
1975 570 755
725 1020 2370
1020 725 2370
2370 725 1020
1780 1829 1884
1829 1780 1884
1884 1780 1829
758 926 2387
2387 758 926
926 758 2387
474 300 2622
2622 300 474
300 474 2622
2729 1786 2770
2770 1786 2729
1786 2729 2770
2607 1127 1658
1127 1658 2607
1658 1127 2607
1608 1558 2836
1558 1608 2836
2836 1558 1608
212 1543 2564
2564 212 1543
1543 212 2564
958 2221 2569
2221 958 2569
2569 958 2221
2541 389 1305
1305 389 2541
389 1305 2541
1782 6 1016
1016 6 1782
6 1016 1782
2816 378 660
378 660 2816
660 378 2816
2898 230 1899
1899 230 2898
230 1899 2898
2235 63 797
63 797 2235
797 63 2235
1309 1862 2200
2200 1309 1862
1862 1309 2200
1995 412 1987
412 1987 1995
1987 412 1995
2537 2528 2621
2528 2537 2621
2621 2528 2537
939 1832 1944
1832 939 1944
1944 939 1832
2042 2005 2343
2005 2042 2343
2343 2005 2042
1336 2734 2787
2787 1336 2734
2734 1336 2787
94 749 2796
749 94 2796
2796 94 749
963 217 1494
1494 217 963
217 963 1494
110 1369 1640
1640 110 1369
1369 110 1640
650 2331 2629
2331 650 2629
2629 650 2331
1815 249 2831
2831 249 1815
249 1815 2831
486 1063 2626
1063 486 2626
2626 486 1063
101 477 2185
477 101 2185
2185 101 477
2254 550 1633
1633 550 2254
550 1633 2254
779 197 1285
1285 197 779
197 779 1285
499 1213 2761
1213 499 2761
2761 499 1213
2082 56 2627
56 2082 2627
2627 56 2082
2566 1382 1553
1382 1553 2566
1553 1382 2566
96 128 2751
128 96 2751
2751 96 128
2059 159 834
159 834 2059
834 159 2059
1890 642 1896
642 1890 1896
1896 642 1890
694 1141 2376
1141 694 2376
2376 694 1141
847 59 2634
59 847 2634
2634 59 847
2402 1441 2558
2558 1441 2402
1441 2402 2558
1523 1277 2708
2708 1277 1523
1277 1523 2708
751 154 1560
1560 154 751
154 751 1560
65 223 1749
1749 65 223
223 65 1749
1204 924 1025
1025 924 1204
924 1025 1204
2665 728 1649
728 1649 2665
1649 728 2665
331 248 2094
248 331 2094
2094 248 331
1711 244 2728
244 1711 2728
2728 244 1711
2065 1383 2299
1383 2065 2299
2299 1383 2065
2338 360 974
974 360 2338
360 974 2338
850 2085 2275
2275 850 2085
2085 850 2275
1936 2344 2624
2624 1936 2344
2344 1936 2624
1979 562 2529
562 1979 2529
2529 562 1979
2251 2317 2700
2317 2251 2700
2700 2251 2317
1771 2403 2968
2403 1771 2968
2968 1771 2403
589 891 2456
891 589 2456
2456 589 891
2718 610 1308
1308 610 2718
610 1308 2718
2180 256 2894
256 2180 2894
2894 256 2180
2104 329 1196
1196 329 2104
329 1196 2104
2765 2045 2099
2045 2099 2765
2099 2045 2765
2314 1865 2240
1865 2240 2314
2240 1865 2314
804 298 1670
298 804 1670
1670 298 804
394 524 2279
2279 394 524
524 394 2279
2562 882 2372
882 2372 2562
2372 882 2562
774 1497 1706
1497 774 1706
1706 774 1497
977 793 2141
793 977 2141
2141 793 977
2116 188 2725
188 2116 2725
2725 188 2116
2905 2696 2945
2696 2905 2945
2945 2696 2905
824 1762 2288
1762 824 2288
2288 824 1762
2144 1135 1888
1135 1888 2144
1888 1135 2144
798 702 727
702 727 798
727 702 798
938 1050 2913
1050 938 2913
2913 938 1050
1289 130 489
130 489 1289
489 130 1289
2474 1588 1613
1588 1613 2474
1613 1588 2474
1639 805 1837
805 1639 1837
1837 805 1639
2661 1737 2066
1737 2066 2661
2066 1737 2661
540 1808 2704
2704 540 1808
1808 540 2704
1600 993 2445
993 1600 2445
2445 993 1600
2345 840 1887
1887 840 2345
840 1887 2345
1459 182 579
579 182 1459
182 579 1459
2933 1488 2292
2292 1488 2933
1488 2292 2933
2218 1230 1835
1230 1835 2218
1835 1230 2218
1166 700 773
773 700 1166
700 773 1166
2800 1764 2677
2677 1764 2800
1764 2677 2800
260 1150 2928
2928 260 1150
1150 260 2928
70 1282 1556
1556 70 1282
1282 70 1556
1725 262 2481
262 1725 2481
2481 262 1725
2733 1392 2930
2930 1392 2733
1392 2733 2930
1228 962 2664
962 1228 2664
2664 962 1228
2828 736 1116
736 1116 2828
1116 736 2828
78 2089 2483
2089 78 2483
2483 78 2089
2778 690 2986
2986 690 2778
690 2778 2986
1785 2202 2847
2202 1785 2847
2847 1785 2202
415 2401 2415
2401 415 2415
2415 415 2401
2772 107 116
116 107 2772
107 116 2772
2413 402 2538
402 2413 2538
2538 402 2413
973 62 1068
1068 62 973
62 973 1068
1257 1627 2011
2011 1257 1627
1627 1257 2011
1335 1654 1886
1886 1335 1654
1654 1335 1886
2139 382 950
950 382 2139
382 950 2139
2506 1224 1996
1996 1224 2506
1224 1996 2506
692 392 2794
392 692 2794
2794 392 692
2651 1030 2590
2590 1030 2651
1030 2590 2651
2022 453 587
453 587 2022
587 453 2022
866 370 1418
1418 370 866
370 866 1418
1692 752 1495
752 1495 1692
1495 752 1692
1858 216 484
216 484 1858
484 216 1858
2852 1731 2953
1731 2852 2953
2953 1731 2852
2659 485 1501
485 1501 2659
1501 485 2659
1244 848 2899
2899 848 1244
848 1244 2899
1427 978 1797
978 1427 1797
1797 978 1427
1646 242 2013
2013 242 1646
242 1646 2013
2863 712 2977
712 2863 2977
2977 712 2863
1866 554 1525
554 1525 1866
1525 554 1866
2448 940 1442
940 1442 2448
1442 940 2448
2230 2497 2616
2616 2230 2497
2497 2230 2616
658 100 2178
2178 100 658
100 658 2178
1964 239 2115
2115 239 1964
239 1964 2115
95 887 2365
2365 95 887
887 95 2365
1527 1729 2593
1729 1527 2593
2593 1527 1729
644 922 1847
1847 644 922
922 644 1847
1612 1491 2820
2820 1491 1612
1491 1612 2820
1927 740 2016
2016 740 1927
740 1927 2016
1443 715 1661
715 1443 1661
1661 715 1443
1924 1202 2132
1202 1924 2132
2132 1202 1924
1364 999 2916
999 1364 2916
2916 999 1364
263 502 2067
2067 263 502
502 263 2067
2582 686 2043
686 2043 2582
2043 686 2582
121 341 764
341 121 764
764 121 341
2284 361 492
361 492 2284
492 361 2284
2320 741 2289
2289 741 2320
741 2289 2320
1090 1755 2985
2985 1090 1755
1755 1090 2985
617 111 2149
2149 111 617
111 617 2149
695 1845 2915
1845 695 2915
2915 695 1845
2291 949 2535
949 2291 2535
2535 949 2291
984 14 2946
14 984 2946
2946 14 984
2210 2385 2500
2500 2210 2385
2385 2210 2500
1564 1803 2987
2987 1564 1803
1803 1564 2987
2588 733 2808
2808 733 2588
733 2588 2808
1931 1758 2681
1758 1931 2681
2681 1758 1931
2599 1036 2050
2050 1036 2599
1036 2050 2599
47 2010 2798
2798 47 2010
2010 47 2798
2080 2250 2536
2250 2080 2536
2536 2080 2250
1082 226 881
226 881 1082
881 226 1082
595 720 1770
1770 595 720
720 595 1770
1395 491 1012
491 1012 1395
1012 491 1395
2996 1482 1559
1482 1559 2996
1559 1482 2996
1469 951 2839
2839 951 1469
951 1469 2839
648 1617 2604
2604 648 1617
1617 648 2604
405 1167 1779
1167 405 1779
1779 405 1167
747 181 879
879 181 747
181 747 879
2752 1775 2038
2038 1775 2752
1775 2038 2752
9 156 2024
2024 9 156
156 9 2024
2198 662 915
915 662 2198
662 915 2198
1943 2237 2346
2346 1943 2237
2237 1943 2346
1155 1067 1777
1777 1067 1155
1067 1155 1777
2874 795 856
795 856 2874
856 795 2874
2540 475 1991
1991 475 2540
475 1991 2540
997 1901 2348
2348 997 1901
1901 997 2348
2055 55 1270
55 1270 2055
1270 55 2055
1748 869 2827
869 1748 2827
2827 869 1748
2423 1864 2290
2290 1864 2423
1864 2290 2423
547 264 1024
264 547 1024
1024 264 547
1423 1121 2191
2191 1121 1423
1121 1423 2191
2601 1714 1717
1714 1717 2601
1717 1714 2601
1102 2606 2638
2638 1102 2606
2606 1102 2638
2554 1562 2959
1562 2554 2959
2959 1562 2554
2784 214 2283
214 2283 2784
2283 214 2784
1408 2286 2989
2989 1408 2286
2286 1408 2989
2790 438 1437
1437 438 2790
438 1437 2790
2524 49 849
849 49 2524
49 849 2524
671 457 1476
1476 457 671
457 671 1476
786 430 2932
2932 430 786
430 786 2932
2136 450 2623
2623 450 2136
450 2136 2623
137 153 1133
1133 137 153
153 137 1133
1350 2296 2581
2296 1350 2581
2581 1350 2296
2404 1892 2070
1892 2070 2404
2070 1892 2404
2214 2437 2611
2611 2214 2437
2437 2214 2611
2895 2539 2767
2767 2539 2895
2539 2767 2895
225 623 1000
623 225 1000
1000 225 623
1838 1947 2183
2183 1838 1947
1947 1838 2183
2190 303 2188
2188 303 2190
303 2188 2190
235 1623 2315
2315 235 1623
1623 235 2315
571 148 1009
1009 148 571
148 571 1009
1451 792 987
792 987 1451
987 792 1451
677 106 1840
1840 106 677
106 677 1840
1716 1891 2304
1891 1716 2304
2304 1716 1891
503 233 2921
2921 233 503
233 503 2921
1164 2339 2544
2544 1164 2339
2339 1164 2544
2416 1078 1722
1078 1722 2416
1722 1078 2416
309 1687 2332
2332 309 1687
1687 309 2332
1073 689 1119
1119 689 1073
689 1073 1119
714 909 2430
909 714 2430
2430 714 909
2095 10 611
611 10 2095
10 611 2095
2434 445 1825
445 1825 2434
1825 445 2434
2473 1046 1274
1274 1046 2473
1046 1274 2473
2383 818 1939
1939 818 2383
818 1939 2383
2223 131 2259
2259 131 2223
131 2223 2259
1587 141 2823
2823 141 1587
141 1587 2823
323 1507 2494
2494 323 1507
1507 323 2494
339 1907 2668
2668 339 1907
1907 339 2668
573 1667 1966
1667 573 1966
1966 573 1667
2057 406 955
406 955 2057
955 406 2057
2811 207 2655
207 2655 2811
2655 207 2811
1343 35 2952
35 1343 2952
2952 35 1343
2297 123 659
659 123 2297
123 659 2297
2879 464 1131
464 1131 2879
1131 464 2879
1926 1048 1928
1048 1926 1928
1928 1048 1926
1817 173 763
763 173 1817
173 763 1817
2743 1550 2850
2850 1550 2743
1550 2743 2850
2393 558 910
910 558 2393
558 910 2393
2157 651 2697
2697 651 2157
651 2157 2697
1114 739 2640
2640 739 1114
739 1114 2640
1342 1252 2762
1252 1342 2762
2762 1252 1342
2012 222 627
627 222 2012
222 627 2012
2963 2166 2323
2323 2166 2963
2166 2323 2963
2859 1031 2848
2848 1031 2859
1031 2848 2859
307 821 952
821 307 952
952 307 821
1913 1619 2269
2269 1619 1913
1619 1913 2269
1436 2628 2710
2710 1436 2628
2628 1436 2710
2335 3 905
3 905 2335
905 3 2335
1086 69 760
69 760 1086
760 69 1086
452 532 626
532 452 626
626 452 532
2775 306 2208
2208 306 2775
306 2208 2775
2694 719 2435
2435 719 2694
719 2435 2694
2472 478 1051
478 1051 2472
1051 478 2472
782 1465 2032
1465 782 2032
2032 782 1465
2316 591 1753
591 1753 2316
1753 591 2316
439 1056 2753
1056 439 2753
2753 439 1056
15 321 748
748 15 321
321 15 748
2211 911 2781
2781 911 2211
911 2211 2781
255 416 1481
1481 255 416
416 255 1481
1881 1026 1512
1026 1512 1881
1512 1026 1881
1315 2438 2670
