2600 1049 2746
1049 2600 2746
2746 1049 2600
1770 498 2080
498 1770 2080
2080 498 1770
1476 756 1987
756 1476 1987
1987 756 1476
598 978 1915
978 598 1915
1915 598 978
2290 977 991
977 991 2290
991 977 2290
65 283 2385
283 65 2385
2385 65 283
1086 697 2992
2992 697 1086
697 1086 2992
1080 26 681
681 26 1080
26 681 1080
1815 100 562
562 100 1815
100 562 1815
1488 1467 2455
1467 1488 2455
2455 1467 1488
2389 1110 2580
2580 1110 2389
1110 2389 2580
2977 1776 2959
2959 1776 2977
1776 2959 2977
2775 975 2473
975 2473 2775
2473 975 2775
611 1688 2692
2692 611 1688
1688 611 2692
1844 1469 2088
2088 1469 1844
1469 1844 2088
782 1350 2495
1350 782 2495
2495 782 1350
2445 162 177
177 162 2445
162 177 2445
2537 2139 2826
2139 2537 2826
2826 2139 2537
953 1069 1468
1069 953 1468
1468 953 1069
2254 2874 2930
2874 2254 2930
2930 2254 2874
453 1916 2375
2375 453 1916
1916 453 2375
927 1728 2904
1728 927 2904
2904 927 1728
221 463 1457
463 221 1457
1457 221 463
1999 690 2052
2052 690 1999
690 1999 2052
1258 1297 1435
1435 1258 1297
1297 1258 1435
820 1018 1072
1072 820 1018
1018 820 1072
2162 1241 1825
1241 1825 2162
1825 1241 2162
1982 2427 2743
2743 1982 2427
2427 1982 2743
1009 129 1834
129 1009 1834
1834 129 1009
1687 140 2246
2246 140 1687
140 1687 2246
2416 2247 2918
2247 2416 2918
2918 2247 2416
1077 124 2998
124 1077 2998
2998 124 1077
223 1764 2555
2555 223 1764
1764 223 2555
2037 680 1173
680 1173 2037
1173 680 2037
2168 1563 2048
2048 1563 2168
1563 2048 2168
1663 204 933
204 933 1663
933 204 1663
1657 150 2702
2702 150 1657
150 1657 2702
2489 2038 2231
2231 2038 2489
2038 2231 2489
586 831 2994
2994 586 831
831 586 2994
1315 377 2194
377 1315 2194
2194 377 1315
419 889 1541
1541 419 889
889 419 1541
2658 475 2813
475 2658 2813
2813 475 2658
1174 849 1970
1970 849 1174
849 1174 1970
462 2085 2514
2514 462 2085
2085 462 2514
2530 541 1414
1414 541 2530
541 1414 2530
2024 1300 1390
1300 1390 2024
1390 1300 2024
2114 1126 2674
2674 1126 2114
1126 2114 2674
2932 727 2894
2894 727 2932
727 2894 2932
982 833 2456
833 982 2456
2456 833 982
1289 816 1806
1806 816 1289
816 1289 1806
400 272 2161
272 400 2161
2161 272 400
2220 544 1862
544 1862 2220
1862 544 2220
2180 2313 2952
2313 2180 2952
2952 2180 2313
1775 1304 1914
1304 1775 1914
1914 1304 1775
1966 1905 2050
1905 1966 2050
2050 1905 1966
21 431 2382
431 21 2382
2382 21 431
2871 582 700
700 582 2871
582 700 2871
1058 2016 2257
2016 1058 2257
2257 1058 2016
73 1345 2068
2068 73 1345
1345 73 2068
1624 1756 2196
1756 1624 2196
2196 1624 1756
58 1242 2396
1242 58 2396
2396 58 1242
84 2502 2912
2912 84 2502
2502 84 2912
2377 672 1210
672 1210 2377
1210 672 2377
496 1650 2559
1650 496 2559
2559 496 1650
716 754 2744
754 716 2744
2744 716 754
1500 1342 2742
1342 1500 2742
2742 1342 1500
1794 2286 2635
2635 1794 2286
2286 1794 2635
2687 1224 1740
1224 1740 2687
1740 1224 2687
1712 1013 1438
1438 1013 1712
1013 1438 1712
1098 1171 1974
1171 1098 1974
1974 1098 1171
238 1060 1379
1379 238 1060
1060 238 1379
2821 488 2610
2610 488 2821
488 2610 2821
405 1024 1725
1725 405 1024
1024 405 1725
2830 603 1684
1684 603 2830
603 1684 2830
1533 1373 1450
1450 1373 1533
1373 1450 1533
2253 707 1433
707 1433 2253
1433 707 2253
364 281 1918
1918 281 364
281 364 1918
1566 870 886
886 870 1566
870 886 1566
1087 1431 1527
1431 1087 1527
1527 1087 1431
657 1441 2451
2451 657 1441
1441 657 2451
2762 306 885
306 885 2762
885 306 2762
669 418 724
724 418 669
418 669 724
759 1643 2164
1643 759 2164
2164 759 1643
1896 256 1829
256 1829 1896
1829 256 1896
2201 1234 1472
1234 1472 2201
1472 1234 2201
2838 1682 2364
1682 2364 2838
2364 1682 2838
2262 1498 1579
1498 1579 2262
1579 1498 2262
1584 1496 2223
1496 1584 2223
2223 1496 1584
2120 27 2018
27 2018 2120
2018 27 2120
810 2517 2923
2923 810 2517
2517 810 2923
534 892 1520
1520 534 892
892 534 1520
2780 296 2506
2506 296 2780
296 2506 2780
1384 2328 2772
2772 1384 2328
2328 1384 2772
666 2042 2789
2789 666 2042
2042 666 2789
2441 1509 2937
1509 2441 2937
2937 1509 2441
2651 2070 2471
2070 2471 2651
2471 2070 2651
1749 249 2295
249 1749 2295
2295 249 1749
2960 2583 2741
2741 2583 2960
2583 2741 2960
2334 609 792
609 792 2334
792 609 2334
993 414 1104
414 993 1104
1104 414 993
292 1204 2146
2146 292 1204
1204 292 2146
627 825 2131
825 627 2131
2131 627 825
2118 253 1310
1310 253 2118
253 1310 2118
1944 1014 2160
1014 1944 2160
2160 1014 1944
1377 1354 1920
1354 1377 1920
1920 1354 1377
89 10 212
212 10 89
10 89 212
1637 2079 2297
2297 1637 2079
2079 1637 2297
2839 1470 1532
1532 1470 2839
1470 1532 2839
2494 1208 1549
1208 1549 2494
1549 1208 2494
1380 251 2669
251 1380 2669
2669 251 1380
1223 1551 2450
2450 1223 1551
1551 1223 2450
1748 165 443
443 165 1748
165 443 1748
1243 385 398
385 398 1243
398 385 1243
912 105 1589
1589 105 912
105 912 1589
1548 126 1201
1201 126 1548
126 1201 1548
2956 397 828
397 828 2956
828 397 2956
384 1145 2019
1145 384 2019
2019 384 1145
1734 56 1951
56 1734 1951
1951 56 1734
730 608 2752
2752 608 730
608 730 2752
1340 563 1893
563 1340 1893
1893 563 1340
836 1030 2970
1030 836 2970
2970 836 1030
478 937 1299
937 478 1299
1299 478 937
1387 14 650
650 14 1387
14 650 1387
449 996 2836
2836 449 996
996 449 2836
542 1594 2354
2354 542 1594
1594 542 2354
459 1296 1910
1910 459 1296
1296 459 1910
1736 340 2962
2962 340 1736
340 1736 2962
925 944 1562
944 925 1562
1562 925 944
874 664 2729
2729 664 874
664 874 2729
392 300 2727
2727 300 392
300 392 2727
1823 905 2625
905 1823 2625
2625 905 1823
2854 458 1902
458 1902 2854
1902 458 2854
2805 1067 1420
1067 1420 2805
1420 1067 2805
2181 114 2099
114 2099 2181
2099 114 2181
1613 2475 2521
2521 1613 2475
2475 1613 2521
2934 125 227
227 125 2934
125 227 2934
1448 2294 2420
2420 1448 2294
2294 1448 2420
32 2907 2936
2936 32 2907
2907 32 2936
1596 1648 2697
2697 1596 1648
1648 1596 2697
2206 1664 1945
1664 1945 2206
1945 1664 2206
784 607 2110
2110 607 784
607 784 2110
1884 352 2342
352 1884 2342
2342 352 1884
205 408 2552
2552 205 408
408 205 2552
951 215 331
331 215 951
215 331 951
2265 1381 1429
1381 1429 2265
1429 1381 2265
2234 738 1830
1830 738 2234
738 1830 2234
1581 1419 1464
1419 1464 1581
1464 1419 1581
1674 79 149
79 149 1674
149 79 1674
2056 245 2895
2895 245 2056
245 2056 2895
1754 1991 2709
1991 1754 2709
2709 1754 1991
2447 29 1560
29 1560 2447
1560 29 2447
373 648 1530
1530 373 648
648 373 1530
1314 1670 1786
1670 1314 1786
1786 1314 1670
1641 15 2779
2779 15 1641
15 1641 2779
471 1623 2533
1623 471 2533
2533 471 1623
1002 273 294
273 294 1002
294 273 1002
1602 1558 1755
1558 1602 1755
1755 1558 1602
1388 826 2017
2017 826 1388
826 1388 2017
510 24 1422
24 510 1422
1422 24 510
128 935 1347
935 128 1347
1347 128 935
1919 2208 2861
2861 1919 2208
2208 1919 2861
677 2667 2982
2667 677 2982
2982 677 2667
2172 2401 2637
2637 2172 2401
2401 2172 2637
1985 136 610
136 610 1985
610 136 1985
1321 1453 2325
2325 1321 1453
1453 1321 2325
887 368 2728
2728 368 887
368 887 2728
588 346 2670
2670 346 588
346 588 2670
551 2333 2733
2733 551 2333
2333 551 2733
2485 196 744
744 196 2485
196 744 2485
2351 1341 2750
2750 1341 2351
1341 2351 2750
2927 12 1938
1938 12 2927
12 1938 2927
2645 761 2660
2660 761 2645
761 2645 2660
1583 1362 1545
1362 1545 1583
1545 1362 1583
99 61 1010
61 99 1010
1010 61 99
2958 1408 2786
2786 1408 2958
1408 2786 2958
2081 1937 2802
1937 2081 2802
2802 1937 2081
323 2221 2321
2221 323 2321
2321 323 2221
1202 1082 2072
2072 1082 1202
1082 1202 2072
1708 2358 2884
2884 1708 2358
2358 1708 2884
803 5 2158
5 803 2158
2158 5 803
778 1965 2213
1965 778 2213
2213 778 1965
2224 1376 2199
2199 1376 2224
1376 2199 2224
242 758 2908
2908 242 758
758 242 2908
2151 86 491
491 86 2151
86 491 2151
1046 502 2946
502 1046 2946
2946 502 1046
2030 615 2614
615 2030 2614
2614 615 2030
2764 1553 1967
1967 1553 2764
1553 1967 2764
2438 2432 2988
2432 2438 2988
2988 2432 2438
2510 428 2675
2675 428 2510
428 2510 2675
2500 1331 2569
1331 2500 2569
2569 1331 2500
2604 1897 2841
2841 1897 2604
1897 2604 2841
2433 2522 2799
2799 2433 2522
2522 2433 2799
2270 863 1283
1283 863 2270
863 1283 2270
1327 1746 2235
1746 1327 2235
2235 1327 1746
409 2122 2633
2633 409 2122
2122 409 2633
1482 337 1843
1843 337 1482
337 1482 1843
1399 1925 2966
2966 1399 1925
1925 1399 2966
2307 174 691
174 691 2307
691 174 2307
805 813 851
813 805 851
851 805 813
2065 958 2649
958 2065 2649
2649 958 2065
1572 274 1706
274 1572 1706
1706 274 1572
365 2714 2721
2721 365 2714
2714 365 2721
788 17 1050
17 788 1050
1050 17 788
2483 49 878
878 49 2483
49 878 2483
2671 1244 2540
2540 1244 2671
1244 2540 2671
277 1255 1423
1255 277 1423
1423 277 1255
1219 2277 2718
2718 1219 2277
2277 1219 2718
2547 1287 2236
2236 1287 2547
1287 2236 2547
1190 1022 2878
2878 1022 1190
1022 1190 2878
255 1320 2797
2797 255 1320
1320 255 2797
1981 934 2442
2442 934 1981
934 1981 2442
2076 1256 2228
2228 1256 2076
1256 2076 2228
358 626 1570
1570 358 626
626 358 1570
2971 622 2893
622 2893 2971
2893 622 2971
1206 1008 1118
1008 1118 1206
1118 1008 1206
1461 41 2454
2454 41 1461
41 1461 2454
737 1686 2737
2737 737 1686
1686 737 2737
2112 1055 2740
2740 1055 2112
1055 2112 2740
801 123 1621
1621 123 801
123 801 1621
830 2384 2579
2579 830 2384
2384 830 2579
894 1409 2732
2732 894 1409
1409 894 2732
777 2031 2525
2525 777 2031
2031 777 2525
1873 142 2825
2825 142 1873
142 1873 2825
1878 1617 1737
1737 1617 1878
1617 1737 1878
2832 1235 2735
2735 1235 2832
1235 2735 2832
668 1759 2274
1759 668 2274
2274 668 1759
2033 1392 2391
1392 2033 2391
2391 1392 2033
840 1114 2497
2497 840 1114
1114 840 2497
173 1805 2736
2736 173 1805
1805 173 2736
2268 904 2814
2814 904 2268
904 2268 2814
2113 117 2077
117 2077 2113
2077 117 2113
378 965 2791
965 378 2791
2791 378 965
2480 35 1044
1044 35 2480
35 1044 2480
2889 959 2488
2488 959 2889
959 2488 2889
2492 1102 2302
2302 1102 2492
1102 2302 2492
2324 2896 2903
2896 2324 2903
2903 2324 2896
1606 1529 1930
1529 1606 1930
1930 1529 1606
549 199 1598
199 549 1598
1598 199 549
2867 2371 2837
2837 2371 2867
2371 2837 2867
1997 1168 1601
1601 1168 1997
1168 1601 1997
1700 1490 2136
1490 1700 2136
2136 1490 1700
2581 2054 2565
2565 2054 2581
2054 2565 2581
198 506 764
506 198 764
764 198 506
371 67 2028
67 371 2028
2028 67 371
2505 1330 1796
1330 1796 2505
1796 1330 2505
585 928 2045
2045 585 928
928 585 2045
2999 1099 2370
1099 2370 2999
2370 1099 2999
2661 467 1514
1514 467 2661
467 1514 2661
1993 1216 1413
1216 1413 1993
1413 1216 1993
2880 2096 2815
2815 2096 2880
2096 2815 2880
2682 709 2463
2463 709 2682
709 2463 2682
2421 222 2466
222 2421 2466
2466 222 2421
1790 6 602
6 602 1790
602 6 1790
2606 986 1656
986 1656 2606
1656 986 2606
663 572 2706
2706 572 663
572 663 2706
1291 561 989
989 561 1291
561 989 1291
914 1694 2536
2536 914 1694
1694 914 2536
302 1264 1378
1378 302 1264
1264 302 1378
1278 1773 2404
2404 1278 1773
1773 1278 2404
1508 578 1962
578 1508 1962
1962 578 1508
755 1779 2428
1779 755 2428
2428 755 1779
2582 2422 2546
2546 2422 2582
2422 2546 2582
1793 647 1559
1559 647 1793
647 1559 1793
1538 939 2612
2612 939 1538
939 1538 2612
1996 1456 2681
2681 1456 1996
1456 1996 2681
1907 1846 2044
1846 1907 2044
2044 1846 1907
1906 867 1940
867 1906 1940
1940 867 1906
653 1166 1654
1166 653 1654
1654 653 1166
947 406 1222
1222 406 947
406 947 1222
2509 317 882
882 317 2509
317 882 2509
2948 314 980
980 314 2948
314 980 2948
2749 1335 2507
2507 1335 2749
1335 2507 2749
1462 175 332
332 175 1462
175 332 1462
864 1272 2462
1272 864 2462
2462 864 1272
2704 1590 1665
1590 1665 2704
1665 1590 2704
1308 1812 2842
1812 1308 2842
2842 1308 1812
555 948 1359
1359 555 948
948 555 1359
360 536 2449
2449 360 536
536 360 2449
455 2410 2636
2636 455 2410
2410 455 2636
1912 1395 2078
2078 1395 1912
1395 1912 2078
1081 2083 2541
2541 1081 2083
2083 1081 2541
2130 1726 1989
1989 1726 2130
1726 1989 2130
574 1723 2690
2690 574 1723
1723 574 2690
1882 932 1881
932 1881 1882
1881 932 1882
718 762 2145
2145 718 762
762 718 2145
2773 1088 1161
1161 1088 2773
1088 1161 2773
275 201 280
280 201 275
201 275 280
266 111 265
111 265 266
265 111 266
1119 757 2010
2010 757 1119
757 1119 2010
106 1259 1587
1259 106 1587
1587 106 1259
910 207 2924
2924 207 910
207 910 2924
1427 80 1062
1062 80 1427
80 1062 1427
2359 897 1716
1716 897 2359
897 1716 2359
2107 868 1198
868 1198 2107
1198 868 2107
2603 713 962
713 962 2603
962 713 2603
2405 48 1180
1180 48 2405
48 1180 2405
2617 1323 2785
2785 1323 2617
1323 2617 2785
93 1032 1491
1491 93 1032
1032 93 1491
1065 662 2138
662 1065 2138
2138 662 1065
1868 1554 2588
2588 1554 1868
1554 1868 2588
1869 1290 1351
1351 1290 1869
1290 1351 1869
2499 383 1277
383 1277 2499
1277 383 2499
591 446 2233
2233 446 591
446 591 2233
1130 1059 1442
1059 1130 1442
1442 1059 1130
1612 940 1892
940 1612 1892
1892 940 1612
1035 604 1709
1709 604 1035
604 1035 1709
1571 366 2523
366 1571 2523
2523 366 1571
1540 893 1006
1006 893 1540
893 1006 1540
2953 2075 2602
2602 2075 2953
2075 2602 2953
2276 990 2634
990 2276 2634
2634 990 2276
1305 670 1819
1819 670 1305
670 1305 1819
1658 862 1406
862 1406 1658
1406 862 1658
720 623 2125
623 720 2125
2125 623 720
1231 335 590
335 590 1231
590 335 1231
1634 2102 2568
2568 1634 2102
2102 1634 2568
51 525 1160
1160 51 525
525 51 1160
2496 490 2345
490 2345 2496
2345 490 2496
489 382 543
382 489 543
543 382 489
393 474 1076
474 393 1076
1076 393 474
2173 1692 2222
1692 2173 2222
2222 1692 2173
2975 766 2097
766 2097 2975
2097 766 2975
461 362 1394
362 461 1394
1394 362 461
796 981 1702
1702 796 981
981 796 1702
159 1539 2650
1539 159 2650
2650 159 1539
113 1936 2468
2468 113 1936
1936 113 2468
1306 979 2914
2914 979 1306
979 1306 2914
848 708 2663
2663 708 848
708 848 2663
655 326 969
969 326 655
326 655 969
943 1555 1697
1697 943 1555
1555 943 1697
539 1575 2372
2372 539 1575
1575 539 2372
884 1458 1837
1458 884 1837
1837 884 1458
967 1016 2055
2055 967 1016
1016 967 2055
741 154 2362
2362 154 741
154 741 2362
644 473 1338
1338 473 644
473 644 1338
786 687 1193
687 786 1193
1193 687 786
1407 1513 2015
1513 1407 2015
2015 1407 1513
50 2036 2069
2069 50 2036
2036 50 2069
1593 486 2751
486 1593 2751
2751 486 1593
1503 1028 1948
1028 1503 1948
1948 1028 1503
1883 1946 2916
2916 1883 1946
1946 1883 2916
2184 1053 2599
1053 2184 2599
2599 1053 2184
107 1074 1148
1148 107 1074
1074 107 1148
1337 481 2415
2415 481 1337
481 1337 2415
1760 77 1375
1375 77 1760
77 1375 1760
1536 1426 1705
1705 1426 1536
1426 1536 1705
926 1597 2259
1597 926 2259
2259 926 1597
1941 320 2699
320 1941 2699
2699 320 1941
2191 503 2314
503 2191 2314
2314 503 2191
1599 282 1497
282 1497 1599
1497 282 1599
1577 236 2944
2944 236 1577
236 1577 2944
1436 375 2167
375 1436 2167
2167 375 1436
2368 305 1898
305 1898 2368
1898 305 2368
190 898 1586
1586 190 898
898 190 1586
1036 770 1576
1576 770 1036
770 1036 1576
1958 1165 1481
1481 1165 1958
1165 1481 1958
2788 827 2708
827 2708 2788
2708 827 2788
674 665 2269
665 674 2269
2269 665 674
39 1632 2717
1632 39 2717
2717 39 1632
2524 1366 1667
1667 1366 2524
1366 1667 2524
1499 295 325
295 325 1499
325 295 1499
2807 417 485
417 485 2807
485 417 2807
2395 1729 2434
2434 1729 2395
1729 2395 2434
2703 613 1071
613 1071 2703
1071 613 2703
1639 18 1677
1677 18 1639
18 1639 1677
2922 558 2847
2847 558 2922
558 2847 2922
1229 1642 2423
1642 1229 2423
2423 1229 1642
2935 267 442
267 442 2935
442 267 2935
520 1197 2564
2564 520 1197
1197 520 2564
2586 2153 2508
2508 2153 2586
2153 2508 2586
97 262 2365
262 97 2365
2365 97 262
1400 407 1043
1043 407 1400
407 1043 1400
2493 1276 1449
1276 1449 2493
1449 1276 2493
600 852 1328
1328 600 852
852 600 1328
70 2511 2862
2862 70 2511
2511 70 2862
1960 146 2207
2207 146 1960
146 1960 2207
1325 153 528
528 153 1325
153 528 1325
2605 859 902
859 902 2605
902 859 2605
2189 771 1732
1732 771 2189
771 1732 2189
706 728 2613
728 706 2613
2613 706 728
356 1485 2668
2668 356 1485
1485 356 2668
217 1425 2376
1425 217 2376
2376 217 1425
1493 631 2346
2346 631 1493
631 1493 2346
891 2060 2940
2940 891 2060
2060 891 2940
1169 4 497
4 497 1169
497 4 1169
2885 203 1580
1580 203 2885
203 1580 2885
338 2366 2444
2444 338 2366
2366 338 2444
2516 353 652
353 652 2516
652 353 2516
1733 2104 2769
2104 1733 2769
2769 1733 2104
774 78 1777
78 774 1777
1777 78 774
47 1680 2790
2790 47 1680
1680 47 2790
1317 616 1518
616 1317 1518
1518 616 1317
753 1473 2217
1473 753 2217
2217 753 1473
2074 25 1681
25 1681 2074
1681 25 2074
2534 557 1251
1251 557 2534
557 1251 2534
2720 2363 2621
2363 2621 2720
2621 2363 2720
729 2216 2329
2329 729 2216
2216 729 2329
1607 1085 2989
1085 1607 2989
2989 1085 1607
1923 2133 2292
2292 1923 2133
2133 1923 2292
1695 767 1228
767 1228 1695
1228 767 1695
1248 88 1957
1957 88 1248
88 1248 1957
1647 208 1645
1645 208 1647
208 1645 1647
2850 2425 2587
2425 2587 2850
2587 2425 2850
1265 381 2712
2712 381 1265
381 1265 2712
1921 501 2809
2809 501 1921
501 1921 2809
197 900 1238
1238 197 900
900 197 1238
2116 519 2203
519 2116 2203
2203 519 2116
144 842 1396
1396 144 842
842 144 1396
2834 1699 1933
1933 1699 2834
1699 1933 2834
1475 846 1217
1217 846 1475
846 1217 1475
1802 1506 2816
1506 1802 2816
2816 1506 1802
1203 2545 2951
2951 1203 2545
2545 1203 2951
345 13 2280
13 345 2280
2280 13 345
1084 1826 2067
1826 1084 2067
2067 1084 1826
976 1263 2293
2293 976 1263
1263 976 2293
1552 1704 2204
1704 1552 2204
2204 1552 1704
493 1479 2906
1479 493 2906
2906 493 1479
841 1063 2991
1063 841 2991
2991 841 1063
1721 625 634
625 634 1721
634 625 1721
1370 516 1144
516 1144 1370
1144 516 1370
1556 137 1200
1200 137 1556
137 1200 1556
641 660 1401
660 641 1401
1401 641 660
1757 779 1192
779 1192 1757
1192 779 1757
2974 3 1271
1271 3 2974
3 1271 2974
2356 580 1876
580 1876 2356
1876 580 2356
1603 802 2005
2005 802 1603
802 1603 2005
182 1814 2577
1814 182 2577
2577 182 1814
2967 1207 2283
1207 2283 2967
2283 1207 2967
1288 237 2086
2086 237 1288
237 1288 2086
992 742 2084
2084 742 992
742 992 2084
2972 206 1143
206 1143 2972
1143 206 2972
1895 36 513
36 513 1895
513 36 1895
60 138 2250
2250 60 138
138 60 2250
1 1557 2761
1557 1 2761
2761 1 1557
1152 645 1153
1153 645 1152
645 1152 1153
1715 621 2402
621 1715 2402
2402 621 1715
1150 2392 2409
2392 1150 2409
2409 1150 2392
2844 1135 1701
1701 1135 2844
1135 1701 2844
2700 1891 2798
1891 2700 2798
2798 1891 2700
776 963 1750
1750 776 963
963 776 1750
735 264 1205
264 735 1205
1205 264 735
2150 1095 1976
1095 1976 2150
1976 1095 2150
1961 804 2666
804 1961 2666
2666 804 1961
1211 823 1047
823 1047 1211
1047 823 1211
1635 1460 1547
1460 1547 1635
1547 1460 1635
2008 437 984
984 437 2008
437 984 2008
2561 1001 1730
1001 1730 2561
1730 1001 2561
571 2 1011
2 571 1011
1011 2 571
651 1932 1947
1947 651 1932
1932 651 1947
1455 421 2394
2394 421 1455
421 1455 2394
1295 715 1125
715 1125 1295
1125 715 1295
1194 169 2585
169 1194 2585
2585 169 1194
1254 765 2457
765 1254 2457
2457 765 1254
1187 246 698
698 246 1187
246 698 1187
403 783 2925
783 403 2925
2925 403 783
2111 1600 2688
1600 2111 2688
2688 1600 2111
787 1487 1521
1487 787 1521
1521 787 1487
2957 2013 2976
2013 2957 2976
2976 2013 2957
37 444 1992
444 37 1992
1992 37 444
1713 1631 2374
1631 1713 2374
2374 1631 1713
974 845 2863
845 974 2863
2863 845 974
2570 464 746
746 464 2570
464 746 2570
416 999 2618
999 416 2618
2618 416 999
1845 514 642
642 514 1845
514 642 1845
2857 834 2029
834 2029 2857
2029 834 2857
1372 723 1804
723 1372 1804
1804 723 1372
359 1374 1840
1374 359 1840
1840 359 1374
1184 102 2059
2059 102 1184
102 1184 2059
2955 659 1879
659 1879 2955
1879 659 2955
2915 946 970
946 970 2915
970 946 2915
1653 40 1196
1196 40 1653
40 1196 1653
1550 2436 2985
2436 1550 2985
2985 1550 2436
2225 16 3000
3000 16 2225
16 2225 3000
1038 387 1856
1856 387 1038
387 1038 1856
678 2338 2753
2338 678 2753
2753 678 2338
736 769 2574
2574 736 769
769 736 2574
413 819 1744
819 413 1744
1744 413 819
1573 1368 2144
2144 1368 1573
1368 1573 2144
487 1743 2248
1743 487 2248
2248 487 1743
617 1319 1364
1364 617 1319
1319 617 1364
2945 1618 2902
1618 2902 2945
2902 1618 2945
560 104 522
104 522 560
522 104 560
1676 52 1147
52 1147 1676
1147 52 1676
1466 1735 2453
2453 1466 1735
1735 1466 2453
343 1666 2696
1666 343 2696
2696 343 1666
1865 187 2486
187 1865 2486
2486 187 1865
920 739 2659
739 920 2659
2659 739 920
2917 226 2964
226 2917 2964
2964 226 2917
1128 1609 1824
1824 1128 1609
1609 1128 1824
679 1980 2723
1980 679 2723
2723 679 1980
1445 2705 2783
2705 1445 2783
2783 1445 2705
2474 224 1854
224 1854 2474
1854 224 2474
2157 118 192
118 192 2157
192 118 2157
1953 1524 2691
1524 1953 2691
2691 1524 1953
856 465 2320
465 856 2320
2320 465 856
2252 1630 2811
1630 2252 2811
2811 1630 2252
2725 479 1943
1943 479 2725
479 1943 2725
2550 750 2386
2386 750 2550
750 2386 2550
964 988 1237
988 964 1237
1237 964 988
2795 908 1057
1057 908 2795
908 1057 2795
692 1418 2833
2833 692 1418
1418 692 2833
2794 271 2200
2200 271 2794
271 2200 2794
1662 869 2397
2397 869 1662
869 1662 2397
1054 1214 2947
1214 1054 2947
2947 1054 1214
2046 1268 1492
1492 1268 2046
1268 1492 2046
1176 279 639
639 279 1176
279 639 1176
1083 1769 2672
1769 1083 2672
2672 1083 1769
861 597 2642
2642 597 861
597 861 2642
1785 2413 2644
2413 1785 2644
2644 1785 2413
344 83 751
83 344 751
751 83 344
526 752 2411
752 526 2411
2411 526 752
456 832 2127
2127 456 832
832 456 2127
2137 157 1537
157 1537 2137
1537 157 2137
821 966 2726
966 821 2726
2726 821 966
156 161 1451
1451 156 161
161 156 1451
2134 509 817
817 509 2134
509 817 2134
1672 1111 1339
1339 1111 1672
1111 1339 1672
1437 710 795
710 795 1437
795 710 1437
2316 747 1025
747 1025 2316
1025 747 2316
2215 1124 2064
2064 1124 2215
1124 2064 2215
1220 1626 2973
1626 1220 2973
2973 1220 1626
2778 2004 2662
2004 2662 2778
2662 2004 2778
2722 1691 1979
1979 1691 2722
1691 1979 2722
2713 924 1163
924 1163 2713
1163 924 2713
1510 72 794
794 72 1510
72 794 1510
583 2282 2851
2282 583 2851
2851 583 2282
2461 433 1842
433 1842 2461
1842 433 2461
1332 1465 2001
1465 1332 2001
2001 1332 1465
579 1045 1140
1140 579 1045
1045 579 1140
2073 1660 1955
1660 1955 2073
1955 1660 2073
2938 476 2774
2774 476 2938
476 2774 2938
1766 411 430
411 430 1766
430 411 1766
2685 1218 2817
2817 1218 2685
1218 2685 2817
1857 1023 2548
2548 1023 1857
1023 1857 2548
511 1831 1998
1998 511 1831
1831 511 1998
1924 225 693
693 225 1924
225 693 1924
1696 241 775
241 775 1696
775 241 1696
2738 316 2877
316 2738 2877
2877 316 2738
30 527 2979
2979 30 527
527 30 2979
330 2348 2843
2348 330 2843
2843 330 2348
629 370 2619
370 629 2619
2619 370 629
168 171 1534
171 168 1534
1534 168 171
922 1233 1273
1233 922 1273
1273 922 1233
1838 1899 2800
1899 1838 2800
2800 1838 1899
2501 180 1569
180 1569 2501
1569 180 2501
1285 432 1984
1984 432 1285
432 1285 1984
2591 1274 2152
1274 2152 2591
2152 1274 2591
2693 569 2678
2678 569 2693
569 2678 2693
2431 577 2380
577 2380 2431
2380 577 2431
1762 87 1417
1417 87 1762
87 1417 1762
308 185 798
798 185 308
185 308 798
686 570 1266
570 686 1266
1266 570 686
336 661 1638
1638 336 661
661 336 1638
2187 470 890
470 890 2187
890 470 2187
1393 972 1329
1329 972 1393
972 1329 1393
732 494 508
508 494 732
494 508 732
2873 1172 2299
1172 2299 2873
2299 1172 2873
2149 971 1542
971 1542 2149
1542 971 2149
234 219 2121
2121 219 234
219 234 2121
1103 822 1727
1727 822 1103
822 1103 1727
379 34 866
34 379 866
866 34 379
1177 1519 2263
1519 1177 2263
2263 1177 1519
1186 695 2403
695 1186 2403
2403 695 1186
2417 1349 1355
1349 1355 2417
1355 1349 2417
260 2205 2855
2855 260 2205
2205 260 2855
1698 9 1232
9 1232 1698
1232 9 1698
2477 1817 2398
2398 1817 2477
1817 2398 2477
2566 1751 2996
1751 2566 2996
2996 1751 2566
1483 415 858
858 415 1483
415 858 1483
2933 743 2177
743 2177 2933
2177 743 2933
436 441 2022
2022 436 441
441 436 2022
2095 945 2408
945 2095 2408
2408 945 2095
559 612 1901
612 559 1901
1901 559 612
1909 799 1403
1403 799 1909
799 1403 1909
1105 1129 2562
2562 1105 1129
1129 1105 2562
1633 950 2484
2484 950 1633
950 1633 2484
2025 45 2538
45 2025 2538
2538 45 2025
2626 818 2341
2341 818 2626
818 2341 2626
2448 233 740
233 740 2448
740 233 2448
1179 210 1066
210 1066 1179
1066 210 1179
230 2061 2777
2061 230 2777
2777 230 2061
2165 75 186
75 186 2165
186 75 2165
876 2007 2724
2724 876 2007
2007 876 2724
2608 545 1090
545 1090 2608
1090 545 2608
1170 342 2573
342 1170 2573
2573 342 1170
2919 1175 1591
1591 1175 2919
1175 1591 2919
191 760 1089
760 191 1089
1089 191 760
1421 1343 2387
1343 1421 2387
2387 1343 1421
2763 646 1774
646 1774 2763
1774 646 2763
1209 164 2309
164 1209 2309
2309 164 1209
1167 2023 2684
2023 1167 2684
2684 1167 2023
2707 28 2197
28 2197 2707
2197 28 2707
696 38 1115
1115 38 696
38 696 1115
800 389 2393
389 800 2393
2393 389 800
141 1810 2188
2188 141 1810
1810 141 2188
2810 930 1710
930 1710 2810
1710 930 2810
1212 2115 2657
2657 1212 2115
2115 1212 2657
2929 637 2835
637 2835 2929
2835 637 2929
2418 2147 2255
2147 2255 2418
2255 2147 2418
505 1816 2469
1816 505 2469
2469 505 1816
895 1156 2260
2260 895 1156
1156 895 2260
2323 1480 2776
2776 1480 2323
1480 2323 2776
1039 390 1385
390 1039 1385
1385 390 1039
240 1787 2090
1787 240 2090
2090 240 1787
1495 1803 1975
1803 1495 1975
1975 1495 1803
1322 1870 2352
1870 1322 2352
2352 1322 1870
1853 214 2117
214 1853 2117
2117 214 1853
2267 1313 1324
1324 1313 2267
1313 1324 2267
1117 1412 2910
1412 1117 2910
2910 1117 1412
2628 1917 2859
2859 1917 2628
1917 2628 2859
995 1280 1929
1929 995 1280
1280 995 1929
983 1164 1182
1164 983 1182
1182 983 1164
515 145 2498
145 515 2498
2498 145 515
1963 163 2093
163 1963 2093
2093 163 1963
2159 1302 2049
1302 2049 2159
2049 1302 2159
1531 232 386
386 232 1531
232 386 1531
2360 2335 2357
2357 2335 2360
2335 2357 2360
1101 636 2209
636 1101 2209
2209 636 1101
1489 2006 2852
2006 1489 2852
2852 1489 2006
2589 903 1821
903 1821 2589
1821 903 2589
1440 427 847
427 847 1440
847 427 1440
1106 270 304
270 304 1106
304 270 1106
2289 1371 1827
1827 1371 2289
1371 1827 2289
1003 92 1183
1183 92 1003
92 1003 1183
768 1281 2954
1281 768 2954
2954 768 1281
2643 351 860
351 860 2643
860 351 2643
1780 2156 2808
2808 1780 2156
2156 1780 2808
1693 158 1778
1778 158 1693
158 1693 1778
172 699 2882
699 172 2882
2882 172 699
447 1142 2258
2258 447 1142
1142 447 2258
2027 2347 2353
2353 2027 2347
2347 2027 2353
2980 121 2163
121 2163 2980
2163 121 2980
341 624 1397
1397 341 624
624 341 1397
733 565 1809
565 733 1809
1809 565 733
2793 429 1795
429 1795 2793
1795 429 2793
2011 1629 2601
1629 2011 2601
2601 1629 2011
676 1051 2331
2331 676 1051
1051 676 2331
2271 635 1771
635 1771 2271
1771 635 2271
1185 2103 2298
2298 1185 2103
2103 1185 2298
632 297 2166
297 632 2166
2166 297 632
1543 98 888
98 888 1543
888 98 1543
2303 923 1068
1068 923 2303
923 1068 2303
2155 299 2701
2701 299 2155
299 2155 2701
2766 550 1950
1950 550 2766
550 1950 2766
2941 2300 2381
2300 2381 2941
2381 2300 2941
74 1079 1155
1079 74 1155
1155 74 1079
2575 1841 1863
1863 1841 2575
1841 1863 2575
2291 96 1807
96 1807 2291
1807 96 2291
127 1221 2032
2032 127 1221
1221 127 2032
2539 1123 2390
1123 2390 2539
2390 1123 2539
1866 1134 1772
1772 1134 1866
1134 1772 1866
2911 315 941
941 315 2911
315 941 2911
2584 448 2185
448 2185 2584
2185 448 2584
2287 2238 2765
2238 2287 2765
2765 2238 2287
719 1269 1484
1269 719 1484
1484 719 1269
2355 231 1262
1262 231 2355
231 1262 2355
1877 714 1526
1526 714 1877
714 1526 1877
1661 2021 2327
2021 1661 2327
2327 1661 2021
2020 367 1245
367 1245 2020
1245 367 2020
2824 194 1107
1107 194 2824
194 1107 2824
261 1501 1791
1501 261 1791
1791 261 1501
1717 1934 2012
1934 1717 2012
2012 1717 1934
726 850 1430
850 726 1430
1430 726 850
1122 101 2186
2186 101 1122
101 1122 2186
1021 1181 1874
1181 1021 1874
1874 1021 1181
521 533 575
575 521 533
533 521 575
1301 1252 2627
2627 1252 1301
1252 1301 2627
2891 108 1151
108 1151 2891
1151 108 2891
1644 546 2481
2481 546 1644
546 1644 2481
1535 440 2858
440 1535 2858
2858 440 1535
220 949 2689
949 220 2689
2689 220 949
348 532 2949
532 348 2949
2949 348 532
2886 853 2367
853 2367 2886
2367 853 2886
2730 349 1092
1092 349 2730
349 1092 2730
614 1133 2349
1133 614 2349
2349 614 1133
2640 2182 2296
2296 2182 2640
2182 2296 2640
1141 329 857
329 857 1141
857 329 1141
2169 1973 2430
2430 1973 2169
1973 2169 2430
339 1864 2230
1864 339 2230
2230 339 1864
1037 188 896
896 188 1037
188 896 1037
1452 376 797
376 797 1452
797 376 1452
2849 961 2429
2429 961 2849
961 2429 2849
1616 725 1260
725 1260 1616
1260 725 1616
2532 248 703
703 248 2532
248 703 2532
1382 1986 2082
1986 1382 2082
2082 1382 1986
2193 1070 2467
2467 1070 2193
1070 2193 2467
1739 2244 2472
2472 1739 2244
2244 1739 2472
1988 11 46
11 46 1988
46 11 1988
166 1505 2900
1505 166 2900
2900 166 1505
835 649 2943
649 835 2943
2943 649 835
472 2452 2820
2452 472 2820
2820 472 2452
567 997 2770
997 567 2770
2770 567 997
1668 155 1922
1922 155 1668
155 1668 1922
2192 333 2888
2888 333 2192
333 2192 2888
193 911 1178
911 193 1178
1178 193 911
1096 483 913
913 483 1096
483 913 1096
957 200 2961
200 957 2961
2961 200 957
369 584 871
584 369 871
871 369 584
1622 1112 2913
2913 1112 1622
1112 1622 2913
2129 1015 1120
1120 1015 2129
1015 1120 2129
1949 420 2784
2784 420 1949
420 1949 2784
2478 44 956
956 44 2478
44 956 2478
2135 1267 1522
1522 1267 2135
1267 1522 2135
450 1358 1454
1454 450 1358
1358 450 1454
1971 620 2840
620 1971 2840
2840 620 1971
2597 915 2624
2624 915 2597
915 2597 2624
875 1847 2804
2804 875 1847
1847 875 2804
2611 309 1239
1239 309 2611
309 1239 2611
399 363 1718
1718 363 399
363 399 1718
2631 675 1227
1227 675 2631
675 1227 2631
2543 671 1369
671 1369 2543
1369 671 2543
2757 2446 2711
2446 2711 2757
2711 2446 2757
2890 1836 2458
2458 1836 2890
1836 2458 2890
899 396 552
396 552 899
552 396 899
1582 553 1477
1477 553 1582
553 1477 1582
1410 809 2781
809 1410 2781
2781 809 1410
2094 587 1849
1849 587 2094
587 1849 2094
1889 252 1939
252 1889 1939
1939 252 1889
130 1978 2487
2487 130 1978
1978 130 2487
929 540 1048
540 929 1048
1048 540 929
1745 2831 2898
2831 1745 2898
2898 1745 2831
1797 434 1389
1389 434 1797
434 1389 1797
2089 2400 2950
2950 2089 2400
2400 2089 2950
1669 2518 2846
2518 1669 2846
2846 1669 2518
2755 2399 2470
2470 2399 2755
2399 2470 2755
1707 8 1627
8 1627 1707
1627 8 1707
334 599 1137
599 334 1137
1137 334 599
1828 1292 1848
1848 1292 1828
1292 1828 1848
2278 310 2339
2339 310 2278
310 2278 2339
2100 880 1516
880 1516 2100
1516 880 2100
2479 422 1685
422 1685 2479
1685 422 2479
2739 656 2899
656 2739 2899
2899 656 2739
1741 133 2154
2154 133 1741
133 1741 2154
1226 704 2879
2879 704 1226
704 1226 2879
2266 701 2322
2322 701 2266
701 2266 2322
183 1789 2596
1789 183 2596
2596 183 1789
1942 689 837
837 689 1942
689 837 1942
402 254 1474
254 402 1474
1474 254 402
531 82 1588
82 531 1588
1588 82 531
2109 1655 2756
2756 1655 2109
1655 2109 2756
2460 135 1964
135 1964 2460
1964 135 2460
76 628 1859
628 76 1859
1859 76 628
2544 2616 2942
2942 2544 2616
2616 2544 2942
2227 1293 2440
2440 1293 2227
1293 2227 2440
2464 2043 2792
2043 2464 2792
2792 2043 2464
2039 1138 2178
1138 2039 2178
2178 1138 2039
581 394 2560
394 581 2560
2560 394 581
2909 319 445
445 319 2909
319 445 2909
2897 209 2285
2285 209 2897
209 2285 2897
918 1034 2679
2679 918 1034
1034 918 2679
1649 1851 2630
1851 1649 2630
2630 1649 1851
2782 1405 2482
2482 1405 2782
1405 2482 2782
1995 112 228
228 112 1995
112 228 1995
2407 2202 2594
2202 2407 2594
2594 2202 2407
2652 151 806
151 806 2652
806 151 2652
66 592 2901
592 66 2901
2901 66 592
954 780 2848
2848 780 954
780 954 2848
278 285 301
301 278 285
285 278 301
1515 181 2272
2272 181 1515
181 1515 2272
1615 873 1675
1675 873 1615
873 1615 1675
1813 1360 1578
1360 1578 1813
1578 1360 1813
793 148 2695
2695 148 793
148 793 2695
115 518 1240
1240 115 518
518 115 1240
994 1911 2490
1911 994 2490
2490 994 1911
2607 269 1075
1075 269 2607
269 1075 2607
94 2563 2995
2995 94 2563
2563 94 2995
2734 968 1761
968 1761 2734
1761 968 2734
1782 1316 1683
1316 1683 1782
1683 1316 1782
2881 1894 2170
1894 2170 2881
2170 1894 2881
1346 722 1731
1731 722 1346
722 1346 1731
2870 327 2142
2142 327 2870
327 2142 2870
288 906 1348
1348 288 906
906 288 1348
439 1294 1528
1528 439 1294
1294 439 1528
2009 1027 2041
1027 2009 2041
2041 1027 2009
1679 2379 2864
2864 1679 2379
2379 1679 2864
1689 2424 2869
2869 1689 2424
2424 1689 2869
361 1784 2827
2827 361 1784
1784 361 2827
2629 1798 2026
2026 1798 2629
1798 2026 2629
53 781 1443
1443 53 781
781 53 1443
1714 2459 2710
2710 1714 2459
2459 1714 2710
318 1383 1913
1383 318 1913
1913 318 1383
1861 55 2806
55 1861 2806
2806 55 1861
2053 1459 2343
2343 1459 2053
1459 2053 2343
2465 2143 2369
2143 2369 2465
2369 2143 2465
33 63 1855
1855 33 63
63 33 1855
90 838 1257
1257 90 838
838 90 1257
2219 1832 2768
2768 1832 2219
1832 2219 2768
1839 1781 1811
1781 1811 1839
1811 1781 1839
1073 1565 2968
2968 1073 1565
1565 1073 2968
2656 1041 2759
1041 2656 2759
2759 1041 2656
2310 122 685
122 685 2310
685 122 2310
1610 311 829
311 829 1610
829 311 1610
1512 380 556
380 556 1512
556 380 1512
147 854 1017
854 147 1017
1017 147 854
2237 2071 2175
2175 2071 2237
2071 2175 2237
1783 1954 2141
1954 1783 2141
2141 1783 1954
2531 239 630
630 239 2531
239 630 2531
638 2279 2993
2993 638 2279
2279 638 2993
682 1604 2556
1604 682 2556
2556 682 1604
2183 2190 2920
2190 2183 2920
2920 2183 2190
1146 654 2654
654 1146 2654
2654 654 1146
2715 1651 2558
2558 1651 2715
1651 2558 2715
2035 748 2344
2344 748 2035
748 2035 2344
452 469 2091
469 452 2091
2091 452 469
2829 457 667
457 667 2829
667 457 2829
1353 64 1904
1904 64 1353
64 1353 1904
152 2148 2860
2860 152 2148
2148 152 2860
2963 7 537
7 537 2963
537 7 2963
1595 2256 2868
2256 1595 2868
2868 1595 2256
189 43 1056
43 189 1056
1056 43 189
2528 1157 2132
2132 1157 2528
1157 2132 2528
721 482 1640
482 721 1640
1640 482 721
2264 286 2512
286 2264 2512
2512 286 2264
712 1199 2332
2332 712 1199
1199 712 2332
119 1284 2128
1284 119 2128
2128 119 1284
2304 235 1752
235 1752 2304
1752 235 2304
195 484 2318
2318 195 484
484 195 2318
1956 250 1279
250 1279 1956
1279 250 1956
684 176 291
291 176 684
176 291 684
495 1225 1444
1444 495 1225
1225 495 1444
1968 1471 1608
1471 1608 1968
1608 1471 1968
2921 942 2653
2653 942 2921
942 2653 2921
2051 1671 1763
1763 1671 2051
1671 1763 2051
347 1109 2047
2047 347 1109
1109 347 2047
1722 605 772
605 772 1722
772 605 1722
907 619 985
985 619 907
619 907 985
2771 1303 1768
1303 1768 2771
1768 1303 2771
998 568 2655
2655 568 998
568 998 2655
2822 1574 2119
2119 1574 2822
1574 2119 2822
2406 1213 2866
1213 2406 2866
2866 1213 2406
2301 69 2040
69 2040 2301
2040 69 2301
202 2969 2990
2969 202 2990
2990 202 2969
2676 1042 1131
1042 1131 2676
1131 1042 2676
1116 404 2491
2491 404 1116
404 1116 2491
1286 492 2828
2828 492 1286
492 1286 2828
1061 2239 2892
2892 1061 2239
2239 1061 2892
2986 1019 2176
2176 1019 2986
1019 2176 2986
2123 1646 1888
1646 1888 2123
1888 1646 2123
2818 19 2698
2698 19 2818
19 2698 2818
2240 2476 2694
2476 2240 2694
2694 2240 2476
480 1367 2443
1367 480 2443
2443 480 1367
2311 1298 2812
2812 1298 2311
1298 2311 2812
1833 2062 2965
2062 1833 2965
2965 1833 2062
1504 524 2865
524 1504 2865
2865 524 1504
259 1959 2319
2319 259 1959
1959 259 2319
454 1867 1887
1887 454 1867
1867 454 1887
1447 1091 1952
1952 1091 1447
1091 1447 1952
2426 811 1432
1432 811 2426
811 1432 2426
2567 303 2226
303 2226 2567
2226 303 2567
1446 1611 2315
2315 1446 1611
1611 1446 2315
2875 1404 2513
2513 1404 2875
1404 2513 2875
2981 247 1931
1931 247 2981
247 1931 2981
2003 879 2646
2646 879 2003
879 2003 2646
1253 293 618
293 618 1253
618 293 1253
1121 1149 2572
1149 1121 2572
2572 1121 1149
1568 731 2515
731 1568 2515
2515 731 1568
388 276 2063
276 388 2063
2063 276 388
2350 883 1738
883 1738 2350
1738 883 2350
987 95 321
321 95 987
95 321 987
244 1820 2098
2098 244 1820
1820 244 2098
2101 566 2609
2609 566 2101
566 2101 2609
931 530 573
530 573 931
573 530 931
2984 1673 2767
2767 1673 2984
1673 2767 2984
2504 290 1029
1029 290 2504
290 1029 2504
355 1502 2665
2665 355 1502
1502 355 2665
1250 504 2251
2251 504 1250
504 1250 2251
2639 132 2529
132 2529 2639
2529 132 2639
322 1127 1352
1352 322 1127
1127 322 1352
2845 1026 2997
1026 2845 2997
2997 1026 2845
919 1357 1434
1357 919 1434
1434 919 1357
1822 2275 2853
2275 1822 2853
2853 1822 2275
633 20 1100
1100 20 633
20 633 1100
2615 785 2105
785 2105 2615
2105 785 2615
606 57 257
57 257 606
257 57 606
42 2336 2578
2578 42 2336
2336 42 2578
938 2249 2876
2876 938 2249
2249 938 2876
2439 595 824
595 824 2439
824 595 2439
1188 287 812
812 287 1188
287 812 1188
2520 1977 2686
1977 2520 2686
2686 1977 2520
1439 1585 1690
1690 1439 1585
1585 1439 1690
2437 1162 1800
1162 1800 2437
1800 1162 2437
22 1020 1983
1020 22 1983
1983 22 1020
62 548 2905
548 62 2905
2905 62 548
374 1747 2284
1747 374 2284
2284 374 1747
116 589 2414
589 116 2414
2414 116 589
1261 1113 1900
1900 1113 1261
1113 1261 1900
936 554 1247
1247 554 936
554 936 1247
2939 179 1094
1094 179 2939
179 1094 2939
2557 702 1885
1885 702 2557
702 1885 2557
643 843 1994
1994 643 843
843 643 1994
1507 284 1886
284 1507 1886
1886 284 1507
1356 1415 1561
1415 1356 1561
1561 1356 1415
2796 973 1765
973 1765 2796
1765 973 2796
2232 529 745
745 529 2232
529 745 2232
1652 749 1195
1195 749 1652
749 1195 1652
2856 640 815
815 640 2856
640 815 2856
1850 218 763
218 763 1850
763 218 1850
2106 814 2527
2527 814 2106
814 2106 2527
1525 167 395
167 395 1525
395 167 1525
2419 535 1517
1517 535 2419
535 1517 2419
1139 1246 2229
1246 1139 2229
2229 1139 1246
1136 2057 2126
2057 1136 2126
2126 1136 2057
268 426 2542
426 268 2542
2542 268 426
1318 477 1402
477 1318 1402
1402 477 1318
1659 855 1724
855 1659 1724
1724 855 1659
350 596 2198
596 350 2198
2198 350 596
2664 593 2926
593 2664 2926
2926 593 2664
564 468 1703
1703 468 564
468 564 1703
451 1858 2747
1858 451 2747
2747 451 1858
2931 424 1719
1719 424 2931
424 1719 2931
1619 312 2745
2745 312 1619
312 1619 2745
2593 500 2066
2066 500 2593
500 2066 2593
844 2108 2261
2108 844 2261
2261 844 2108
921 466 1361
466 921 1361
1361 466 921
134 1544 2535
2535 134 1544
1544 134 2535
2388 1903 2340
2340 1903 2388
1903 2340 2388
547 594 1625
1625 547 594
594 547 1625
901 1567 1792
1567 901 1792
1792 901 1567
1546 313 1000
1000 313 1546
313 1000 1546
1309 2716 2803
2716 1309 2803
2803 1309 2716
2883 1108 2171
2171 1108 2883
1108 2171 2883
2748 71 1523
1523 71 2748
71 1523 2748
143 213 808
808 143 213
213 143 808
2087 1767 2571
2571 1767 2087
1767 2087 2571
658 1282 2595
1282 658 2595
2595 658 1282
2872 1159 1928
1159 1928 2872
1928 1159 2872
2928 1494 2622
2622 1494 2928
1494 2622 2928
2211 1486 2212
1486 2211 2212
2212 1486 2211
1312 1275 1478
1275 1312 1478
1478 1275 1312
1158 1935 2983
1935 1158 2983
2983 1158 1935
2242 31 2014
2014 31 2242
31 2014 2242
717 2000 2978
2000 717 2978
2978 717 2000
2554 865 1334
1334 865 2554
865 1334 2554
1592 791 2308
791 1592 2308
2308 791 1592
1004 683 2677
2677 683 1004
683 1004 2677
2337 357 839
839 357 2337
357 839 2337
1564 1720 2598
1720 1564 2598
2598 1564 1720
1908 229 1753
1753 229 1908
229 1753 1908
773 23 1311
1311 23 773
23 773 1311
2002 1031 1711
1031 1711 2002
1711 1031 2002
1064 1801 2754
2754 1064 1801
1801 1064 2754
435 872 1852
872 435 1852
1852 435 872
1808 2378 2412
2378 1808 2412
2412 1808 2378
1411 54 2305
2305 54 1411
54 1411 2305
2553 2317 2638
2317 2553 2638
2638 2317 2553
1270 178 1926
1926 178 1270
178 1270 1926
1191 354 2823
2823 354 1191
354 1191 2823
1344 673 1391
673 1344 1391
1391 673 1344
789 460 877
460 789 877
877 460 789
1969 2288 2683
2288 1969 2683
2683 1969 2288
372 507 960
507 372 960
960 372 507
2503 170 2174
170 2174 2503
2174 170 2503
1835 131 1799
1799 131 1835
131 1799 1835
258 307 1093
1093 258 307
307 258 1093
2623 1972 2034
1972 2034 2623
2034 1972 2623
1386 1040 2058
2058 1040 1386
1040 1386 2058
1880 160 512
160 512 1880
512 160 1880
1614 1424 2273
2273 1424 1614
1424 1614 2273
243 109 211
211 109 243
109 211 243
2647 85 2719
85 2647 2719
2719 85 2647
139 1463 2758
2758 139 1463
