1665 10 211
10 211 1665
211 10 1665
2701 2436 2743
2436 2701 2743
2743 2436 2701
2839 2125 2315
2315 2125 2839
2125 2315 2839
2622 360 721
360 721 2622
721 360 2622
1056 225 1063
225 1056 1063
1063 225 1056
1447 1816 2976
1816 1447 2976
2976 1447 1816
678 915 1920
915 678 1920
1920 678 915
2068 1271 1299
1299 1271 2068
1271 1299 2068
1590 52 1563
52 1563 1590
1563 52 1590
1034 274 2755
274 1034 2755
2755 274 1034
2892 1647 2059
1647 2059 2892
2059 1647 2892
1550 2009 2343
2009 1550 2343
2343 1550 2009
1470 619 2412
619 1470 2412
2412 619 1470
606 784 1541
1541 606 784
784 606 1541
378 813 819
819 378 813
813 378 819
428 494 1878
1878 428 494
494 428 1878
1631 2040 2612
2040 1631 2612
2612 1631 2040
975 1010 1199
1199 975 1010
1010 975 1199
2530 224 1433
1433 224 2530
224 1433 2530
2898 786 2584
786 2584 2898
2584 786 2898
286 1188 2873
1188 286 2873
2873 286 1188
1917 599 2780
599 1917 2780
2780 599 1917
37 99 831
831 37 99
99 37 831
2736 1142 1723
1723 1142 2736
1142 1723 2736
2851 1602 2081
2081 1602 2851
1602 2081 2851
2284 1598 2830
2830 1598 2284
1598 2284 2830
2638 2024 2776
2024 2638 2776
2776 2024 2638
521 588 1599
1599 521 588
588 521 1599
2878 2623 2770
2770 2623 2878
2623 2770 2878
1803 870 955
955 870 1803
870 955 1803
420 2163 2175
2175 420 2163
2163 420 2175
1905 1097 2359
1097 1905 2359
2359 1097 1905
1636 1638 2778
1638 1636 2778
2778 1636 1638
1108 993 2690
993 1108 2690
2690 993 1108
2117 1711 2689
2689 1711 2117
1711 2117 2689
1241 2383 2524
2524 1241 2383
2383 1241 2524
2328 1451 2079
2079 1451 2328
1451 2079 2328
2377 118 1131
1131 118 2377
118 1131 2377
2606 288 2426
2426 288 2606
288 2426 2606
1418 2184 2463
2184 1418 2463
2463 1418 2184
2422 910 2070
910 2070 2422
2070 910 2422
525 204 754
204 525 754
754 204 525
1293 374 2685
374 1293 2685
2685 374 1293
491 2064 2067
2064 491 2067
2067 491 2064
216 466 1948
1948 216 466
466 216 1948
470 1589 2178
1589 470 2178
2178 470 1589
2405 2003 2066
2003 2066 2405
2066 2003 2405
533 711 1979
711 533 1979
1979 533 711
829 304 2219
304 829 2219
2219 304 829
991 961 2603
961 991 2603
2603 961 991
1788 1474 1827
1827 1474 1788
1474 1788 1827
1303 964 1155
964 1155 1303
1155 964 1303
1329 1017 2057
1017 1329 2057
2057 1017 1329
351 2301 2389
2389 351 2301
2301 351 2389
139 1802 2442
1802 139 2442
2442 139 1802
917 2 634
634 2 917
2 634 917
2881 732 1285
1285 732 2881
732 1285 2881
912 1096 1464
1464 912 1096
1096 912 1464
3 956 1496
1496 3 956
956 3 1496
927 1944 2758
1944 927 2758
2758 927 1944
1685 541 1279
1279 541 1685
541 1279 1685
2414 192 267
192 267 2414
267 192 2414
31 609 1457
609 31 1457
1457 31 609
2559 536 1001
1001 536 2559
536 1001 2559
1477 478 2291
478 1477 2291
2291 478 1477
2369 2866 2956
2956 2369 2866
2866 2369 2956
277 362 2908
362 277 2908
2908 277 362
1973 1953 2815
1953 1973 2815
2815 1953 1973
801 340 2316
2316 340 801
340 801 2316
817 43 2948
43 817 2948
2948 43 817
2620 1476 2669
2669 1476 2620
1476 2620 2669
552 460 1000
460 552 1000
1000 460 552
2992 215 830
215 830 2992
830 215 2992
1222 1136 2308
1136 1222 2308
2308 1136 1222
333 103 198
198 103 333
103 198 333
184 137 2765
137 184 2765
2765 137 184
435 595 1242
595 435 1242
1242 435 595
1236 2478 2888
2478 1236 2888
2888 1236 2478
1144 1482 2858
1482 1144 2858
2858 1144 1482
1208 688 1689
1689 688 1208
688 1208 1689
1016 1204 2985
1204 1016 2985
2985 1016 1204
2447 1209 2641
2641 1209 2447
1209 2447 2641
1372 1704 2658
2658 1372 1704
1704 1372 2658
2347 1318 2329
1318 2329 2347
2329 1318 2347
2281 1306 1933
1933 1306 2281
1306 1933 2281
1173 2098 2816
2816 1173 2098
2098 1173 2816
370 1782 2864
2864 370 1782
1782 370 2864
1004 86 2424
86 1004 2424
2424 86 1004
142 522 1910
1910 142 522
522 142 1910
1321 94 2852
2852 94 1321
94 1321 2852
2550 1852 2527
2527 1852 2550
1852 2527 2550
930 2086 2434
2434 930 2086
2086 930 2434
627 1955 2731
2731 627 1955
1955 627 2731
753 883 1116
883 753 1116
1116 753 883
1255 598 2497
598 1255 2497
2497 598 1255
2528 230 1659
230 1659 2528
1659 230 2528
727 726 1337
726 727 1337
1337 726 727
2148 575 788
575 788 2148
788 575 2148
315 1687 2270
1687 315 2270
2270 315 1687
1078 1551 1810
1551 1078 1810
1810 1078 1551
2269 1808 1893
1893 1808 2269
1808 1893 2269
1543 1871 2592
1871 1543 2592
2592 1543 1871
1411 272 1855
1855 272 1411
272 1411 1855
1935 2247 2302
2247 1935 2302
2302 1935 2247
2654 1875 2382
1875 2382 2654
2382 1875 2654
1509 16 175
16 175 1509
175 16 1509
657 579 651
579 651 657
651 579 657
611 803 2935
2935 611 803
803 611 2935
1126 2033 2999
2999 1126 2033
2033 1126 2999
2232 837 2824
2824 837 2232
837 2232 2824
78 1052 2944
1052 78 2944
2944 78 1052
398 924 2001
924 398 2001
2001 398 924
186 2783 2883
2783 186 2883
2883 186 2783
41 167 2955
167 41 2955
2955 41 167
458 1787 2444
2444 458 1787
1787 458 2444
20 163 2176
2176 20 163
163 20 2176
2044 804 2768
2768 804 2044
804 2044 2768
907 889 2109
2109 889 907
889 907 2109
2401 2254 2541
2541 2254 2401
2254 2401 2541
2325 858 2838
858 2325 2838
2838 858 2325
2266 677 2371
2371 677 2266
677 2266 2371
2863 178 781
178 781 2863
781 178 2863
263 1295 1722
1295 263 1722
1722 263 1295
1203 1051 2337
2337 1051 1203
1051 1203 2337
1344 1036 2268
2268 1036 1344
1036 1344 2268
1363 729 1286
729 1286 1363
1286 729 1363
122 1061 2786
2786 122 1061
1061 122 2786
2282 697 1058
1058 697 2282
697 1058 2282
2283 495 1620
1620 495 2283
495 1620 2283
404 1981 2694
2694 404 1981
1981 404 2694
1154 222 654
222 654 1154
654 222 1154
468 1847 2834
1847 468 2834
2834 468 1847
855 1450 2732
1450 855 2732
2732 855 1450
1956 389 2046
2046 389 1956
389 1956 2046
2582 361 850
850 361 2582
361 850 2582
693 2410 2708
2410 693 2708
2708 693 2410
182 218 1799
1799 182 218
218 182 1799
2933 169 1548
169 1548 2933
1548 169 2933
2280 500 2304
500 2280 2304
2304 500 2280
2469 636 2123
2123 636 2469
636 2123 2469
705 109 1169
109 705 1169
1169 109 705
55 1307 1924
1307 55 1924
1924 55 1307
28 1432 1790
1790 28 1432
1432 28 1790
1866 131 2169
2169 131 1866
131 1866 2169
1957 747 1511
747 1511 1957
1511 747 1957
1640 366 764
366 764 1640
764 366 1640
35 411 1864
411 35 1864
1864 35 411
2425 921 2910
2910 921 2425
921 2425 2910
897 1628 2925
2925 897 1628
1628 897 2925
682 1732 2827
1732 682 2827
2827 682 1732
1663 573 1449
1449 573 1663
573 1449 1663
1401 1217 2664
1217 1401 2664
2664 1217 1401
1931 393 1986
393 1931 1986
1986 393 1931
1009 251 2962
251 1009 2962
2962 251 1009
780 210 2177
2177 210 780
210 780 2177
1072 695 2482
2482 695 1072
695 1072 2482
2095 936 2973
936 2095 2973
2973 936 2095
386 905 1466
905 386 1466
1466 386 905
796 105 2120
2120 105 796
105 796 2120
2456 1562 1760
1760 1562 2456
1562 1760 2456
2318 2379 2961
2379 2318 2961
2961 2318 2379
313 2429 2613
2429 313 2613
2613 313 2429
236 464 1161
464 236 1161
1161 236 464
782 1753 2737
1753 782 2737
2737 782 1753
1984 379 2585
379 1984 2585
2585 379 1984
888 1129 2662
2662 888 1129
1129 888 2662
1768 1569 1571
1571 1569 1768
1569 1571 1768
665 268 1471
1471 268 665
268 665 1471
2122 320 779
320 779 2122
779 320 2122
492 440 1394
1394 440 492
440 492 1394
1190 1438 2077
1438 1190 2077
2077 1190 1438
2565 1635 2539
2539 1635 2565
1635 2539 2565
589 275 2837
2837 275 589
275 589 2837
898 2189 2974
2189 898 2974
2974 898 2189
834 162 1317
162 834 1317
1317 162 834
970 1369 2488
2488 970 1369
1369 970 2488
2094 743 1987
743 1987 2094
1987 743 2094
1746 279 2402
279 1746 2402
2402 279 1746
1167 1148 1813
1813 1148 1167
1148 1167 1813
1091 409 616
409 616 1091
616 409 1091
1576 746 2358
746 1576 2358
2358 746 1576
1215 1103 2019
1103 1215 2019
2019 1103 1215
2949 431 1296
431 1296 2949
1296 431 2949
2728 1886 2749
2749 1886 2728
1886 2728 2749
653 1251 1505
1505 653 1251
1251 653 1505
1588 101 1624
1624 101 1588
101 1588 1624
505 1071 2922
1071 505 2922
2922 505 1071
1627 1057 1916
1057 1627 1916
1916 1057 1627
2994 1662 2509
1662 2509 2994
2509 1662 2994
349 990 2391
2391 349 990
990 349 2391
689 74 2365
74 689 2365
2365 74 689
2409 787 989
989 787 2409
787 989 2409
918 2100 2715
2100 918 2715
2715 918 2100
1736 159 586
586 159 1736
159 586 1736
1806 1141 2368
2368 1141 1806
1141 1806 2368
2330 672 1676
672 1676 2330
1676 672 2330
125 1584 2397
1584 125 2397
2397 125 1584
1278 826 1301
826 1278 1301
1301 826 1278
2751 1600 2364
2364 1600 2751
1600 2364 2751
2929 538 1376
1376 538 2929
538 1376 2929
2011 1365 2635
1365 2011 2635
2635 1365 2011
635 489 1539
489 635 1539
1539 489 635
1629 250 1512
1512 250 1629
250 1512 1629
450 951 2261
2261 450 951
951 450 2261
2844 98 1289
1289 98 2844
98 1289 2844
2911 1380 1978
1380 1978 2911
1978 1380 2911
1927 772 997
772 997 1927
997 772 1927
1925 1377 2423
2423 1377 1925
1377 1925 2423
2181 2274 2312
2274 2181 2312
2312 2181 2274
667 714 2651
2651 667 714
714 667 2651
242 1424 2762
1424 242 2762
2762 242 1424
194 79 1887
79 194 1887
1887 79 194
233 1254 2856
2856 233 1254
1254 233 2856
1353 1478 2394
2394 1353 1478
1478 1353 2394
2200 1032 1607
1607 1032 2200
1032 1607 2200
833 486 2187
486 833 2187
2187 486 833
385 1532 1728
1728 385 1532
1532 385 1728
325 738 760
738 325 760
760 325 738
1656 285 2597
2597 285 1656
285 1656 2597
1408 206 2870
206 1408 2870
2870 206 1408
1575 136 254
136 254 1575
254 136 1575
2147 740 771
740 771 2147
771 740 2147
1763 1844 1974
1844 1763 1974
1974 1763 1844
2324 1752 2305
1752 2305 2324
2305 1752 2324
419 1298 1502
1298 419 1502
1502 419 1298
1719 1936 2699
1936 1719 2699
2699 1719 1936
1958 1181 2485
1181 1958 2485
2485 1181 1958
1514 2514 2547
2514 1514 2547
2547 1514 2514
1234 2030 2990
2990 1234 2030
2030 1234 2990
2897 471 802
802 471 2897
471 802 2897
2167 566 2183
2183 566 2167
566 2167 2183
1972 2632 2982
2982 1972 2632
2632 1972 2982
1338 613 2607
2607 613 1338
613 1338 2607
2714 2487 2791
2791 2487 2714
2487 2714 2791
2865 1857 2570
1857 2570 2865
2570 1857 2865
462 884 2646
884 462 2646
2646 462 884
1773 1140 1601
1140 1601 1773
1601 1140 1773
932 85 384
85 384 932
384 85 932
1836 75 1043
1043 75 1836
75 1043 1836
1507 854 2552
2552 854 1507
854 1507 2552
1785 916 2413
916 1785 2413
2413 916 1785
1391 498 2610
2610 498 1391
498 1391 2610
2376 4 604
604 4 2376
4 604 2376
1707 777 1459
777 1459 1707
1459 777 1707
973 187 2730
187 973 2730
2730 187 973
2590 256 1062
1062 256 2590
256 1062 2590
2581 1230 2545
1230 2545 2581
2545 1230 2581
1143 1025 2885
1025 1143 2885
2885 1025 1143
234 770 2946
770 234 2946
2946 234 770
1674 1268 1294
1268 1294 1674
1294 1268 1674
2475 238 1020
238 1020 2475
1020 238 2475
2165 429 513
513 429 2165
429 513 2165
981 81 580
580 81 981
81 580 981
2513 847 871
871 847 2513
847 871 2513
2739 96 183
96 183 2739
183 96 2739
2134 60 2101
2101 60 2134
60 2101 2134
507 345 1999
345 507 1999
1999 345 507
2462 2354 2826
2354 2462 2826
2826 2354 2462
414 1315 2775
2775 414 1315
1315 414 2775
1410 205 2191
2191 205 1410
205 1410 2191
262 2395 2441
2441 262 2395
2395 262 2441
2516 1729 1962
1962 1729 2516
1729 1962 2516
1783 1427 1517
1427 1517 1783
1517 1427 1783
283 2896 2963
2963 283 2896
2896 283 2963
241 1487 2627
2627 241 1487
1487 241 2627
618 114 1259
114 618 1259
1259 114 618
2195 687 1888
1888 687 2195
687 1888 2195
2748 1153 1488
1488 1153 2748
1153 1488 2748
572 438 2705
438 572 2705
2705 438 572
422 453 1483
1483 422 453
453 422 1483
219 567 2932
2932 219 567
567 219 2932
811 1080 2845
1080 811 2845
2845 811 1080
1880 306 2588
2588 306 1880
306 1880 2588
504 539 1884
1884 504 539
539 504 1884
1918 2113 2160
2113 1918 2160
2160 1918 2113
2511 988 2093
2093 988 2511
988 2093 2511
1440 925 1405
1405 925 1440
925 1405 1440
1998 877 1149
877 1149 1998
1149 877 1998
2051 623 2704
623 2051 2704
2704 623 2051
1420 365 1047
365 1047 1420
1047 365 1420
463 2230 2792
2792 463 2230
2230 463 2792
308 488 554
488 308 554
554 308 488
901 2553 2698
2698 901 2553
2553 901 2698
865 1098 1582
1098 865 1582
1582 865 1098
354 583 2119
583 354 2119
2119 354 583
1835 246 1431
1431 246 1835
246 1431 1835
733 180 1833
1833 180 733
180 733 1833
978 1095 2207
1095 978 2207
2207 978 1095
1258 996 2234
996 1258 2234
2234 996 1258
1074 261 2339
2339 261 1074
261 1074 2339
2322 1908 2277
1908 2277 2322
2277 1908 2322
1848 1079 2133
1079 1848 2133
2133 1079 1848
1263 544 766
766 544 1263
544 766 1263
1351 1183 2012
2012 1183 1351
1183 1351 2012
1495 2380 2554
2554 1495 2380
2380 1495 2554
1934 1530 2754
2754 1530 1934
1530 1934 2754
1545 255 879
255 879 1545
879 255 1545
821 769 2288
769 821 2288
2288 769 821
2676 2521 2764
2764 2521 2676
2521 2676 2764
1872 12 1382
1382 12 1872
12 1382 1872
2334 793 1341
793 1341 2334
1341 793 2334
2151 2470 2517
2517 2151 2470
2470 2151 2517
1046 1421 1822
1421 1046 1822
1822 1046 1421
1531 344 2265
344 1531 2265
2265 344 1531
2853 191 295
295 191 2853
191 295 2853
1180 396 1362
1362 396 1180
396 1180 1362
2847 694 1967
1967 694 2847
694 1967 2847
2139 1070 2672
2672 1070 2139
1070 2139 2672
36 2259 2319
2259 36 2319
2319 36 2259
2263 410 527
527 410 2263
410 527 2263
457 399 1235
1235 399 457
399 457 1235
666 289 1705
1705 289 666
289 666 1705
1994 795 2900
795 1994 2900
2900 795 1994
2161 1201 1557
1557 1201 2161
1201 1557 2161
2372 82 645
645 82 2372
82 645 2372
2336 1211 1504
1504 1211 2336
1211 1504 2336
1092 383 1846
1846 383 1092
383 1092 1846
1228 2406 2471
2471 1228 2406
2406 1228 2471
1231 1158 1429
1158 1231 1429
1429 1158 1231
2168 2327 2718
2718 2168 2327
2327 2168 2718
1442 675 2374
675 1442 2374
2374 675 1442
199 874 2192
2192 199 874
874 199 2192
2814 430 1553
430 1553 2814
1553 430 2814
147 1666 2781
1666 147 2781
2781 147 1666
437 1374 2018
2018 437 1374
1374 437 2018
799 22 2038
22 799 2038
2038 22 799
674 1112 2833
2833 674 1112
1112 674 2833
2349 91 2082
91 2082 2349
2082 91 2349
469 919 2803
919 469 2803
2803 469 919
2774 1696 1744
1696 1744 2774
1744 1696 2774
1246 1015 1358
1358 1015 1246
1015 1246 1358
327 119 2143
119 327 2143
2143 119 327
26 1090 1349
1349 26 1090
1090 26 1349
1671 21 2373
21 1671 2373
2373 21 1671
87 985 1114
1114 87 985
985 87 1114
684 1378 2131
1378 684 2131
2131 684 1378
1497 1311 2188
2188 1311 1497
1311 1497 2188
117 472 641
472 117 641
641 117 472
749 54 301
54 301 749
301 54 749
2500 2356 2869
2869 2356 2500
2356 2500 2869
972 698 800
800 698 972
698 800 972
346 1966 2396
1966 346 2396
2396 346 1966
2251 19 1617
1617 19 2251
19 1617 2251
1745 2226 2245
2226 1745 2245
2245 1745 2226
503 945 2725
945 503 2725
2725 503 945
1214 2595 2596
2596 1214 2595
2595 1214 2596
2906 2132 2941
2132 2906 2941
2941 2132 2906
1192 1780 2345
1780 1192 2345
2345 1192 1780
356 1226 1523
1226 356 1523
1523 356 1226
111 1262 2053
1262 111 2053
2053 111 1262
2493 1 377
1 377 2493
377 1 2493
2558 1480 2458
2458 1480 2558
1480 2458 2558
1100 1703 2567
2567 1100 1703
1703 1100 2567
887 24 893
24 887 893
893 24 887
1385 508 2439
2439 508 1385
508 1385 2439
1425 1609 1754
1754 1425 1609
1609 1425 1754
321 1853 2164
1853 321 2164
2164 321 1853
2222 1772 2466
1772 2222 2466
2466 1772 2222
465 309 2849
2849 309 465
309 465 2849
2836 166 2777
2777 166 2836
166 2777 2836
1639 29 2683
29 1639 2683
2683 29 1639
2054 626 2813
626 2054 2813
2813 626 2054
1612 408 2387
408 1612 2387
2387 408 1612
1734 512 2825
512 1734 2825
2825 512 1734
1951 1580 2089
1580 1951 2089
2089 1580 1951
89 423 2154
2154 89 423
423 89 2154
193 663 2523
2523 193 663
663 193 2523
1139 1463 2506
1463 1139 2506
2506 1139 1463
2890 1603 1869
1603 1869 2890
1869 1603 2890
2540 734 1323
1323 734 2540
734 1323 2540
1273 2375 2692
2375 1273 2692
2692 1273 2375
2309 986 2421
2421 986 2309
986 2309 2421
531 824 1331
1331 531 824
824 531 1331
1890 535 655
655 535 1890
535 655 1890
2004 432 1928
1928 432 2004
432 1928 2004
1506 2275 2795
2275 1506 2795
2795 1506 2275
2110 116 1930
116 1930 2110
1930 116 2110
1200 946 1364
946 1200 1364
1364 946 1200
2591 201 381
201 381 2591
381 201 2591
1706 121 2981
2981 121 1706
121 1706 2981
1280 862 1874
862 1280 1874
1874 862 1280
2262 1789 2445
1789 2262 2445
2445 1789 2262
2162 892 2158
892 2158 2162
2158 892 2162
713 150 2720
2720 150 713
150 713 2720
2709 1229 2260
1229 2260 2709
2260 1229 2709
707 240 2930
240 707 2930
2930 240 707
2047 264 1397
264 1397 2047
1397 264 2047
1583 872 2967
872 1583 2967
2967 872 1583
1360 347 731
731 347 1360
347 731 1360
1269 2460 2987
2987 1269 2460
2460 1269 2987
1677 565 719
565 719 1677
719 565 1677
2572 1680 2239
2239 1680 2572
1680 2239 2572
2171 1274 2246
2246 1274 2171
1274 2171 2246
1767 702 2243
2243 702 1767
702 1767 2243
172 661 1926
1926 172 661
661 172 1926
2196 608 1245
1245 608 2196
608 1245 2196
156 2899 2940
2899 156 2940
2940 156 2899
2979 179 2157
179 2157 2979
2157 179 2979
1152 425 1396
425 1152 1396
1396 425 1152
1851 631 1903
1903 631 1851
631 1851 1903
2233 1774 2032
1774 2032 2233
2032 1774 2233
882 852 1735
1735 852 882
852 882 1735
2072 1260 2505
2505 1260 2072
1260 2072 2505
1069 1067 2236
2236 1067 1069
1067 1069 2236
1238 587 2052
2052 587 1238
587 1238 2052
490 639 1906
639 490 1906
1906 490 639
239 339 2271
2271 239 339
339 239 2271
1947 1310 1831
1831 1310 1947
1310 1831 1947
287 922 2808
2808 287 922
922 287 2808
2152 485 863
863 485 2152
485 863 2152
300 1366 2361
2361 300 1366
1366 300 2361
1841 49 673
49 673 1841
673 49 1841
2766 1247 2060
2060 1247 2766
1247 2060 2766
1379 2170 2206
2206 1379 2170
2170 1379 2206
1105 342 479
479 342 1105
342 479 1105
2457 1724 2512
2512 1724 2457
1724 2457 2512
1430 15 1060
15 1060 1430
1060 15 1430
1037 1178 2667
2667 1037 1178
1178 1037 2667
434 859 1862
859 434 1862
1862 434 859
1649 880 1300
1300 880 1649
880 1300 1649
330 483 736
483 330 736
736 330 483
2964 633 2562
2562 633 2964
633 2562 2964
2228 1384 1814
1384 1814 2228
1814 1384 2228
1679 259 2677
259 1679 2677
2677 259 1679
1492 100 2129
2129 100 1492
100 1492 2129
394 861 1764
1764 394 861
861 394 1764
2208 720 1054
720 1054 2208
1054 720 2208
1019 484 1817
1817 484 1019
484 1019 1817
2975 1879 2894
2894 1879 2975
1879 2894 2975
949 127 1718
127 949 1718
1718 127 949
1102 1716 2958
1716 1102 2958
2958 1102 1716
2404 1030 2498
2498 1030 2404
1030 2404 2498
2023 640 1288
640 1288 2023
1288 640 2023
151 1075 2331
1075 151 2331
2331 151 1075
2670 1191 1283
1191 1283 2670
1283 1191 2670
1484 958 1195
1195 958 1484
958 1195 1484
314 273 558
558 273 314
273 314 558
2257 1876 2041
2041 1876 2257
1876 2041 2257
1797 1302 1796
1796 1302 1797
1302 1796 1797
935 1267 1896
1267 935 1896
1896 935 1267
2411 265 1281
1281 265 2411
265 1281 2411
1641 574 2453
574 1641 2453
2453 574 1641
2244 80 1416
1416 80 2244
80 1416 2244
390 2092 2637
2092 390 2637
2637 390 2092
1407 1159 1921
1921 1159 1407
1159 1407 1921
2560 1834 2905
1834 2560 2905
2905 1834 2560
1253 1731 1794
1794 1253 1731
1731 1253 1794
716 237 1291
1291 237 716
237 716 1291
1606 2320 2502
2320 1606 2502
2502 1606 2320
679 88 1441
88 679 1441
1441 88 679
2812 1839 2069
1839 2069 2812
2069 1839 2812
38 2017 2085
2085 38 2017
2017 38 2085
1232 977 2440
977 1232 2440
2440 977 1232
1115 1989 2928
2928 1115 1989
1989 1115 2928
70 537 2253
2253 70 537
537 70 2253
792 1313 2185
1313 792 2185
2185 792 1313
1547 962 1525
1525 962 1547
962 1525 1547
1508 387 418
387 418 1508
418 387 1508
1540 1867 2140
1867 1540 2140
2140 1540 1867
2027 1029 1546
1029 1546 2027
1546 1029 2027
2666 174 939
939 174 2666
174 939 2666
2096 2634 2840
2840 2096 2634
2634 2096 2840
1669 1475 2298
1475 1669 2298
2298 1475 1669
2130 647 1333
1333 647 2130
647 1333 2130
336 2350 2804
2804 336 2350
2350 336 2804
998 1348 1849
1348 998 1849
1849 998 1348
2660 416 2381
416 2381 2660
2381 416 2660
1518 1859 2249
2249 1518 1859
1859 1518 2249
2341 1664 2687
1664 2341 2687
2687 1664 2341
1942 281 319
319 281 1942
281 319 1942
1983 1322 1346
1322 1346 1983
1346 1322 1983
1946 2002 2729
2002 1946 2729
2729 1946 2002
685 509 2055
509 685 2055
2055 509 685
1642 896 1467
896 1467 1642
1467 896 1642
1127 1633 2392
1633 1127 2392
2392 1127 1633
844 493 2197
493 844 2197
2197 493 844
839 157 1196
157 839 1196
1196 157 839
44 129 135
135 44 129
129 44 135
1040 526 1542
1542 526 1040
526 1040 1542
699 1626 1932
1932 699 1626
1626 699 1932
1026 17 1216
17 1026 1216
1216 17 1026
2862 1658 2142
1658 2142 2862
2142 1658 2862
722 343 2902
2902 343 722
343 722 2902
1681 152 1415
1415 152 1681
152 1415 1681
669 195 1991
195 669 1991
1991 195 669
1945 825 2415
2415 825 1945
825 1945 2415
63 808 2486
808 63 2486
2486 63 808
2668 110 2579
110 2579 2668
2579 110 2668
1452 1309 2504
1309 1452 2504
2504 1309 1452
1690 1270 1781
1781 1270 1690
1270 1690 1781
202 562 1194
1194 202 562
562 202 1194
2684 403 1843
403 1843 2684
1843 403 2684
1053 138 2519
2519 138 1053
138 1053 2519
516 1873 2237
2237 516 1873
1873 516 2237
2366 257 557
557 257 2366
257 557 2366
2655 1845 1975
1845 1975 2655
1975 1845 2655
2750 2605 2615
2605 2615 2750
2615 2605 2750
2363 662 1370
1370 662 2363
662 1370 2363
2124 1604 1771
1604 1771 2124
1771 1604 2124
2842 1005 1133
1133 1005 2842
1005 1133 2842
992 143 2203
143 992 2203
2203 143 992
2508 683 2719
2719 683 2508
683 2508 2719
555 1390 2013
2013 555 1390
1390 555 2013
701 2353 2520
2520 701 2353
2353 701 2520
1587 783 1282
783 1282 1587
1282 783 1587
1150 62 353
62 353 1150
353 62 1150
2242 1371 2227
1371 2227 2242
2227 1371 2242
2619 415 1218
415 1218 2619
1218 415 2619
1387 708 2071
2071 708 1387
708 1387 2071
1033 2150 2971
2150 1033 2971
2971 1033 2150
496 2474 2586
2474 496 2586
2586 496 2474
1712 1248 2966
1248 1712 2966
2966 1248 1712
1699 625 1132
1132 625 1699
625 1132 1699
1515 943 1940
943 1515 1940
1940 943 1515
1373 23 1982
23 1373 1982
1982 23 1373
1264 1939 2542
1939 1264 2542
2542 1264 1939
1793 337 2722
337 1793 2722
2722 337 1793
1107 73 994
73 994 1107
994 73 1107
444 2293 2817
2293 444 2817
2817 444 2293
64 649 911
649 64 911
911 64 649
364 77 966
966 77 364
77 364 966
2073 1568 2903
2903 1568 2073
1568 2073 2903
1766 1922 2477
2477 1766 1922
1922 1766 2477
2461 1573 2367
2367 1573 2461
1573 2367 2461
1389 2494 2879
2879 1389 2494
2494 1389 2879
2240 1747 2650
2650 1747 2240
1747 2240 2650
2472 1538 2525
2525 1538 2472
1538 2472 2525
1805 1250 2652
2652 1250 1805
1250 1805 2652
223 515 2598
2598 223 515
515 223 2598
2549 363 976
976 363 2549
363 976 2549
576 324 2727
324 576 2727
2727 324 576
652 1632 2430
2430 652 1632
1632 652 2430
553 1473 2534
1473 553 2534
2534 553 1473
1093 447 1644
447 1093 1644
1644 447 1093
750 524 2957
524 750 2957
2957 524 750
2443 1042 1733
1733 1042 2443
1042 1733 2443
260 532 1657
1657 260 532
532 260 1657
1055 974 1198
1198 974 1055
974 1055 1198
2099 2289 2752
2289 2099 2752
2752 2099 2289
153 2020 2388
2020 153 2388
2388 153 2020
2342 1544 1702
1544 1702 2342
1702 1544 2342
350 39 1798
1798 39 350
39 350 1798
1110 761 2075
2075 761 1110
761 1110 2075
909 443 2510
443 909 2510
2510 443 909
5 2127 2921
2127 5 2921
2921 5 2127
1683 348 1776
348 1683 1776
1776 348 1683
2205 1516 2146
2146 1516 2205
1516 2146 2205
1044 34 1950
1950 34 1044
34 1044 1950
1812 1494 1779
1779 1494 1812
1494 1779 1812
2215 1479 1491
1491 1479 2215
1479 1491 2215
658 1275 1412
1275 658 1412
1412 658 1275
371 1326 1462
1462 371 1326
1326 371 1462
376 71 1134
71 376 1134
1134 71 376
331 725 2496
2496 331 725
725 331 2496
832 269 545
545 269 832
269 545 832
952 2021 2942
2942 952 2021
2021 952 2942
1701 1445 2218
2218 1445 1701
1445 1701 2218
1435 113 1555
1555 113 1435
113 1435 1555
328 617 2276
617 328 2276
2276 328 617
2335 1534 2063
1534 2063 2335
2063 1534 2335
2889 487 890
890 487 2889
487 890 2889
2877 181 1608
181 1608 2877
1608 181 2877
311 1171 2593
2593 311 1171
1171 311 2593
2759 549 2000
2000 549 2759
549 2000 2759
1558 584 2909
584 1558 2909
2909 584 1558
934 1320 2793
1320 934 2793
2793 934 1320
1175 1570 2810
1570 1175 2810
2810 1175 1570
592 2435 2459
2435 592 2459
2459 592 2435
923 318 534
534 318 923
318 534 923
200 2548 2843
2548 200 2843
2843 200 2548
307 1661 2166
1661 307 2166
2166 307 1661
551 448 1513
1513 448 551
448 551 1513
2673 112 904
904 112 2673
112 904 2673
2159 926 1988
926 1988 2159
1988 926 2159
358 1003 2031
2031 358 1003
1003 358 2031
506 30 2895
30 506 2895
2895 30 506
2543 2296 2626
2296 2543 2626
2626 2296 2543
1995 942 2360
942 1995 2360
2360 942 1995
1124 278 2723
278 1124 2723
2723 278 1124
2574 1670 2212
2212 1670 2574
1670 2212 2574
1877 1645 2747
1645 1877 2747
2747 1645 1877
1239 115 1648
1648 115 1239
115 1239 1648
2653 2763 2931
2763 2653 2931
2931 2653 2763
1892 189 1748
1748 189 1892
189 1748 1892
502 1024 2575
1024 502 2575
2575 502 1024
2107 451 1119
1119 451 2107
451 1119 2107
724 185 1316
1316 185 724
185 724 1316
454 596 1244
1244 454 596
596 454 1244
2518 2182 2702
2702 2182 2518
2182 2518 2702
352 11 1860
1860 11 352
11 352 1860
1854 221 798
798 221 1854
221 798 1854
375 1077 1913
1913 375 1077
1077 375 1913
2796 47 2551
2551 47 2796
47 2551 2796
842 59 1443
59 842 1443
1443 59 842
1399 822 2076
2076 822 1399
822 1399 2076
1197 1082 1455
1082 1197 1455
1455 1082 1197
2201 40 1742
1742 40 2201
40 1742 2201
1923 1621 1672
1621 1672 1923
1672 1621 1923
520 1537 1832
1832 520 1537
1537 520 1832
1595 164 480
164 480 1595
480 164 1595
2938 1909 2805
2805 1909 2938
1909 2805 2938
2950 76 2049
76 2049 2950
2049 76 2950
1469 1068 1249
1249 1068 1469
1068 1249 1469
1400 1786 1992
1992 1400 1786
1786 1400 1992
615 1840 2420
2420 615 1840
1840 615 2420
1829 158 2108
2108 158 1829
158 1829 2108
299 646 2074
646 299 2074
2074 299 646
900 519 2306
2306 519 900
519 900 2306
1328 1297 2104
2104 1297 1328
1297 1328 2104
439 1189 2604
2604 439 1189
1189 439 2604
1652 402 1465
1465 402 1652
402 1465 1652
712 581 1762
581 712 1762
1762 581 712
445 1727 2969
2969 445 1727
1727 445 2969
2769 950 1800
1800 950 2769
950 1800 2769
433 401 1501
401 433 1501
1501 401 433
106 867 2659
867 106 2659
2659 106 867
2448 14 2854
2854 14 2448
14 2448 2854
2088 2507 2515
2515 2088 2507
2507 2088 2515
235 1885 2875
1885 235 2875
2875 235 1885
2952 1023 1186
1186 1023 2952
1023 1186 2952
2798 1899 2179
1899 2179 2798
2179 1899 2798
2608 806 2484
2484 806 2608
806 2484 2608
805 643 2697
2697 643 805
643 805 2697
1954 51 1402
1402 51 1954
51 1402 1954
815 561 2137
2137 561 815
561 815 2137
2691 90 2868
2868 90 2691
90 2691 2868
938 1174 1980
1980 938 1174
1174 938 1980
1737 2029 2537
2537 1737 2029
2029 1737 2537
1439 1081 2252
1081 1439 2252
2252 1081 1439
1977 2713 2914
2914 1977 2713
2713 1977 2914
2223 228 284
284 228 2223
228 284 2223
1801 585 2568
2568 585 1801
585 1801 2568
2427 95 929
929 95 2427
95 929 2427
1386 2716 2891
2716 1386 2891
2891 1386 2716
1342 25 1960
25 1342 1960
1960 25 1342
1739 514 2924
514 1739 2924
2924 514 1739
2960 42 1713
1713 42 2960
42 1713 2960
323 742 1160
742 323 1160
1160 323 742
2937 869 2628
869 2628 2937
2628 869 2937
1605 878 2616
878 1605 2616
2616 878 1605
2983 45 359
359 45 2983
45 359 2983
980 1881 2225
2225 980 1881
1881 980 2225
2859 155 1959
155 1959 2859
1959 155 2859
794 1166 1566
1566 794 1166
1166 794 1566
686 1392 2787
2787 686 1392
1392 686 2787
1535 559 2084
559 1535 2084
2084 559 1535
2034 1179 2710
1179 2034 2710
2710 1179 2034
1536 436 1883
436 1536 1883
1883 436 1536
984 1220 1357
1357 984 1220
1220 984 1357
2871 69 1094
1094 69 2871
69 1094 2871
755 612 2904
612 755 2904
2904 612 755
229 1850 1897
1850 229 1897
1897 229 1850
744 1775 1825
1825 744 1775
1775 744 1825
1643 530 644
644 530 1643
530 644 1643
1444 1121 2583
2583 1121 1444
1121 1444 2583
624 1423 2501
2501 624 1423
1423 624 2501
1436 2238 2531
2531 1436 2238
2238 1436 2531
1667 133 1319
1319 133 1667
133 1319 1667
2790 1048 2874
2874 1048 2790
1048 2790 2874
1456 2121 2235
2235 1456 2121
2121 1456 2235
145 1084 2806
1084 145 2806
2806 145 1084
2526 1755 2915
2915 1755 2526
1755 2526 2915
671 1458 2580
1458 671 2580
2580 671 1458
2015 2744 2901
2744 2015 2901
2901 2015 2744
1388 785 1120
1120 785 1388
785 1120 1388
424 212 767
767 212 424
212 424 767
104 1355 2048
1355 104 2048
2048 104 1355
1314 2639 2799
2639 1314 2799
2799 1314 2639
2809 601 1446
1446 601 2809
601 1446 2809
2224 6 2437
6 2224 2437
2437 6 2224
188 2172 2828
2172 188 2828
2828 188 2172
523 329 1777
1777 329 523
329 523 1777
1130 759 2357
2357 759 1130
759 1130 2357
2529 481 2700
481 2529 2700
2700 481 2529
2153 1865 2636
2636 1865 2153
1865 2153 2636
1749 656 1586
1586 656 1749
656 1586 1749
820 482 2645
482 820 2645
2645 482 820
1560 2114 2294
2294 1560 2114
2114 1560 2294
1304 868 2278
868 1304 2278
2278 868 1304
1164 165 2761
165 1164 2761
2761 165 1164
2449 1012 1889
1889 1012 2449
1012 1889 2449
638 461 1182
461 638 1182
1182 461 638
2767 690 2867
2867 690 2767
690 2767 2867
2617 2007 2287
2007 2287 2617
2287 2007 2617
899 774 1290
1290 774 899
774 899 1290
2286 1952 1964
1964 1952 2286
1952 1964 2286
1368 231 2535
2535 231 1368
231 1368 2535
2190 232 2173
232 2173 2190
2173 232 2190
128 730 2984
730 128 2984
2984 128 730
1725 1276 2811
1276 1725 2811
2811 1276 1725
954 857 953
953 857 954
857 953 954
406 499 1117
499 406 1117
1117 406 499
1500 244 1347
1347 244 1500
244 1347 1500
1135 704 2255
2255 704 1135
704 1135 2255
1770 293 1224
293 1224 1770
1224 293 1770
2037 594 2996
594 2037 2996
2996 594 2037
1791 1006 2045
1006 1791 2045
2045 1006 1791
838 1660 1668
1668 838 1660
1660 838 1668
851 1128 1597
1128 851 1597
1597 851 1128
810 1066 1403
1403 810 1066
1066 810 1403
417 1673 2600
2600 417 1673
1673 417 2600
1929 148 2290
148 1929 2290
2290 148 1929
1460 1527 2573
1527 1460 2573
2573 1460 1527
1695 173 2621
2621 173 1695
173 1695 2621
2250 2566 2893
2566 2250 2893
2893 2250 2566
405 120 1013
120 405 1013
1013 120 405
455 957 1565
957 455 1565
1565 455 957
659 597 1655
1655 597 659
597 659 1655
2846 335 1912
335 1912 2846
1912 335 2846
2321 2050 2696
2050 2321 2696
2696 2050 2321
1698 963 1111
1111 963 1698
963 1111 1698
2855 1106 2008
1106 2008 2855
2008 1106 2855
2138 758 2292
2292 758 2138
758 2138 2292
2522 848 2348
848 2348 2522
2348 848 2522
715 741 765
765 715 741
741 715 765
407 1184 2399
1184 407 2399
2399 407 1184
1308 2821 2918
2821 1308 2918
2918 1308 2821
968 1287 1717
1717 968 1287
1287 968 1717
2789 326 1087
326 1087 2789
1087 326 2789
2557 83 2126
83 2126 2557
2126 83 2557
2241 154 1623
1623 154 2241
154 1623 2241
1284 2432 2782
2432 1284 2782
2782 1284 2432
1818 776 987
776 987 1818
987 776 1818
177 1422 2193
2193 177 1422
1422 177 2193
1901 1572 2872
1572 1901 2872
2872 1572 1901
1861 568 1038
1038 568 1861
568 1038 1861
546 1577 1993
1993 546 1577
1577 546 1993
2248 8 2221
2221 8 2248
8 2221 2248
763 2771 2880
2880 763 2771
2771 763 2880
1552 249 540
540 249 1552
249 540 1552
906 2028 2757
2028 906 2757
2757 906 2028
2111 1064 1361
1361 1064 2111
1064 1361 2111
2788 1223 2112
2112 1223 2788
1223 2112 2788
2980 1902 2043
2043 1902 2980
1902 2043 2980
2735 1113 1708
1113 1708 2735
1708 1113 2735
217 2211 2538
2538 217 2211
2211 217 2538
2145 456 1375
456 1375 2145
1375 456 2145
2022 1556 2569
1556 2022 2569
2569 1556 2022
297 1634 2362
2362 297 1634
1634 297 2362
2465 252 610
610 252 2465
252 610 2465
591 1520 2688
1520 591 2688
2688 591 1520
614 709 1272
709 614 1272
1272 614 709
603 2295 2829
2295 603 2829
2829 603 2295
290 1759 2772
1759 290 2772
2772 290 1759
2180 373 2495
2495 373 2180
373 2180 2495
593 648 807
807 593 648
648 593 807
1726 1162 1581
1581 1162 1726
1162 1581 1726
2785 2400 2536
2400 2536 2785
2536 2400 2785
58 2599 2923
2923 58 2599
2599 58 2923
1395 637 1528
1528 637 1395
637 1395 1528
1625 369 2819
2819 369 1625
369 1625 2819
1761 2272 2433
2272 1761 2433
2433 1761 2272
528 2135 2951
2135 528 2951
2951 528 2135
1613 160 2556
2556 160 1613
160 1613 2556
2285 571 1519
1519 571 2285
571 1519 2285
2370 1352 2351
2351 1352 2370
1352 2351 2370
1751 1675 2039
2039 1675 1751
1675 1751 2039
2346 459 529
529 459 2346
459 529 2346
56 664 1758
664 56 1758
1758 56 664
1453 72 1823
72 1453 1823
1823 72 1453
1172 1147 1554
1147 1172 1554
1554 1147 1172
728 550 2678
2678 550 728
550 728 2678
2416 510 2681
510 2416 2681
2681 510 2416
959 739 1085
1085 739 959
739 959 1085
2455 1409 1653
1409 1653 2455
1653 1409 2455
1367 563 2016
563 1367 2016
2016 563 1367
1221 46 797
46 797 1221
797 46 1221
475 207 446
446 207 475
207 446 475
1692 9 2832
9 1692 2832
2832 9 1692
2229 84 388
84 388 2229
388 84 2229
2468 1205 1968
1205 1968 2468
1968 1205 2468
622 876 2338
2338 622 876
876 622 2338
2087 1207 2118
2118 1207 2087
1207 2087 2118
1637 196 317
196 317 1637
317 196 1637
1021 2797 2912
2912 1021 2797
2797 1021 2912
886 126 556
126 556 886
556 126 886
1684 1437 2186
1437 1684 2186
2186 1437 1684
2210 357 1750
357 1750 2210
1750 357 2210
1233 140 2174
140 1233 2174
2174 140 1233
1521 548 1907
548 1521 1907
1907 548 1521
1022 427 2800
2800 427 1022
427 1022 2800
2707 620 2746
620 2707 2746
2746 620 2707
940 412 1714
1714 412 940
412 940 1714
1971 1765 2097
2097 1765 1971
1765 1971 2097
1028 768 2231
2231 768 1028
768 1028 2231
1997 600 2451
2451 600 1997
600 1997 2451
2546 132 176
176 132 2546
132 176 2546
130 2717 2970
2970 130 2717
2717 130 2970
92 1426 2614
2614 92 1426
1426 92 2614
735 582 1585
582 735 1585
1585 582 735
1870 18 2333
2333 18 1870
18 1870 2333
1227 322 1824
322 1227 1824
1824 322 1227
3000 511 1481
511 1481 3000
1481 511 3000
303 209 1414
1414 209 303
209 303 1414
629 67 748
748 67 629
67 629 748
2726 2711 2887
2887 2711 2726
2711 2726 2887
2532 144 291
144 291 2532
291 144 2532
1630 1213 2860
2860 1213 1630
1213 1630 2860
2760 149 875
149 875 2760
875 149 2760
1615 108 449
108 449 1615
449 108 1615
1277 1417 2680
2680 1277 1417
1417 1277 2680
717 270 2724
270 717 2724
2724 270 717
621 542 2734
542 621 2734
2734 542 621
1941 1830 2209
1830 1941 2209
2209 1830 1941
1578 860 1914
860 1578 1914
1914 860 1578
2850 2386 2589
2589 2386 2850
2386 2589 2850
1266 965 1811
965 1266 1811
1811 965 1266
590 1990 2490
2490 590 1990
1990 590 2490
2144 999 1011
1011 999 2144
999 1011 2144
97 944 2784
944 97 2784
2784 97 944
577 1622 2993
2993 577 1622
1622 577 2993
1996 1614 2555
1614 1996 2555
2555 1614 1996
2419 27 1610
27 1610 2419
1610 27 2419
1900 1503 1915
1503 1900 1915
1915 1503 1900
2934 1894 2995
1894 2934 2995
2995 1894 2934
1406 161 1334
1334 161 1406
161 1334 1406
2831 292 2352
2352 292 2831
292 2352 2831
2977 93 995
995 93 2977
93 995 2977
1041 941 1963
1963 941 1041
941 1041 1963
1486 1345 1838
1838 1345 1486
1345 1486 1838
1327 696 2483
696 1327 2483
2483 696 1327
1740 1795 2332
1795 1740 2332
2332 1740 1795
1710 1618 2648
2648 1618 1710
1618 1710 2648
382 827 2686
2686 382 827
827 382 2686
2311 53 68
68 53 2311
53 68 2311
2452 2738 2822
2822 2452 2738
2738 2452 2822
1163 1485 2926
2926 1163 1485
1485 1163 2926
2310 1202 2647
1202 2310 2647
2647 1202 2310
1354 1730 2907
1730 1354 2907
2907 1354 1730
1895 1381 1383
1383 1381 1895
1381 1383 1895
2954 1088 1949
1088 1949 2954
1949 1088 2954
312 245 380
245 312 380
380 245 312
2587 866 967
967 866 2587
866 967 2587
913 710 1157
1157 710 913
710 913 1157
2674 477 2307
2307 477 2674
477 2307 2674
1592 1340 2080
2080 1340 1592
1340 1592 2080
2997 213 2561
2561 213 2997
213 2561 2997
2326 1104 1489
1489 1104 2326
1104 1489 2326
517 1529 2818
1529 517 2818
2818 517 1529
2014 1156 1549
1549 1156 2014
1156 1549 2014
2733 2091 2649
2091 2649 2733
2649 2091 2733
1738 1027 2476
2476 1027 1738
1027 1738 2476
214 1524 2920
1524 214 2920
2920 214 1524
1651 1219 2491
2491 1219 1651
1219 1651 2491
2939 2563 2986
2563 2939 2986
2986 2563 2939
1868 1073 2058
2058 1073 1868
1073 1868 2058
1842 1856 2417
1856 1842 2417
2417 1842 1856
543 501 1819
501 543 1819
1819 501 543
1193 605 1335
605 1193 1335
1335 605 1193
1454 1206 2115
2115 1206 1454
1206 1454 2115
602 305 1099
1099 305 602
305 602 1099
681 979 2794
2794 681 979
979 681 2794
908 441 902
441 902 908
902 441 908
1343 1210 2861
2861 1210 1343
1210 1343 2861
2625 1784 1961
1961 1784 2625
1784 1961 2625
2544 845 2026
2026 845 2544
845 2026 2544
197 1468 2633
1468 197 2633
2633 197 1468
1243 123 809
123 809 1243
809 123 1243
2136 208 310
310 208 2136
208 310 2136
2642 680 828
828 680 2642
680 828 2642
947 2025 2988
2025 947 2988
2988 947 2025
2006 124 2609
2609 124 2006
124 2006 2609
642 1122 2571
1122 642 2571
2571 642 1122
2204 497 1325
1325 497 2204
497 1325 2204
2721 816 2056
816 2056 2721
2056 816 2721
2663 846 1891
846 1891 2663
1891 846 2663
2741 2273 2665
2273 2665 2741
2665 2273 2741
920 1305 2155
2155 920 1305
1305 920 2155
1919 243 2393
2393 243 1919
243 1919 2393
1461 1118 1125
1125 1118 1461
1118 1125 1461
227 1526 2801
2801 227 1526
1526 227 2801
894 302 853
302 853 894
853 302 894
2418 226 1339
226 1339 2418
1339 226 2418
1826 1419 1522
1522 1419 1826
1419 1522 1826
1014 280 814
814 280 1014
280 814 1014
141 2102 2407
2407 141 2102
2102 141 2407
670 1490 1741
1741 670 1490
1490 670 1741
332 2479 2978
2479 332 2978
2978 332 2479
1965 48 2279
48 1965 2279
2279 48 1965
1807 1709 2695
2695 1709 1807
1709 1807 2695
1646 891 1567
1567 891 1646
891 1567 1646
547 1863 1969
1863 547 1969
1969 547 1863
1356 426 2156
2156 426 1356
426 1356 2156
2936 790 1686
790 1686 2936
1686 790 2936
271 2712 2965
2965 271 2712
2712 271 2965
1596 751 2682
751 1596 2682
2682 751 1596
1828 676 2199
2199 676 1828
676 1828 2199
518 1413 2313
2313 518 1413
1413 518 2313
391 1697 2576
1697 391 2576
2576 391 1697
2629 102 1151
1151 102 2629
102 1151 2629
1820 928 2090
928 1820 2090
2090 928 1820
7 841 2128
841 7 2128
2128 7 841
1018 1359 2756
2756 1018 1359
1359 1018 2756
933 170 2385
170 933 2385
2385 170 933
2258 397 2959
397 2258 2959
2959 397 2258
835 1904 2640
1904 835 2640
2640 835 1904
881 1564 1804
1564 881 1804
1804 881 1564
2446 1579 1943
1943 1579 2446
1579 1943 2446
703 1137 2693
2693 703 1137
1137 703 2693
2602 421 1076
1076 421 2602
421 1076 2602
2267 823 2489
823 2267 2489
2489 823 2267
1821 1498 2317
1498 1821 2317
2317 1498 1821
569 1138 1593
1138 569 1593
1593 569 1138
1332 2194 2740
2740 1332 2194
2194 1332 2740
1700 864 895
864 895 1700
895 864 1700
836 700 1510
700 836 1510
1510 700 836
983 818 2533
2533 818 983
818 983 2533
1882 931 2403
2403 931 1882
931 1882 2403
2467 668 2473
2473 668 2467
668 2467 2473
1434 745 2061
745 1434 2061
2061 745 1434
33 61 1654
1654 33 61
61 33 1654
2408 2454 2802
2802 2408 2454
2454 2408 2802
2823 1693 2753
2753 1693 2823
1693 2753 2823
2773 560 2807
2807 560 2773
560 2773 2807
2644 1059 1212
1212 1059 2644
1059 1212 2644
1350 778 2299
778 1350 2299
2299 778 1350
66 1398 2083
2083 66 1398
1398 66 2083
650 2848 2884
2884 650 2848
2848 650 2884
885 1938 2141
1938 885 2141
2141 885 1938
134 1472 2945
1472 134 2945
2945 134 1472
282 1065 1837
1065 282 1837
1837 282 1065
960 1109 1561
1109 960 1561
1561 960 1109
2706 971 1911
971 1911 2706
1911 971 2706
1145 2103 2355
2103 1145 2355
2355 1145 2103
1694 969 1792
969 1694 1792
1792 969 1694
1428 1591 2656
1591 1428 2656
2656 1428 1591
2264 1616 2631
2631 1616 2264
1616 2264 2631
368 1050 1809
1809 368 1050
1050 368 1809
452 367 2464
367 452 2464
2464 367 452
632 392 2998
2998 392 632
392 632 2998
1256 2428 2927
2927 1256 2428
2428 1256 2927
718 1261 2991
1261 718 2991
2991 718 1261
1720 32 168
168 32 1720
32 168 1720
762 982 1002
1002 762 982
982 762 1002
2657 1035 1330
1330 1035 2657
1035 1330 2657
706 107 1185
1185 107 706
107 706 1185
1691 2010 2438
2438 1691 2010
2010 1691 2438
937 296 756
756 296 937
296 756 937
1170 467 2624
2624 467 1170
467 1170 2624
2857 630 1168
1168 630 2857
630 1168 2857
258 873 1237
1237 258 873
873 258 1237
660 812 843
843 660 812
812 660 843
607 1756 2779
2779 607 1756
1756 607 2779
2886 1650 2492
2492 1650 2886
1650 2492 2886
146 1448 2078
2078 146 1448
1448 146 2078
50 400 2835
2835 50 400
400 50 2835
1039 65 2882
65 1039 2882
2882 65 1039
2065 1393 2913
2913 1393 2065
1393 2065 2913
692 1007 1031
1007 692 1031
1031 692 1007
1257 2661 2917
2917 1257 2661
2661 1257 2917
2601 1086 2968
1086 2601 2968
2968 1086 2601
2943 775 2480
775 2480 2943
2480 775 2943
1594 578 2876
578 1594 2876
2876 578 1594
1757 355 2220
2220 355 1757
355 1757 2220
1619 247 2919
247 1619 2919
2919 247 1619
1089 1176 1499
1499 1089 1176
1176 1089 1499
2499 476 2005
476 2005 2499
2005 476 2499
1937 13 2149
13 1937 2149
2149 13 1937
789 2035 2564
2035 789 2564
2564 789 2035
2577 1240 2378
1240 2378 2577
2378 1240 2577
