77 30 2522
30 77 2522
2522 30 77
318 1240 2436
1240 318 2436
2436 318 1240
1946 1486 1724
1486 1724 1946
1724 1486 1946
20 273 2264
273 20 2264
2264 20 273
1384 1054 1359
1359 1054 1384
1054 1359 1384
1836 1673 2618
2618 1673 1836
1673 1836 2618
2139 1128 2809
2809 1128 2139
1128 2139 2809
1096 1768 2315
1768 1096 2315
2315 1096 1768
1138 1350 2687
2687 1138 1350
1350 1138 2687
1581 958 2929
2929 958 1581
958 1581 2929
970 1358 2479
2479 970 1358
1358 970 2479
880 1707 2368
1707 880 2368
2368 880 1707
1706 410 1574
1574 410 1706
410 1574 1706
1219 494 2341
2341 494 1219
494 1219 2341
486 2325 2963
2963 486 2325
2325 486 2963
390 280 853
280 390 853
853 280 390
2306 607 2093
2093 607 2306
607 2093 2306
551 1606 2502
2502 551 1606
1606 551 2502
2732 132 1434
1434 132 2732
132 1434 2732
2409 172 2947
172 2409 2947
2947 172 2409
2919 591 2318
2318 591 2919
591 2318 2919
2018 41 2491
2491 41 2018
41 2018 2491
1113 1155 2576
1155 1113 2576
2576 1113 1155
2287 373 1610
1610 373 2287
373 1610 2287
943 1782 2846
2846 943 1782
1782 943 2846
2459 2003 2142
2142 2003 2459
2003 2142 2459
2764 700 2899
2899 700 2764
700 2764 2899
2372 724 2138
2138 724 2372
724 2138 2372
2233 646 2042
646 2042 2233
2042 646 2233
840 2145 2676
2145 840 2676
2676 840 2145
2784 1843 2196
2196 1843 2784
1843 2196 2784
983 143 824
143 824 983
824 143 983
103 382 2600
2600 103 382
382 103 2600
2504 1293 1690
1690 1293 2504
1293 1690 2504
2217 1153 2790
1153 2217 2790
2790 1153 2217
2069 1368 1775
1775 1368 2069
1368 1775 2069
217 162 1149
162 217 1149
1149 162 217
407 435 1055
435 407 1055
1055 407 435
406 680 1716
1716 406 680
680 406 1716
2044 226 1519
1519 226 2044
226 1519 2044
2580 2336 2376
2376 2336 2580
2336 2376 2580
1980 936 2312
936 1980 2312
2312 936 1980
1230 481 980
980 481 1230
481 980 1230
1444 1362 2531
2531 1362 1444
1362 1444 2531
2910 1670 2901
2901 1670 2910
1670 2901 2910
1840 1767 1893
1893 1767 1840
1767 1840 1893
200 345 601
601 200 345
345 200 601
2882 135 1048
1048 135 2882
135 1048 2882
1154 1740 1871
1740 1154 1871
1871 1154 1740
1076 339 2290
339 1076 2290
2290 339 1076
1949 1701 1923
1923 1701 1949
1701 1923 1949
765 2059 2649
2059 765 2649
2649 765 2059
2159 1246 2663
1246 2159 2663
2663 1246 2159
2473 548 1549
548 1549 2473
1549 548 2473
2802 144 1620
1620 144 2802
144 1620 2802
2620 736 801
736 801 2620
801 736 2620
2785 2752 2792
2752 2785 2792
2792 2752 2785
367 697 2623
697 367 2623
2623 367 697
954 1990 2285
2285 954 1990
1990 954 2285
2094 554 1042
554 1042 2094
1042 554 2094
935 2110 2944
2110 935 2944
2944 935 2110
240 2483 2550
2550 240 2483
2483 240 2550
2120 1725 2155
2155 1725 2120
1725 2120 2155
2750 423 528
528 423 2750
423 528 2750
1378 1546 1968
1968 1378 1546
1546 1378 1968
359 2183 2361
2183 359 2361
2361 359 2183
2130 80 1947
1947 80 2130
80 1947 2130
838 65 260
260 65 838
65 260 838
1644 11 691
11 691 1644
691 11 1644
1196 1300 1713
1300 1196 1713
1713 1196 1300
42 855 2335
2335 42 855
855 42 2335
2834 270 2179
270 2179 2834
2179 270 2834
1737 1467 2460
2460 1467 1737
1467 1737 2460
1924 1010 2014
1010 1924 2014
2014 1010 1924
2301 1723 2794
1723 2301 2794
2794 1723 2301
150 238 1655
238 150 1655
1655 150 238
2943 1406 2997
2997 1406 2943
1406 2943 2997
509 1 841
841 1 509
1 509 841
2829 1032 2786
2786 1032 2829
1032 2786 2829
2082 1231 1269
1231 1269 2082
1269 1231 2082
966 1973 2006
2006 966 1973
1973 966 2006
2800 961 1086
1086 961 2800
961 1086 2800
57 323 1658
323 57 1658
1658 57 323
1176 127 2590
2590 127 1176
127 1176 2590
2564 1346 2414
1346 2414 2564
2414 1346 2564
2791 626 1772
626 1772 2791
1772 626 2791
2725 903 1383
1383 903 2725
903 1383 2725
1407 317 1174
1174 317 1407
317 1174 1407
2762 1470 2918
2918 1470 2762
1470 2762 2918
1744 2092 2461
2461 1744 2092
2092 1744 2461
1282 1437 1514
1514 1282 1437
1437 1282 1514
262 168 1250
168 262 1250
1250 168 262
306 564 2051
2051 306 564
564 306 2051
806 1286 1958
1286 806 1958
1958 806 1286
625 327 420
327 420 625
420 327 625
1860 562 2975
2975 562 1860
562 1860 2975
1058 343 348
348 343 1058
343 348 1058
114 181 1110
181 114 1110
1110 114 181
847 763 2342
2342 763 847
763 847 2342
372 1125 2168
2168 372 1125
1125 372 2168
230 354 377
377 230 354
354 230 377
2297 137 1718
1718 137 2297
137 1718 2297
2737 977 1140
1140 977 2737
977 1140 2737
1517 733 876
733 876 1517
876 733 1517
2740 2508 2876
2876 2508 2740
2508 2740 2876
477 2716 2815
2815 477 2716
2716 477 2815
2065 2512 2514
2512 2065 2514
2514 2065 2512
139 584 2613
2613 139 584
584 139 2613
1341 159 2634
159 1341 2634
2634 159 1341
1084 1699 2969
2969 1084 1699
1699 1084 2969
2751 63 1088
1088 63 2751
63 1088 2751
2112 902 951
902 951 2112
951 902 2112
2426 555 1216
555 1216 2426
1216 555 2426
2749 421 1316
421 1316 2749
1316 421 2749
2938 1841 2474
1841 2474 2938
2474 1841 2938
1739 1144 2977
2977 1144 1739
1144 1739 2977
844 1285 2889
2889 844 1285
1285 844 2889
2296 1301 1714
1714 1301 2296
1301 1714 2296
1897 117 2357
2357 117 1897
117 1897 2357
134 246 1007
1007 134 246
246 134 1007
901 1268 2874
1268 901 2874
2874 901 1268
1776 511 1270
511 1270 1776
1270 511 1776
2225 2351 2411
2351 2225 2411
2411 2225 2351
1280 699 2077
699 1280 2077
2077 699 1280
1070 209 1890
1890 209 1070
209 1070 1890
524 657 2360
657 524 2360
2360 524 657
1262 1494 2979
1494 1262 2979
2979 1262 1494
513 2516 2991
2516 513 2991
2991 513 2516
1764 1585 1901
1585 1764 1901
1901 1585 1764
293 430 677
677 293 430
430 293 677
2819 92 2986
92 2819 2986
2986 92 2819
1220 1256 1472
1256 1220 1472
1472 1220 1256
2202 1784 2187
2187 1784 2202
1784 2187 2202
578 279 2117
2117 279 578
279 578 2117
1477 96 363
363 96 1477
96 363 1477
1904 1633 2209
2209 1633 1904
1633 1904 2209
1587 1111 2150
2150 1111 1587
1111 1587 2150
2490 911 1416
911 1416 2490
1416 911 2490
721 1232 1456
1456 721 1232
1232 721 1456
1685 963 2192
2192 963 1685
963 1685 2192
251 84 460
84 251 460
460 84 251
277 445 1989
445 277 1989
1989 277 445
429 1753 2338
2338 429 1753
1753 429 2338
2958 2090 2204
2090 2204 2958
2204 2090 2958
899 741 2247
741 899 2247
2247 741 899
2317 938 1553
1553 938 2317
938 1553 2317
2004 1421 2494
1421 2004 2494
2494 1421 2004
2076 1109 1295
1109 1295 2076
1295 1109 2076
2323 278 2241
278 2241 2323
2241 278 2323
712 2286 2710
2286 712 2710
2710 712 2286
514 1119 1978
1119 514 1978
1978 514 1119
1754 2010 2962
2010 1754 2962
2962 1754 2010
1752 1291 2175
1291 1752 2175
2175 1291 1752
1663 1822 1991
1991 1663 1822
1822 1663 1991
1803 1656 2148
1656 1803 2148
2148 1656 1803
2020 1199 1419
1419 1199 2020
1199 1419 2020
2071 793 1984
793 1984 2071
1984 793 2071
1311 1139 2913
1139 1311 2913
2913 1139 1311
1377 1071 1879
1071 1377 1879
1879 1071 1377
2165 1227 1328
1328 1227 2165
1227 1328 2165
171 1065 2519
1065 171 2519
2519 171 1065
557 118 2640
118 557 2640
2640 118 557
926 909 2652
909 926 2652
2652 909 926
32 1417 2153
2153 32 1417
1417 32 2153
1686 396 2906
396 1686 2906
2906 396 1686
2492 682 2379
2379 682 2492
682 2379 2492
826 669 2279
2279 669 826
669 826 2279
1021 91 2818
2818 91 1021
91 1021 2818
2231 1855 2724
1855 2231 2724
2724 1855 2231
2034 851 1889
851 1889 2034
1889 851 2034
2434 297 2636
2636 297 2434
297 2434 2636
1730 190 2188
190 1730 2188
2188 190 1730
711 100 1604
1604 100 711
100 711 1604
352 1458 2572
1458 352 2572
2572 352 1458
1241 1579 2135
1579 1241 2135
2135 1241 1579
679 141 1527
1527 141 679
141 679 1527
412 2303 2316
2303 412 2316
2316 412 2303
1590 1932 2458
2458 1590 1932
1932 1590 2458
463 1863 1869
1863 463 1869
1869 463 1863
602 1892 2346
1892 602 2346
2346 602 1892
206 1683 2965
2965 206 1683
1683 206 2965
991 468 2655
2655 468 991
468 991 2655
128 1077 2023
1077 128 2023
2023 128 1077
732 402 820
402 732 820
820 402 732
2685 992 2441
2441 992 2685
992 2441 2685
376 1309 1926
1926 376 1309
1309 376 1926
2453 957 1476
957 1476 2453
1476 957 2453
350 56 656
656 56 350
56 350 656
2606 174 1793
1793 174 2606
174 1793 2606
397 1823 2108
1823 397 2108
2108 397 1823
2734 1894 2601
1894 2601 2734
2601 1894 2734
1788 163 347
347 163 1788
163 347 1788
946 2561 2875
2561 946 2875
2875 946 2561
2993 586 2587
2587 586 2993
586 2587 2993
752 640 1245
1245 640 752
640 752 1245
1197 881 1513
881 1197 1513
1513 881 1197
2002 298 2627
2627 298 2002
298 2002 2627
2781 58 191
58 191 2781
191 58 2781
151 23 2128
23 151 2128
2128 23 151
2422 1105 1985
1985 1105 2422
1105 1985 2422
521 305 2278
305 521 2278
2278 305 521
1040 446 1616
1616 446 1040
446 1040 1616
906 232 1107
232 906 1107
1107 232 906
2061 1887 2808
1887 2061 2808
2808 1887 2061
1613 675 1761
1761 675 1613
675 1613 1761
2985 2126 2221
2221 2126 2985
2126 2221 2985
797 717 1304
1304 717 797
717 797 1304
2068 179 2549
2549 179 2068
179 2068 2549
609 1157 1954
1157 609 1954
1954 609 1157
1523 60 482
60 482 1523
482 60 1523
1596 1014 2343
2343 1014 1596
1014 1596 2343
785 1942 2909
1942 785 2909
2909 785 1942
428 947 1415
947 428 1415
1415 428 947
1305 1757 2024
1757 1305 2024
2024 1305 1757
2933 472 1013
472 1013 2933
1013 472 2933
1043 573 2900
2900 573 1043
573 1043 2900
2468 962 2843
2843 962 2468
962 2468 2843
467 2585 2707
2585 467 2707
2707 467 2585
2446 900 1343
900 1343 2446
1343 900 2446
839 755 2462
755 839 2462
2462 755 839
2465 928 2686
928 2465 2686
2686 928 2465
1498 2653 2807
2807 1498 2653
2653 1498 2807
2511 1202 2369
2369 1202 2511
1202 2369 2511
2096 388 475
388 475 2096
475 388 2096
1236 2540 2972
2540 1236 2972
2972 1236 2540
1615 330 1037
1037 330 1615
330 1037 1615
1635 9 2399
2399 9 1635
9 1635 2399
2352 233 663
233 663 2352
663 233 2352
24 1460 2293
2293 24 1460
1460 24 2293
974 2195 2527
2195 974 2527
2527 974 2195
2158 1760 2198
1760 2158 2198
2198 1760 2158
1401 405 2116
2116 405 1401
405 1401 2116
247 452 2720
452 247 2720
2720 247 452
2162 668 997
997 668 2162
668 997 2162
1151 257 1405
1405 257 1151
257 1151 1405
1813 2218 2525
2525 1813 2218
2218 1813 2525
1881 54 2281
54 1881 2281
2281 54 1881
1600 1569 2410
1569 1600 2410
2410 1569 1600
2821 365 456
456 365 2821
365 456 2821
1733 479 1133
1133 479 1733
479 1133 1733
568 1423 2988
2988 568 1423
1423 568 2988
1584 1374 1573
1573 1374 1584
1374 1573 1584
2011 1742 2608
1742 2011 2608
2608 1742 2011
2394 1755 1854
1854 1755 2394
1755 1854 2394
2622 685 2283
685 2283 2622
2283 685 2622
884 1312 1559
1312 884 1559
1559 884 1312
1504 1564 1651
1564 1504 1651
1651 1504 1564
1006 211 2382
2382 211 1006
211 1006 2382
1671 1388 2760
1388 1671 2760
2760 1388 1671
687 1983 2451
1983 687 2451
2451 687 1983
1162 813 1017
813 1017 1162
1017 813 1162
809 1265 1653
1265 809 1653
1653 809 1265
1906 254 1161
254 1161 1906
1161 254 1906
952 38 811
811 38 952
38 811 952
2955 19 2765
2765 19 2955
19 2765 2955
2517 2440 2454
2440 2454 2517
2454 2440 2517
631 73 2080
2080 73 631
73 631 2080
1695 1072 1862
1862 1072 1695
1072 1695 1862
418 967 2347
2347 418 967
967 418 2347
375 216 2167
216 375 2167
2167 216 375
173 632 1709
632 173 1709
1709 173 632
2123 2432 2637
2432 2123 2637
2637 2123 2432
2025 1206 2079
2079 1206 2025
1206 2025 2079
661 294 516
294 516 661
516 294 661
307 1120 2535
1120 307 2535
2535 307 1120
1642 1059 1916
1059 1642 1916
1916 1059 1642
2295 49 517
517 49 2295
49 517 2295
923 1033 2920
1033 923 2920
2920 923 1033
122 140 1126
140 122 1126
1126 122 140
756 360 2251
2251 360 756
360 756 2251
337 167 2114
167 337 2114
2114 167 337
75 1503 2717
1503 75 2717
2717 75 1503
1950 1229 2771
1229 1950 2771
2771 1229 1950
2176 621 2206
2206 621 2176
621 2176 2206
2133 845 1463
1463 845 2133
845 1463 2133
2925 1074 1283
1074 1283 2925
1283 1074 2925
2966 2643 2660
2660 2643 2966
2643 2660 2966
817 18 1492
18 817 1492
1492 18 817
1719 355 440
355 440 1719
440 355 1719
2861 83 387
83 387 2861
387 83 2861
2747 68 2981
2981 68 2747
68 2747 2981
1839 1179 1884
1884 1179 1839
1179 1839 1884
2200 730 1112
730 1112 2200
1112 730 2200
1167 1693 2229
1693 1167 2229
2229 1167 1693
1367 608 960
960 608 1367
608 960 1367
1412 1248 1524
1248 1412 1524
1524 1248 1412
2029 433 1398
1398 433 2029
433 1398 2029
988 2621 2631
2631 988 2621
2621 988 2631
500 1771 2881
1771 500 2881
2881 500 1771
2813 1667 2228
1667 2228 2813
2228 1667 2813
1920 1614 2244
2244 1614 1920
1614 1920 2244
1933 856 2177
856 1933 2177
2177 856 1933
726 2381 2430
2381 726 2430
2430 726 2381
520 1465 2934
2934 520 1465
1465 520 2934
1745 714 2939
2939 714 1745
714 1745 2939
2485 175 2127
175 2127 2485
2127 175 2485
829 95 1238
95 829 1238
1238 95 829
1583 1204 2365
1204 1583 2365
2365 1204 1583
1878 1500 1748
1500 1748 1878
1748 1500 1878
1631 1565 2801
2801 1565 1631
1565 1631 2801
1536 1728 1796
1796 1536 1728
1728 1536 1796
1189 690 1770
690 1189 1770
1770 690 1189
1594 2074 2238
2074 1594 2238
2238 1594 2074
1602 2111 2340
2340 1602 2111
2111 1602 2340
2541 1557 2978
1557 2541 2978
2978 1557 2541
1798 225 414
414 225 1798
225 414 1798
369 2496 2552
2496 369 2552
2552 369 2496
1691 2149 2842
2149 1691 2842
2842 1691 2149
2684 2098 2656
2656 2098 2684
2098 2656 2684
398 2104 2839
2104 398 2839
2839 398 2104
1791 1727 2870
2870 1727 1791
1727 1791 2870
1152 366 2669
366 1152 2669
2669 366 1152
1356 1430 2605
1430 1356 2605
2605 1356 1430
2696 385 771
771 385 2696
385 771 2696
2558 832 2486
2486 832 2558
832 2486 2558
2060 1261 2101
1261 2060 2101
2101 1261 2060
1160 1324 1617
1617 1160 1324
1324 1160 1617
2478 627 916
916 627 2478
627 916 2478
1372 253 1888
253 1372 1888
1888 253 1372
1934 1299 1801
1299 1801 1934
1801 1299 1934
837 188 2690
2690 188 837
188 837 2690
1541 1473 2877
2877 1473 1541
1473 1541 2877
594 539 2327
2327 539 594
539 594 2327
2256 271 2705
271 2256 2705
2705 271 2256
498 490 2928
490 498 2928
2928 490 498
2582 436 2001
436 2001 2582
2001 436 2582
2706 519 2466
2466 519 2706
519 2466 2706
505 707 927
927 505 707
707 505 927
2246 953 1704
1704 953 2246
953 1704 2246
831 527 553
553 527 831
527 553 831
1431 1466 2840
1466 1431 2840
2840 1431 1466
1342 90 370
370 90 1342
90 370 1342
1598 2230 2280
2280 1598 2230
2230 1598 2280
2359 1528 2547
2547 1528 2359
1528 2359 2547
309 1436 1471
1436 309 1471
1471 309 1436
1619 1689 1976
1689 1619 1976
1976 1619 1689
2097 1389 2211
2211 1389 2097
1389 2097 2211
1640 107 411
411 107 1640
107 411 1640
2499 469 1814
469 1814 2499
1814 469 2499
2659 704 1852
1852 704 2659
704 1852 2659
290 1233 2423
1233 290 2423
2423 290 1233
2435 465 1475
465 1475 2435
1475 465 2435
725 102 1035
102 725 1035
1035 102 725
750 2417 2534
2534 750 2417
2417 750 2534
2624 2016 2396
2016 2396 2624
2396 2016 2624
1136 883 2400
2400 883 1136
883 1136 2400
1845 1171 2554
1171 1845 2554
2554 1171 1845
48 145 394
394 48 145
145 48 394
495 770 1789
1789 495 770
770 495 1789
1274 1075 2495
1075 1274 2495
2495 1075 1274
39 2214 2830
2214 39 2830
2830 39 2214
447 920 1226
1226 447 920
920 447 1226
478 125 2951
2951 125 478
125 478 2951
1244 99 1427
99 1244 1427
1427 99 1244
684 708 753
753 684 708
708 684 753
1169 600 1393
600 1169 1393
1393 600 1169
2456 266 1354
1354 266 2456
266 1354 2456
1511 333 788
788 333 1511
333 788 1511
1945 291 722
291 722 1945
722 291 1945
2294 593 2633
2633 593 2294
593 2294 2633
413 88 933
88 413 933
933 88 413
2806 236 1079
1079 236 2806
236 1079 2806
1717 1979 2822
2822 1717 1979
1979 1717 2822
2657 604 1306
604 1306 2657
1306 604 2657
846 833 2668
2668 833 846
833 846 2668
1577 2038 2544
2544 1577 2038
2038 1577 2544
52 497 2313
2313 52 497
497 52 2313
959 1195 2147
1195 959 2147
2147 959 1195
864 740 1177
1177 740 864
740 864 1177
2124 326 720
326 720 2124
720 326 2124
1599 1228 1827
1228 1599 1827
1827 1228 1599
1091 462 828
462 828 1091
828 462 1091
1364 734 2674
2674 734 1364
734 1364 2674
315 1643 1857
1643 315 1857
1857 315 1643
2739 2712 2828
2712 2739 2828
2828 2712 2739
224 285 1637
285 224 1637
1637 224 285
1747 434 2421
434 1747 2421
2421 434 1747
1825 1333 1531
1333 1531 1825
1531 1333 1825
1636 1279 1612
1612 1279 1636
1279 1612 1636
2568 1797 2617
1797 2568 2617
2617 1797 2568
2201 443 2503
443 2201 2503
2503 443 2201
284 2262 2307
2262 284 2307
2307 284 2262
1222 2532 2904
2532 1222 2904
2904 1222 2532
2854 43 1336
43 1336 2854
1336 43 2854
2980 1428 2583
2583 1428 2980
1428 2583 2980
1638 1198 2276
1198 1638 2276
2276 1198 1638
1918 795 2841
795 1918 2841
2841 795 1918
1895 566 2863
2863 566 1895
566 1895 2863
1252 666 1875
666 1252 1875
1875 666 1252
1657 1392 2412
1392 1657 2412
2412 1392 1657
2140 1258 2036
2036 1258 2140
1258 2036 2140
556 415 768
768 415 556
415 556 768
1687 46 1684
1684 46 1687
46 1684 1687
1936 2309 2526
2309 1936 2526
2526 1936 2309
1451 492 1038
1038 492 1451
492 1038 1451
979 1621 1645
1645 979 1621
1621 979 1645
754 31 504
504 31 754
31 504 754
642 10 1864
10 642 1864
1864 10 642
2698 1652 2735
2735 1652 2698
1652 2698 2735
1817 1648 2164
2164 1648 1817
1648 1817 2164
2593 866 2567
2567 866 2593
866 2567 2593
2160 476 2612
476 2160 2612
2612 476 2160
590 804 1004
1004 590 804
804 590 1004
329 2816 2998
2816 329 2998
2998 329 2816
3 1361 2232
1361 3 2232
2232 3 1361
2395 186 1493
1493 186 2395
186 1493 2395
738 2374 2924
2374 738 2924
2924 738 2374
1900 199 913
913 199 1900
199 913 1900
1834 158 2868
158 1834 2868
2868 158 1834
2914 502 993
993 502 2914
502 993 2914
852 671 2695
671 852 2695
2695 671 852
1443 1132 1235
1235 1132 1443
1132 1235 1443
1432 310 1479
1479 310 1432
310 1432 1479
2912 2603 2847
2847 2603 2912
2603 2847 2912
2630 272 1239
1239 272 2630
272 1239 2630
2968 239 1575
239 1575 2968
1575 239 2968
1123 1207 1943
1207 1123 1943
1943 1123 1207
2895 1366 1425
1366 1425 2895
1425 1366 2895
1609 559 581
559 581 1609
581 559 1609
1266 782 869
869 782 1266
782 869 1266
1907 1993 2743
2743 1907 1993
1993 1907 2743
2380 1588 2594
2594 1588 2380
1588 2380 2594
371 1085 2860
2860 371 1085
1085 371 2860
2121 301 585
585 301 2121
301 585 2121
1847 695 2298
2298 695 1847
695 1847 2298
2118 606 1028
606 1028 2118
1028 606 2118
2949 742 1547
742 1547 2949
1547 742 2949
898 1100 2546
2546 898 1100
1100 898 2546
383 1363 1395
1363 383 1395
1395 383 1363
2950 499 2533
2533 499 2950
499 2533 2950
630 1438 1853
1853 630 1438
1438 630 1853
2592 2688 2700
2700 2592 2688
2688 2592 2700
409 1277 1410
1410 409 1277
1277 409 1410
2257 245 2259
245 2257 2259
2259 245 2257
619 292 1099
292 619 1099
1099 292 619
2989 2507 2803
2507 2803 2989
2803 2507 2989
252 1016 1056
1056 252 1016
1016 252 1056
1481 2255 2642
2255 1481 2642
2642 1481 2255
1570 261 2689
261 1570 2689
2689 261 1570
1345 308 1543
1543 308 1345
308 1345 1543
154 400 1561
400 154 1561
1561 154 400
1520 2226 2344
2344 1520 2226
2226 1520 2344
1488 258 1829
1829 258 1488
258 1488 1829
1487 45 2902
2902 45 1487
45 1487 2902
1455 2756 2971
2971 1455 2756
2756 1455 2971
2704 1811 2823
2823 1811 2704
1811 2704 2823
2314 518 1799
1799 518 2314
518 1799 2314
1913 912 2885
2885 912 1913
912 1913 2885
1117 789 2263
2263 789 1117
789 1117 2263
1835 660 2220
2220 660 1835
660 1835 2220
989 931 932
932 931 989
931 932 989
2333 2282 2521
2521 2282 2333
2282 2333 2521
2994 1272 1429
1272 1429 2994
1429 1272 2994
2431 1294 2619
1294 2431 2619
2619 1294 2431
2031 259 975
259 975 2031
975 259 2031
822 2062 2261
2062 822 2261
2261 822 2062
1680 1131 2045
1131 1680 2045
2045 1131 1680
1484 1243 2035
2035 1243 1484
1243 1484 2035
2385 1874 2048
2048 1874 2385
1874 2048 2385
2746 727 1533
1533 727 2746
727 1533 2746
644 22 1867
22 644 1867
1867 22 644
1482 342 728
342 728 1482
728 342 1482
243 392 464
392 243 464
464 243 392
719 705 1828
1828 705 719
705 719 1828
1792 1373 1629
1629 1373 1792
1373 1629 1792
1955 473 2348
473 1955 2348
2348 473 1955
1964 2299 2726
2726 1964 2299
2299 1964 2726
341 907 2443
907 341 2443
2443 341 907
212 615 1145
1145 212 615
615 212 1145
340 244 351
351 244 340
244 340 351
2267 672 1722
672 1722 2267
1722 672 2267
2851 346 2888
346 2851 2888
2888 346 2851
1812 910 1323
1323 910 1812
910 1323 1812
2391 784 973
973 784 2391
784 973 2391
1441 1094 2581
2581 1094 1441
1094 1441 2581
1995 2713 2769
2769 1995 2713
2713 1995 2769
1203 595 2855
595 1203 2855
2855 595 1203
2154 1234 2506
2506 1234 2154
1234 2154 2506
474 2210 2364
2210 474 2364
2364 474 2210
169 380 1910
1910 169 380
380 169 1910
419 1539 2049
2049 419 1539
1539 419 2049
1911 2487 2811
2811 1911 2487
2487 1911 2811
1957 61 2693
61 1957 2693
2693 61 1957
2291 493 2067
493 2067 2291
2067 493 2291
1253 1275 1563
1563 1253 1275
1275 1253 1563
1922 2472 2588
2472 1922 2588
2588 1922 2472
2484 1066 2393
1066 2393 2484
2393 1066 2484
2548 1743 2471
2471 1743 2548
1743 2471 2548
2363 971 1525
1525 971 2363
971 1525 2363
2311 816 1778
816 1778 2311
1778 816 2311
1774 395 1192
1192 395 1774
395 1192 1774
1159 982 2629
982 1159 2629
2629 982 1159
2371 36 1303
1303 36 2371
36 1303 2371
2956 1260 1830
1260 1830 2956
1830 1260 2956
231 537 1034
537 231 1034
1034 231 537
1288 176 491
491 176 1288
176 491 1288
547 229 748
229 547 748
748 229 547
1403 773 803
773 803 1403
803 773 1403
617 2377 2908
2908 617 2377
2377 617 2908
264 1237 1628
1628 264 1237
1237 264 1628
800 1940 2748
2748 800 1940
1940 800 2748
1009 67 1022
67 1009 1022
1022 67 1009
538 1130 1462
1462 538 1130
1130 538 1462
1530 1627 2701
1627 1530 2701
2701 1530 1627
2437 1173 2026
1173 2026 2437
2026 1173 2437
453 1773 2216
2216 453 1773
1773 453 2216
1166 282 378
378 282 1166
282 378 1166
620 1518 1769
1518 620 1769
1769 620 1518
2324 222 1996
222 1996 2324
1996 222 2324
470 565 986
565 470 986
986 470 565
2442 1281 2447
1281 2442 2447
2447 1281 2442
1611 484 2708
484 1611 2708
2708 484 1611
887 303 2886
303 887 2886
2886 303 887
2884 166 783
783 166 2884
166 783 2884
2017 275 302
302 275 2017
275 302 2017
1977 2269 2470
2269 1977 2470
2470 1977 2269
2931 914 1165
1165 914 2931
914 1165 2931
2609 1349 1931
1349 1931 2609
1931 1349 2609
2122 2796 2893
2893 2122 2796
2796 2122 2893
2916 1387 2237
1387 2237 2916
2237 1387 2916
1591 249 2448
2448 249 1591
249 1591 2448
764 1578 2775
1578 764 2775
2775 764 1578
2774 523 1781
1781 523 2774
523 1781 2774
1369 4 2849
2849 4 1369
4 1369 2849
215 37 93
37 93 215
93 37 215
442 471 2654
471 442 2654
2654 442 471
618 569 1147
1147 569 618
569 618 1147
1039 1720 1873
1873 1039 1720
1720 1039 1873
357 2586 2650
2650 357 2586
2586 357 2650
40 1930 2265
1930 40 2265
2265 40 1930
2398 193 2389
2389 193 2398
193 2389 2398
1912 1756 2415
2415 1756 1912
1756 1912 2415
574 1654 2383
1654 574 2383
2383 574 1654
2405 709 2292
2292 709 2405
709 2292 2405
2820 1489 2362
1489 2362 2820
2362 1489 2820
1182 353 1045
1045 353 1182
353 1045 1182
2367 325 535
535 325 2367
325 535 2367
1741 859 1994
859 1741 1994
1994 859 1741
2182 1329 2260
2260 1329 2182
1329 2182 2260
2515 461 2370
461 2370 2515
2370 461 2515
1450 2021 2222
2222 1450 2021
2021 1450 2222
611 689 2741
2741 611 689
689 611 2741
2408 2105 2387
2387 2105 2408
2105 2387 2408
1526 1082 2245
2245 1082 1526
1082 1526 2245
336 1560 2562
1560 336 2562
2562 336 1560
2559 1915 2084
1915 2084 2559
2084 1915 2559
2664 1020 1168
1020 1168 2664
1168 1020 2664
1452 701 2433
2433 701 1452
701 1452 2433
1490 1357 2215
2215 1357 1490
1357 1490 2215
1385 1101 1622
1101 1385 1622
1622 1101 1385
2482 64 214
214 64 2482
64 214 2482
2030 745 2172
2172 745 2030
745 2030 2172
2326 1015 1659
1015 1659 2326
1659 1015 2326
1562 1634 1750
1634 1562 1750
1750 1562 1634
1552 439 1142
1142 439 1552
439 1142 1552
2940 311 2817
311 2817 2940
2817 311 2940
1800 1292 1394
1394 1292 1800
1292 1394 1800
746 1447 2272
1447 746 2272
2272 746 1447
760 1315 2444
2444 760 1315
1315 760 2444
2 545 1334
545 2 1334
1334 2 545
1592 1386 2349
1386 1592 2349
2349 1386 1592
2595 404 1379
404 1379 2595
1379 404 2595
525 123 2766
2766 123 525
123 525 2766
1758 812 2635
2635 812 1758
812 1758 2635
2273 667 749
667 749 2273
749 667 2273
1497 1480 1510
1480 1497 1510
1510 1480 1497
218 637 2186
2186 218 637
637 218 2186
1805 1571 2416
1571 1805 2416
2416 1571 1805
202 641 2577
641 202 2577
2577 202 641
1052 146 941
146 941 1052
941 146 1052
678 2445 2827
2827 678 2445
2445 678 2827
1623 1044 2826
1044 1623 2826
2826 1044 1623
842 1678 2915
1678 842 2915
2915 842 1678
1697 879 1069
1069 879 1697
879 1069 1697
2967 196 579
579 196 2967
196 579 2967
922 874 1502
874 922 1502
1502 874 922
643 121 1201
1201 121 643
121 643 1201
1175 665 1967
665 1175 1967
1967 665 1175
664 1529 2289
2289 664 1529
1529 664 2289
955 44 207
44 207 955
207 44 955
2805 830 2524
2524 830 2805
830 2524 2805
995 480 863
863 480 995
480 863 995
2234 567 2086
567 2086 2234
2086 567 2234
2028 1876 2054
2054 1876 2028
1876 2028 2054
2166 153 693
693 153 2166
153 693 2166
2754 6 319
319 6 2754
6 319 2754
2243 673 1746
673 1746 2243
1746 673 2243
2778 187 1681
1681 187 2778
187 1681 2778
2738 1320 2275
1320 2275 2738
2275 1320 2738
2935 858 889
858 889 2935
889 858 2935
1981 1935 2240
2240 1935 1981
1935 1981 2240
1766 648 1694
1694 648 1766
648 1694 1766
2984 2119 2404
2404 2119 2984
2119 2404 2984
1332 541 1163
1163 541 1332
541 1163 1332
2776 613 2788
613 2776 2788
2788 613 2776
322 86 635
635 86 322
86 322 635
1986 457 1521
457 1521 1986
1521 457 1986
1731 1191 2770
1191 1731 2770
2770 1191 1731
1859 2638 2681
2681 1859 2638
2638 1859 2681
1831 1124 2310
2310 1124 1831
1124 1831 2310
796 2330 2777
2777 796 2330
2330 796 2777
1966 576 2477
576 1966 2477
2477 576 1966
1290 757 802
757 802 1290
802 757 1290
149 269 1988
269 149 1988
1988 149 269
807 552 1868
1868 552 807
552 807 1868
2132 130 454
454 130 2132
130 454 2132
208 1927 2959
1927 208 2959
2959 208 1927
1217 1961 1969
1969 1217 1961
1961 1217 1969
1759 1883 2418
1883 1759 2418
2418 1759 1883
2099 1937 2742
1937 2099 2742
2742 1937 2099
1509 1662 1679
1662 1509 1679
1679 1509 1662
1749 501 2597
2597 501 1749
501 1749 2597
12 1992 2973
2973 12 1992
1992 12 2973
2992 577 1696
577 1696 2992
1696 577 2992
589 1031 2194
1031 589 2194
2194 589 1031
111 1576 2274
2274 111 1576
1576 111 2274
25 1948 2996
1948 25 2996
2996 25 1948
2302 843 2539
843 2302 2539
2539 843 2302
2691 651 998
651 998 2691
998 651 2691
1414 1224 2865
1224 1414 2865
2865 1224 1414
1029 944 2329
944 1029 2329
2329 944 1029
2812 2353 2859
2353 2812 2859
2859 2353 2812
98 739 2113
2113 98 739
739 98 2113
2513 27 287
27 287 2513
287 27 2513
106 97 2219
2219 97 106
97 106 2219
772 2390 2463
2390 772 2463
2463 772 2390
2085 237 1866
237 1866 2085
1866 237 2085
2174 1210 1508
1210 1508 2174
1508 1210 2174
2037 1572 2584
1572 2037 2584
2584 1572 2037
1495 925 2488
2488 925 1495
925 1495 2488
2475 533 1925
533 1925 2475
1925 533 2475
2927 1921 2509
1921 2509 2927
2509 1921 2927
1914 1143 2692
1143 1914 2692
2692 1143 1914
2867 694 1287
694 1287 2867
1287 694 2867
1095 662 1380
1380 662 1095
662 1095 1380
614 2574 2941
2941 614 2574
2574 614 2941
1115 142 210
210 142 1115
142 210 1115
543 2224 2402
2402 543 2224
2224 543 2402
1083 849 1063
849 1063 1083
1063 849 1083
1344 432 1104
432 1104 1344
1104 432 1344
1909 119 996
119 996 1909
996 119 1909
1597 683 1080
1080 683 1597
683 1080 1597
2894 1408 2392
2392 1408 2894
1408 2392 2894
2675 1870 2161
2161 1870 2675
1870 2161 2675
616 638 670
670 616 638
638 616 670
2892 1682 2709
1682 2709 2892
2709 1682 2892
1808 281 827
827 281 1808
281 827 1808
2845 945 2542
2542 945 2845
945 2542 2845
2304 542 1802
542 1802 2304
1802 542 2304
612 391 441
391 441 612
441 391 612
1041 1970 2052
2052 1041 1970
1970 1041 2052
861 349 1103
1103 349 861
349 861 1103
1963 203 2543
203 1963 2543
2543 203 1963
2869 448 2697
448 2697 2869
2697 448 2869
2647 219 582
582 219 2647
219 582 2647
894 2679 2831
2831 894 2679
2679 894 2831
488 50 919
50 488 919
919 50 488
949 1507 2227
2227 949 1507
1507 949 2227
2680 1650 2591
2591 1650 2680
1650 2591 2680
1409 792 2694
792 1409 2694
2694 792 1409
1411 895 1762
895 1411 1762
1762 895 1411
2799 624 743
743 624 2799
624 743 2799
2235 241 2982
241 2235 2982
2982 241 2235
1205 1057 1666
1057 1205 1666
1666 1057 1205
1506 1331 2500
1331 1506 2500
2500 1331 1506
288 1674 2538
1674 288 2538
2538 288 1674
2057 549 737
737 549 2057
549 737 2057
1646 105 1944
1944 105 1646
105 1646 1944
1318 1478 2773
1478 1318 2773
2773 1318 1478
2887 1439 2563
1439 2563 2887
2563 1439 2887
2401 1705 2666
2666 1705 2401
1705 2401 2666
848 810 2157
810 848 2157
2157 810 848
794 560 2455
2455 560 794
560 794 2455
1457 873 2641
873 1457 2641
2641 873 1457
2952 1505 1540
1505 1540 2952
1540 1505 2952
2555 2450 2518
2450 2518 2555
2518 2450 2555
1848 1445 2102
1445 1848 2102
2102 1445 1848
854 1586 1715
1715 854 1586
1586 854 1715
338 177 1187
1187 177 338
177 338 1187
981 636 2464
636 981 2464
2464 636 981
2449 1137 2579
1137 2449 2579
2579 1137 2449
2898 758 1121
758 1121 2898
1121 758 2898
2961 2528 2793
2793 2528 2961
2528 2793 2961
15 834 2520
2520 15 834
834 15 2520
2628 508 654
654 508 2628
508 654 2628
1156 1025 2205
1025 1156 2205
2205 1025 1156
790 403 865
403 790 865
865 403 790
2611 384 1639
1639 384 2611
384 1639 2611
2439 424 1790
424 1790 2439
1790 424 2439
2529 1537 1965
1965 1537 2529
1537 1965 2529
1676 1008 1390
1390 1008 1676
1008 1390 1676
1019 197 1846
1846 197 1019
197 1019 1846
1891 1959 2413
2413 1891 1959
1959 1891 2413
2903 984 3000
3000 984 2903
984 2903 3000
892 703 2334
2334 703 892
703 892 2334
2858 1700 1729
1700 1729 2858
1729 1700 2858
1254 389 2569
2569 389 1254
389 1254 2569
2937 897 1061
897 1061 2937
1061 897 2937
2308 1469 2258
2258 1469 2308
1469 2258 2308
2178 603 2853
603 2178 2853
2853 603 2178
1118 28 882
882 28 1118
28 882 1118
1375 426 2058
2058 426 1375
426 1375 2058
2253 588 2066
2066 588 2253
588 2066 2253
1929 2332 2922
2922 1929 2332
2332 1929 2922
815 681 1353
681 815 1353
1353 681 815
1702 1382 2936
1382 1702 2936
2936 1382 1702
1554 530 759
759 530 1554
530 759 1554
2730 597 2047
597 2047 2730
2047 597 2730
1522 129 787
129 787 1522
787 129 1522
1672 152 2207
152 1672 2207
2207 152 1672
819 1435 2728
1435 819 2728
2728 819 1435
1218 256 1751
1751 256 1218
256 1218 1751
710 791 2055
2055 710 791
791 710 2055
2397 458 1188
1188 458 2397
458 1188 2397
1898 799 2824
799 1898 2824
2824 799 1898
1097 696 2424
696 1097 2424
2424 696 1097
274 1532 2945
2945 274 1532
1532 274 2945
2350 1902 2375
1902 2350 2375
2375 1902 2350
1938 47 1264
47 1264 1938
1264 47 1938
1001 194 2772
2772 194 1001
194 1001 2772
2651 1491 2571
2571 1491 2651
1491 2571 2651
990 692 2378
692 990 2378
2378 692 990
1078 2497 2589
2497 1078 2589
2589 1078 2497
522 1060 1251
1251 522 1060
1060 522 1251
950 572 1376
1376 572 950
572 950 1376
1601 872 1535
1535 872 1601
872 1535 1601
893 312 2670
312 893 2670
2670 312 893
1002 2083 2428
2083 1002 2428
2428 1002 2083
459 890 2320
890 459 2320
2320 459 890
1735 1849 2715
1849 1735 2715
2715 1735 1849
2795 1880 2169
1880 2169 2795
2169 1880 2795
1297 1777 2081
1777 1297 2081
2081 1297 1777
2510 242 2835
2835 242 2510
242 2510 2835
59 422 2284
422 59 2284
2284 59 422
2570 715 2039
715 2039 2570
2039 715 2570
2203 78 2193
2193 78 2203
78 2193 2203
184 170 2598
2598 170 184
170 184 2598
1858 786 2614
786 1858 2614
2614 786 1858
444 364 1053
1053 364 444
364 444 1053
1905 450 1307
1307 450 1905
450 1307 1905
321 1122 1449
1449 321 1122
1122 321 1449
587 2545 2578
2545 587 2578
2578 587 2545
81 718 798
798 81 718
718 81 798
2632 53 968
968 53 2632
53 968 2632
1211 29 2040
2040 29 1211
29 1211 2040
1837 1360 2782
2782 1360 1837
1360 1837 2782
234 1501 1818
1501 234 1818
1818 234 1501
267 1941 2607
2607 267 1941
1941 267 2607
361 1454 2239
1454 361 2239
2239 361 1454
655 180 2078
180 655 2078
2078 180 655
2780 1337 1951
1337 1951 2780
1951 1337 2780
857 35 335
35 335 857
335 35 857
2759 921 1675
921 1675 2759
1675 921 2759
2131 875 1371
875 1371 2131
1371 875 2131
2736 299 1093
299 1093 2736
1093 299 2736
1081 999 2711
999 1081 2711
2711 999 1081
924 688 1809
688 924 1809
1809 688 924
570 1068 2288
2288 570 1068
1068 570 2288
1440 165 978
978 165 1440
165 978 1440
2137 2779 2957
2779 2137 2957
2957 2137 2779
2505 723 2616
723 2505 2616
2616 723 2505
1313 185 2575
2575 185 1313
185 1313 2575
485 2557 2596
2596 485 2557
2557 485 2596
2897 767 1960
767 1960 2897
1960 767 2897
2610 592 2604
592 2604 2610
2604 592 2610
1732 908 2976
2976 908 1732
908 1732 2976
2043 1024 2946
2946 1024 2043
1024 2043 2946
821 905 1483
1483 821 905
905 821 1483
1692 2420 2699
2699 1692 2420
2420 1692 2699
1820 147 948
147 948 1820
948 147 1820
2467 599 808
808 599 2467
599 808 2467
868 1023 1422
1023 868 1422
1422 868 1023
2879 1348 1807
1348 1807 2879
1807 1348 2879
1426 940 1603
940 1426 1603
1603 940 1426
2857 213 1885
213 1885 2857
1885 213 2857
1221 2134 2677
2134 1221 2677
2677 1221 2134
223 2553 2891
2553 223 2891
2891 223 2553
386 250 1089
250 386 1089
1089 250 386
774 1223 1703
1703 774 1223
1223 774 1703
74 358 628
358 74 628
628 74 358
598 580 2964
2964 580 598
580 598 2964
1765 1255 2942
1255 1765 2942
2942 1255 1765
112 1641 2088
2088 112 1641
1641 112 2088
2661 1806 2143
1806 2143 2661
2143 1806 2661
1338 164 1556
1556 164 1338
164 1338 1556
2722 1242 1298
1298 1242 2722
1242 1298 2722
313 2501 2873
2501 313 2873
2873 313 2501
776 455 2757
2757 455 776
455 776 2757
2990 136 276
276 136 2990
136 276 2990
550 885 2321
2321 550 885
885 550 2321
515 1102 1190
1102 515 1190
1190 515 1102
2266 1558 2763
2763 1558 2266
1558 2266 2763
2197 1468 1669
1669 1468 2197
1468 1669 2197
2673 489 1660
1660 489 2673
489 1660 2673
2745 1181 1810
1810 1181 2745
1181 1810 2745
1545 1302 2672
2672 1302 1545
1302 1545 2672
2146 1164 2027
1164 2027 2146
2027 1164 2146
1534 1273 1919
1273 1534 1919
1919 1273 1534
1325 1956 2883
2883 1325 1956
1956 1325 2883
1710 934 1795
1795 934 1710
934 1710 1795
1816 650 2905
2905 650 1816
650 1816 2905
976 1339 2252
2252 976 1339
1339 976 2252
2171 1474 1987
1987 1474 2171
1474 1987 2171
1047 1844 2721
1844 1047 2721
2721 1047 1844
2242 1213 2703
2703 1213 2242
1213 2242 2703
860 1442 2783
1442 860 2783
2783 860 1442
2406 79 2457
2457 79 2406
79 2406 2457
228 1141 2136
1141 228 2136
2136 228 1141
652 1999 2095
2095 652 1999
1999 652 2095
1365 487 1763
487 1365 1763
1763 487 1365
1649 929 1630
1630 929 1649
929 1630 1649
1453 1278 2671
2671 1278 1453
1278 1453 2671
878 2212 2386
2212 878 2386
2386 878 2212
1625 1317 2658
2658 1317 1625
1317 1625 2658
1464 1170 2087
2087 1170 1464
1170 1464 2087
1838 1424 2789
2789 1424 1838
1424 1838 2789
1661 1400 2213
2213 1400 1661
1400 1661 2213
1351 295 1998
1998 295 1351
295 1351 1998
2814 1036 1886
1036 1886 2814
1886 1036 2814
2995 138 2702
138 2702 2995
2702 138 2995
1459 7 1106
7 1106 1459
1106 7 1459
1134 2046 2073
2073 1134 2046
2046 1134 2073
2926 192 871
192 871 2926
871 192 2926
596 1555 1632
1632 596 1555
1555 596 1632
2469 937 1172
937 1172 2469
1172 937 2469
1150 1721 2319
2319 1150 1721
1721 1150 2319
659 425 2921
425 659 2921
2921 425 659
610 1051 1593
1593 610 1051
1051 610 1593
14 1381 1664
1664 14 1381
1381 14 1664
2189 930 2181
930 2181 2189
2181 930 2189
1413 825 1064
825 1064 1413
1064 825 1413
1263 1850 2109
1850 1263 2109
2109 1263 1850
2566 483 1550
483 1550 2566
1550 483 2566
506 766 2645
2645 506 766
766 506 2645
263 2091 2848
2091 263 2848
2848 263 2091
1939 33 89
89 33 1939
33 89 1939
1396 1786 2000
2000 1396 1786
1786 1396 2000
1872 1330 2015
1330 1872 2015
2015 1330 1872
2419 334 622
334 622 2419
622 334 2419
1738 296 1370
296 1370 1738
1370 296 1738
647 115 2602
2602 115 647
115 647 2602
1284 534 2429
2429 534 1284
534 1284 2429
314 133 438
133 314 438
438 133 314
896 762 1158
762 896 1158
1158 762 896
769 104 1026
104 769 1026
1026 104 769
71 87 2033
2033 71 87
87 71 2033
1027 2056 2768
2056 1027 2768
2768 1027 2056
2838 85 2560
2560 85 2838
85 2560 2838
2644 1815 2388
1815 2388 2644
2388 1815 2644
2556 1046 2970
2970 1046 2556
1046 2556 2970
751 69 2761
2761 69 751
69 751 2761
1340 101 2844
2844 101 1340
101 1340 2844
2493 5 2358
5 2358 2493
2358 5 2493
972 1542 2648
2648 972 1542
1542 972 2648
2682 2022 2053
2053 2022 2682
2022 2053 2682
1355 1030 1824
1824 1030 1355
1030 1355 1824
300 1712 2767
2767 300 1712
1712 300 2767
1624 2141 2999
2999 1624 2141
2141 1624 2999
2254 55 1736
55 1736 2254
1736 55 2254
1982 289 316
289 316 1982
316 289 1982
1582 126 466
126 466 1582
466 126 1582
2755 1461 2407
1461 2407 2755
2407 1461 2755
1668 393 1208
393 1208 1668
1208 393 1668
2249 2151 2170
2151 2170 2249
2170 2151 2249
2366 332 2551
2551 332 2366
332 2366 2551
1276 870 1861
870 1276 1861
1861 870 1276
437 344 1050
1050 344 437
344 437 1050
2489 2089 2355
2355 2089 2489
2089 2355 2489
1402 1215 1433
1433 1215 1402
1215 1402 1433
431 131 2063
2063 131 431
131 431 2063
1665 427 1310
1310 427 1665
427 1310 1665
1012 836 2530
836 1012 2530
2530 836 1012
2208 110 507
110 507 2208
507 110 2208
2953 1647 2797
2797 1647 2953
1647 2797 2953
1347 629 1098
1098 629 1347
629 1098 1347
2009 747 1882
747 1882 2009
1882 747 2009
1214 634 2019
634 1214 2019
2019 634 1214
2744 94 1327
1327 94 2744
94 1327 2744
2163 1146 2954
2954 1146 2163
1146 2163 2954
66 255 1903
255 66 1903
1903 66 255
227 1249 2300
2300 227 1249
1249 227 2300
76 779 2836
2836 76 779
779 76 2836
1974 1308 2907
2907 1308 1974
1308 1974 2907
204 2356 2923
2923 204 2356
2356 204 2923
835 645 1067
1067 645 835
645 835 1067
2384 1212 2646
2646 1212 2384
1212 2384 2646
2536 781 1000
1000 781 2536
781 1000 2536
2573 70 512
512 70 2573
70 512 2573
729 124 1005
124 729 1005
1005 124 729
956 381 2041
2041 381 956
381 956 2041
17 536 2050
2050 17 536
536 17 2050
2714 2373 2974
2373 2714 2974
2974 2373 2714
449 16 503
503 16 449
16 449 503
1114 283 2223
2223 283 1114
283 1114 2223
148 2832 2872
2832 148 2872
2872 148 2832
496 1865 1972
1865 496 1972
1972 496 1865
401 532 1448
1448 401 532
532 401 1448
2498 8 120
120 8 2498
8 120 2498
2107 1734 1832
1832 1734 2107
1734 1832 2107
1544 1785 2403
2403 1544 1785
1785 1544 2403
633 1512 2667
2667 633 1512
1512 633 2667
814 1135 2144
1135 814 2144
2144 814 1135
623 13 2199
13 623 2199
2199 13 623
1257 408 1908
408 1257 1908
1908 408 1257
368 62 674
674 62 368
62 368 674
778 109 639
639 109 778
109 639 778
706 26 286
286 26 706
26 286 706
161 805 1962
1962 161 805
805 161 1962
605 2683 2866
2683 605 2866
2866 605 2683
1698 1186 2718
2718 1186 1698
1186 1698 2718
2064 2268 2810
2810 2064 2268
2268 2064 2810
698 1446 1485
1446 698 1485
1485 698 1446
72 2753 2932
2753 72 2932
2932 72 2753
2930 1319 2007
2007 1319 2930
1319 2007 2930
2438 2625 2852
2625 2438 2852
2852 2438 2625
731 1183 2115
2115 731 1183
1183 731 2115
1726 356 1271
1271 356 1726
356 1271 1726
2523 1018 1321
1321 1018 2523
1018 1321 2523
2864 2236 2427
2236 2427 2864
2427 2236 2864
2180 1148 1568
1568 1148 2180
1148 1568 2180
2804 235 2345
2345 235 2804
235 2345 2804
1833 653 1200
1200 653 1833
653 1200 1833
510 201 1267
201 510 1267
1267 201 510
850 182 265
182 265 850
265 182 850
1225 575 2354
575 1225 2354
2354 575 1225
1804 1090 1952
1090 1804 1952
1952 1090 1804
416 676 1608
1608 416 676
676 416 1608
2825 189 2075
2075 189 2825
189 2075 2825
2008 1779 2639
1779 2008 2639
2639 1779 2008
583 918 1496
918 583 1496
1496 583 918
1607 328 2678
328 1607 2678
2678 328 1607
915 2190 2987
2190 915 2987
2987 915 2190
1842 1399 2125
1399 1842 2125
2125 1399 1842
1566 248 2758
2758 248 1566
248 1566 2758
1178 268 761
268 761 1178
761 268 1178
994 160 571
160 571 994
571 160 994
2070 2013 2331
2331 2013 2070
2013 2070 2331
1116 529 2856
2856 529 1116
529 1116 2856
2665 823 2798
823 2665 2798
2798 823 2665
1551 544 2032
544 1551 2032
2032 544 1551
2719 1011 1087
1011 1087 2719
1087 1011 2719
1062 716 2100
2100 716 1062
716 1062 2100
2731 658 1928
658 1928 2731
1928 658 2731
877 867 1589
1589 867 877
867 877 1589
1194 2191 2911
2911 1194 2191
2191 1194 2911
220 2072 2983
2983 220 2072
2072 220 2983
108 2185 2896
2185 108 2896
2896 108 2185
561 379 1185
379 561 1185
1185 379 561
713 1049 1418
1049 713 1418
1418 713 1049
1073 1971 2850
2850 1073 1971
1971 1073 2850
904 891 1420
891 904 1420
1420 891 904
1580 1193 2322
2322 1193 1580
1193 1580 2322
2537 702 2012
2012 702 2537
702 2012 2537
1851 331 1516
1516 331 1851
331 1516 1851
2615 116 888
116 888 2615
888 116 2615
2729 1548 2837
1548 2729 2837
2837 1548 2729
2250 744 2871
2871 744 2250
744 2250 2871
1626 942 1289
1289 942 1626
942 1289 1626
205 198 2173
198 205 2173
2173 198 205
374 862 1108
862 374 1108
