16318 9400 16169
9400 16169 16318
16169 9400 16318
29757 1967 18376
1967 18376 29757
18376 1967 29757
23310 13875 16068
16068 13875 23310
13875 16068 23310
20308 247 29942
29942 247 20308
247 20308 29942
29923 10831 24393
10831 24393 29923
24393 10831 29923
12694 12009 21575
12009 12694 21575
21575 12009 12694
27509 20587 25794
20587 25794 27509
25794 20587 27509
17358 16916 23019
23019 16916 17358
16916 17358 23019
25946 1688 17475
1688 17475 25946
17475 1688 25946
5424 3057 24208
24208 3057 5424
3057 5424 24208
11032 21468 23986
21468 11032 23986
23986 11032 21468
19019 12717 14768
14768 12717 19019
12717 14768 19019
21083 3046 6705
6705 3046 21083
3046 6705 21083
19176 5263 26458
5263 19176 26458
26458 5263 19176
7859 4892 18766
4892 7859 18766
18766 4892 7859
23994 4530 8952
4530 8952 23994
8952 4530 23994
3874 12431 17499
12431 3874 17499
17499 3874 12431
28860 5002 13838
13838 5002 28860
5002 13838 28860
29623 3807 28101
28101 3807 29623
3807 28101 29623
16634 1361 9025
1361 9025 16634
9025 1361 16634
29662 7780 9655
9655 7780 29662
7780 9655 29662
8527 5273 7591
7591 5273 8527
5273 7591 8527
3879 25234 27257
25234 3879 27257
27257 3879 25234
2828 5595 5749
5749 2828 5595
5595 2828 5749
26884 1334 23648
23648 1334 26884
1334 23648 26884
23666 465 2148
465 2148 23666
2148 465 23666
27008 4455 19044
19044 4455 27008
4455 19044 27008
19374 6306 20720
20720 6306 19374
6306 19374 20720
13999 15532 29992
15532 13999 29992
29992 13999 15532
16363 20516 28194
20516 16363 28194
28194 16363 20516
1606 13057 16024
13057 1606 16024
16024 1606 13057
23761 14279 23814
14279 23761 23814
23814 14279 23761
12501 22295 27235
27235 12501 22295
22295 12501 27235
1006 1644 19261
19261 1006 1644
1644 1006 19261
5760 8470 14090
14090 5760 8470
8470 5760 14090
18121 3668 6090
3668 6090 18121
6090 3668 18121
354 10203 20927
10203 354 20927
20927 354 10203
4682 2737 29214
2737 4682 29214
29214 2737 4682
7228 10901 17190
17190 7228 10901
10901 7228 17190
12389 6493 7138
6493 7138 12389
7138 6493 12389
10983 1932 7312
1932 7312 10983
7312 1932 10983
8379 18006 25733
25733 8379 18006
18006 8379 25733
12554 8293 25880
25880 8293 12554
8293 12554 25880
28634 1066 4056
4056 1066 28634
1066 4056 28634
5925 16033 27059
27059 5925 16033
16033 5925 27059
21393 6107 19076
6107 19076 21393
19076 6107 21393
16180 13955 28577
28577 13955 16180
13955 16180 28577
9004 8468 16282
16282 8468 9004
8468 9004 16282
83 8782 18940
8782 83 18940
18940 83 8782
27291 3788 10039
3788 10039 27291
10039 3788 27291
3461 5045 8018
8018 3461 5045
5045 3461 8018
10438 7897 25499
25499 7897 10438
7897 10438 25499
23346 8727 20421
8727 20421 23346
20421 8727 23346
8732 17780 20873
20873 8732 17780
17780 8732 20873
15288 2906 7426
2906 7426 15288
7426 2906 15288
8169 10815 12147
12147 8169 10815
10815 8169 12147
1509 10946 26619
26619 1509 10946
10946 1509 26619
27857 4147 10403
4147 10403 27857
10403 4147 27857
29985 21014 24695
21014 24695 29985
24695 21014 29985
4513 6411 17827
17827 4513 6411
6411 4513 17827
13163 11486 23976
11486 13163 23976
23976 11486 13163
21291 16971 20585
20585 16971 21291
16971 20585 21291
11830 9872 28386
28386 9872 11830
9872 11830 28386
25550 157 20287
20287 157 25550
157 20287 25550
20214 7726 22386
7726 20214 22386
22386 7726 20214
15952 7242 15985
7242 15952 15985
15985 7242 15952
6471 3100 20962
20962 3100 6471
3100 6471 20962
22579 5558 28751
28751 5558 22579
5558 22579 28751
2686 13734 17231
13734 2686 17231
17231 2686 13734
25577 3069 27103
27103 3069 25577
3069 25577 27103
15757 24 8273
24 8273 15757
8273 24 15757
21804 6684 17406
17406 6684 21804
6684 17406 21804
11148 2296 28473
2296 11148 28473
28473 2296 11148
2831 1071 29485
29485 1071 2831
1071 2831 29485
22423 17612 23190
23190 17612 22423
17612 22423 23190
1529 11545 12219
11545 1529 12219
12219 1529 11545
17126 3689 29243
3689 17126 29243
29243 3689 17126
29609 2291 28910
2291 28910 29609
28910 2291 29609
13572 24660 28419
24660 13572 28419
28419 13572 24660
29348 10220 15604
10220 15604 29348
15604 10220 29348
6592 20662 28761
28761 6592 20662
20662 6592 28761
16516 24963 25921
25921 16516 24963
24963 16516 25921
26890 12651 15681
12651 15681 26890
15681 12651 26890
21877 24120 25699
24120 21877 25699
25699 21877 24120
29592 503 25861
25861 503 29592
503 25861 29592
13077 5239 24277
5239 13077 24277
24277 5239 13077
23642 20862 21317
20862 21317 23642
21317 20862 23642
25719 11515 27030
11515 25719 27030
27030 11515 25719
26353 17469 24676
17469 24676 26353
24676 17469 26353
20465 13884 27182
27182 13884 20465
13884 20465 27182
9341 8805 15978
8805 9341 15978
15978 8805 9341
5245 2746 17386
17386 2746 5245
2746 5245 17386
16414 5204 8247
5204 8247 16414
8247 5204 16414
19144 21336 25654
21336 19144 25654
25654 19144 21336
29445 4177 22872
4177 22872 29445
22872 4177 29445
4163 5100 9713
9713 4163 5100
5100 4163 9713
14759 4534 27884
4534 14759 27884
27884 4534 14759
1376 9972 12405
12405 1376 9972
9972 1376 12405
24214 12607 25843
25843 12607 24214
12607 24214 25843
1669 2380 9104
2380 1669 9104
9104 1669 2380
5362 19679 28527
28527 5362 19679
19679 5362 28527
11267 8809 27210
27210 8809 11267
8809 11267 27210
25710 15691 16059
15691 16059 25710
16059 15691 25710
25230 19362 26718
26718 19362 25230
19362 25230 26718
29213 5978 24252
5978 24252 29213
24252 5978 29213
19163 3999 22091
3999 19163 22091
22091 3999 19163
20632 18070 21407
21407 18070 20632
18070 20632 21407
13127 10967 22197
22197 10967 13127
10967 13127 22197
26866 14818 25110
14818 25110 26866
25110 14818 26866
984 6993 8135
8135 984 6993
6993 984 8135
23411 8395 27090
27090 8395 23411
8395 23411 27090
10387 12156 25376
25376 10387 12156
12156 10387 25376
15451 5255 9158
5255 9158 15451
9158 5255 15451
8600 14772 17200
17200 8600 14772
14772 8600 17200
24269 6065 23729
6065 23729 24269
23729 6065 24269
11925 3121 7910
3121 7910 11925
7910 3121 11925
25583 15932 16442
16442 15932 25583
15932 16442 25583
1576 10163 28951
28951 1576 10163
10163 1576 28951
21318 6334 17690
17690 6334 21318
6334 17690 21318
5395 11154 27052
11154 5395 27052
27052 5395 11154
24866 7420 22852
22852 7420 24866
7420 22852 24866
22933 7715 8593
7715 8593 22933
8593 7715 22933
6428 5678 12527
12527 5678 6428
5678 6428 12527
850 996 20537
20537 850 996
996 850 20537
15440 293 14524
14524 293 15440
293 14524 15440
25830 3782 9910
9910 3782 25830
3782 9910 25830
2311 1902 15352
1902 2311 15352
15352 1902 2311
7600 22266 27655
22266 7600 27655
27655 7600 22266
19430 13175 29506
13175 19430 29506
29506 13175 19430
567 9459 12827
9459 567 12827
12827 567 9459
5539 5224 8467
5224 5539 8467
8467 5224 5539
12287 8837 28883
28883 8837 12287
8837 12287 28883
28474 24981 28641
28641 24981 28474
24981 28474 28641
19126 15646 21142
21142 15646 19126
15646 19126 21142
20982 1065 6393
6393 1065 20982
1065 6393 20982
27606 1394 5986
1394 5986 27606
5986 1394 27606
3735 25980 26620
25980 3735 26620
26620 3735 25980
27323 5318 10755
5318 10755 27323
10755 5318 27323
14260 14349 17877
17877 14260 14349
14349 14260 17877
4174 1744 14843
14843 1744 4174
1744 4174 14843
11142 4684 26349
26349 4684 11142
4684 11142 26349
21616 2376 20202
2376 20202 21616
20202 2376 21616
8203 748 15269
15269 748 8203
748 8203 15269
8191 16272 25179
25179 8191 16272
16272 8191 25179
29258 13559 15382
15382 13559 29258
13559 15382 29258
26609 9145 18532
18532 9145 26609
9145 18532 26609
6772 1642 17191
1642 6772 17191
17191 1642 6772
22259 13615 27368
13615 22259 27368
27368 13615 22259
22830 10485 20588
10485 20588 22830
20588 10485 22830
27000 513 21264
21264 513 27000
513 21264 27000
16808 3506 16591
16591 3506 16808
3506 16591 16808
19905 25307 27537
27537 19905 25307
25307 19905 27537
29098 7437 16538
7437 16538 29098
16538 7437 29098
27302 787 17372
17372 787 27302
787 17372 27302
8878 12329 25989
12329 8878 25989
25989 8878 12329
13803 6807 16058
6807 13803 16058
16058 6807 13803
21556 18964 27082
18964 21556 27082
27082 18964 21556
11254 8943 9455
8943 9455 11254
9455 8943 11254
23927 1272 19152
1272 19152 23927
19152 1272 23927
199 25220 27850
27850 199 25220
25220 199 27850
2692 26916 29159
26916 2692 29159
29159 2692 26916
26282 5828 28376
28376 5828 26282
5828 26282 28376
21894 7270 22474
7270 21894 22474
22474 7270 21894
18224 9447 24637
9447 18224 24637
24637 9447 18224
17770 24579 28744
28744 17770 24579
24579 17770 28744
18762 4180 16415
16415 4180 18762
4180 16415 18762
21626 15749 20464
15749 20464 21626
20464 15749 21626
9252 4061 9841
4061 9252 9841
9841 4061 9252
5252 14089 24370
14089 5252 24370
24370 5252 14089
7569 7855 19925
19925 7569 7855
7855 7569 19925
26849 23760 27342
23760 26849 27342
27342 23760 26849
24173 16292 18906
16292 18906 24173
18906 16292 24173
2977 641 27852
27852 641 2977
641 2977 27852
23408 7864 28956
28956 7864 23408
7864 23408 28956
26254 3715 12035
12035 3715 26254
3715 12035 26254
10712 2424 17652
2424 10712 17652
17652 2424 10712
17587 4503 24433
4503 17587 24433
24433 4503 17587
29045 9081 19263
19263 9081 29045
9081 19263 29045
21739 19444 29350
29350 19444 21739
19444 21739 29350
15002 6156 11897
6156 11897 15002
11897 6156 15002
15879 11342 16254
11342 15879 16254
16254 11342 15879
13708 27361 29249
27361 13708 29249
29249 13708 27361
28935 1893 24268
24268 1893 28935
1893 24268 28935
4765 239 3000
239 3000 4765
3000 239 4765
29846 18750 27959
27959 18750 29846
18750 27959 29846
4291 7393 21175
7393 4291 21175
21175 4291 7393
27077 3698 20067
3698 20067 27077
20067 3698 27077
877 22713 28666
28666 877 22713
22713 877 28666
4641 14947 22818
22818 4641 14947
14947 4641 22818
17359 480 19298
19298 480 17359
480 17359 19298
19719 15940 17550
15940 17550 19719
17550 15940 19719
13035 2146 21541
21541 2146 13035
2146 13035 21541
15583 20221 25857
20221 15583 25857
25857 15583 20221
6957 2787 19777
19777 2787 6957
2787 6957 19777
16556 4735 14719
4735 14719 16556
14719 4735 16556
6352 6552 10960
6552 6352 10960
10960 6352 6552
15895 2450 26997
26997 2450 15895
2450 15895 26997
12692 4137 9443
9443 4137 12692
4137 9443 12692
12504 16142 29191
16142 12504 29191
29191 12504 16142
25297 18642 21348
18642 21348 25297
21348 18642 25297
1413 13083 24109
13083 1413 24109
24109 1413 13083
1892 12327 26827
26827 1892 12327
12327 1892 26827
21799 5554 20599
5554 20599 21799
20599 5554 21799
16489 13310 24397
24397 13310 16489
13310 16489 24397
4138 18796 29158
29158 4138 18796
18796 4138 29158
18608 6663 28139
28139 6663 18608
6663 18608 28139
1959 303 15694
15694 303 1959
303 1959 15694
8016 6387 21671
6387 8016 21671
21671 6387 8016
11277 14032 25454
14032 11277 25454
25454 11277 14032
24956 5248 22181
5248 22181 24956
22181 5248 24956
11385 1339 3157
1339 3157 11385
3157 1339 11385
24907 26489 27742
27742 24907 26489
26489 24907 27742
26633 2226 13581
13581 2226 26633
2226 13581 26633
17012 3675 28689
28689 3675 17012
3675 17012 28689
13707 12124 21450
21450 12124 13707
12124 13707 21450
19773 9000 22948
9000 19773 22948
22948 9000 19773
10056 4711 15198
4711 10056 15198
15198 4711 10056
28327 11161 18282
11161 18282 28327
18282 11161 28327
25584 18152 22073
22073 18152 25584
18152 22073 25584
16651 6816 16701
16701 6816 16651
6816 16651 16701
817 8810 20420
20420 817 8810
8810 817 20420
21498 12412 23257
12412 21498 23257
23257 12412 21498
16812 12451 23438
12451 16812 23438
23438 12451 16812
6559 2262 14003
2262 6559 14003
14003 2262 6559
15227 592 19571
592 15227 19571
19571 592 15227
1020 12226 24673
24673 1020 12226
12226 1020 24673
2582 11544 14806
11544 2582 14806
14806 2582 11544
20703 6165 24709
6165 20703 24709
24709 6165 20703
22990 12539 26774
26774 12539 22990
12539 22990 26774
14312 12125 26643
26643 12125 14312
12125 14312 26643
16969 12851 28899
28899 12851 16969
12851 16969 28899
2807 22964 29816
22964 2807 29816
29816 2807 22964
9331 14746 16879
16879 9331 14746
14746 9331 16879
29647 26476 27639
26476 27639 29647
27639 26476 29647
8882 2225 17434
17434 2225 8882
2225 8882 17434
15308 786 4032
786 4032 15308
4032 786 15308
11137 7177 26408
26408 7177 11137
7177 11137 26408
2510 13920 18534
18534 2510 13920
13920 2510 18534
23188 17859 29148
17859 23188 29148
29148 17859 23188
19417 8861 14796
14796 8861 19417
8861 14796 19417
5570 21590 28569
28569 5570 21590
21590 5570 28569
18643 11354 25538
25538 11354 18643
11354 18643 25538
23289 24641 25264
25264 23289 24641
24641 23289 25264
17561 1329 25078
1329 17561 25078
25078 1329 17561
18332 15970 25698
25698 15970 18332
15970 18332 25698
8828 7617 22366
7617 8828 22366
22366 7617 8828
19878 5660 21119
5660 19878 21119
21119 5660 19878
14926 8763 10913
8763 10913 14926
10913 8763 14926
17693 401 11215
11215 401 17693
401 11215 17693
29766 7084 21532
21532 7084 29766
7084 21532 29766
12191 22367 23300
23300 12191 22367
22367 12191 23300
9078 18928 29460
18928 9078 29460
29460 9078 18928
14565 6508 16637
6508 14565 16637
16637 6508 14565
22420 15657 18506
15657 18506 22420
18506 15657 22420
14110 17265 22535
22535 14110 17265
17265 14110 22535
4111 23685 29397
23685 4111 29397
29397 4111 23685
12130 14511 21137
14511 12130 21137
21137 12130 14511
1479 24031 24185
24031 1479 24185
24185 1479 24031
22267 23681 24896
23681 22267 24896
24896 22267 23681
2765 17088 18231
18231 2765 17088
17088 2765 18231
25112 4727 10398
4727 10398 25112
10398 4727 25112
17318 407 1503
407 1503 17318
1503 407 17318
19171 14450 17396
17396 14450 19171
14450 17396 19171
4691 481 6984
6984 481 4691
481 4691 6984
23304 11347 21630
11347 21630 23304
21630 11347 23304
7779 28314 29237
29237 7779 28314
28314 7779 29237
8015 17701 28615
17701 8015 28615
28615 8015 17701
22562 5842 8299
5842 8299 22562
8299 5842 22562
22679 22878 29645
22878 22679 29645
29645 22679 22878
837 4306 26663
26663 837 4306
4306 837 26663
26494 3962 11767
3962 11767 26494
11767 3962 26494
1240 15477 21700
15477 1240 21700
21700 1240 15477
3332 8464 9623
9623 3332 8464
8464 3332 9623
13985 11741 22274
11741 13985 22274
22274 11741 13985
14858 8709 10628
8709 10628 14858
10628 8709 14858
15053 2624 24602
24602 2624 15053
2624 15053 24602
28206 5795 20832
20832 5795 28206
5795 20832 28206
13167 11531 21538
21538 11531 13167
11531 13167 21538
3142 3293 18026
18026 3142 3293
3293 3142 18026
10188 1899 13716
13716 1899 10188
1899 10188 13716
5483 6391 22697
6391 5483 22697
22697 5483 6391
10254 12435 28927
12435 10254 28927
28927 10254 12435
16072 584 1342
584 1342 16072
1342 584 16072
25707 1372 21161
1372 21161 25707
21161 1372 25707
19818 9283 28650
28650 9283 19818
9283 19818 28650
20296 21001 28950
21001 20296 28950
28950 20296 21001
21360 10118 19556
19556 10118 21360
10118 19556 21360
18138 2059 24229
2059 18138 24229
24229 2059 18138
13823 13471 17862
13471 13823 17862
17862 13471 13823
24082 21458 22252
22252 21458 24082
21458 22252 24082
23492 14233 24731
14233 23492 24731
24731 14233 23492
26600 8497 9440
9440 8497 26600
8497 9440 26600
1030 11336 15767
15767 1030 11336
11336 1030 15767
23587 11416 13986
13986 11416 23587
11416 13986 23587
21332 25809 27402
27402 21332 25809
25809 21332 27402
11670 10553 28077
28077 10553 11670
10553 11670 28077
18518 11297 29759
29759 11297 18518
11297 18518 29759
2349 26457 27647
26457 2349 27647
27647 2349 26457
17755 19509 21846
21846 17755 19509
19509 17755 21846
14161 7734 14967
7734 14161 14967
14967 7734 14161
14877 14171 22183
22183 14171 14877
14171 14877 22183
7768 18195 19214
19214 7768 18195
18195 7768 19214
15734 2278 6322
2278 6322 15734
6322 2278 15734
24359 21704 29616
21704 24359 29616
29616 21704 24359
16837 614 19355
19355 614 16837
614 16837 19355
11087 15176 16460
15176 11087 16460
16460 11087 15176
29432 1847 4482
4482 1847 29432
1847 4482 29432
29011 8385 8906
8385 8906 29011
8906 8385 29011
15906 10259 12080
10259 12080 15906
12080 10259 15906
28450 13133 13309
13133 13309 28450
13309 13133 28450
25875 9871 27672
27672 9871 25875
9871 25875 27672
2414 15199 18804
18804 2414 15199
15199 2414 18804
6095 1008 13103
13103 1008 6095
1008 6095 13103
14966 16232 17956
17956 14966 16232
16232 14966 17956
8145 7816 17595
17595 7816 8145
7816 8145 17595
26380 23874 27389
23874 26380 27389
27389 23874 26380
26106 10982 19312
19312 10982 26106
10982 19312 26106
1052 9757 22069
9757 1052 22069
22069 1052 9757
21355 10395 25956
25956 10395 21355
10395 21355 25956
6939 4158 12264
4158 6939 12264
12264 4158 6939
6041 17362 25571
17362 6041 25571
25571 6041 17362
3896 24776 29691
24776 3896 29691
29691 3896 24776
26275 7447 24718
7447 24718 26275
24718 7447 26275
6490 3734 26493
3734 6490 26493
26493 3734 6490
4431 9526 27156
27156 4431 9526
9526 4431 27156
27528 10273 16902
10273 16902 27528
16902 10273 27528
23616 9062 18869
9062 18869 23616
18869 9062 23616
26170 14998 28550
14998 26170 28550
28550 14998 26170
15793 10730 15600
15600 10730 15793
10730 15600 15793
9905 11423 18213
11423 9905 18213
18213 9905 11423
4047 19489 24807
24807 4047 19489
19489 4047 24807
18117 6612 23849
6612 18117 23849
23849 6612 18117
14481 11574 20825
20825 11574 14481
11574 14481 20825
5733 10122 27803
10122 5733 27803
27803 5733 10122
14282 11049 24430
11049 14282 24430
24430 11049 14282
13327 5631 13120
5631 13120 13327
13120 5631 13327
10700 15934 28580
15934 10700 28580
28580 10700 15934
18225 19474 23130
23130 18225 19474
19474 18225 23130
18177 23830 28334
23830 18177 28334
28334 18177 23830
15447 20569 22884
20569 15447 22884
22884 15447 20569
21537 8986 16513
16513 8986 21537
8986 16513 21537
20329 10003 23625
10003 20329 23625
23625 10003 20329
28932 13283 26583
26583 13283 28932
13283 26583 28932
7043 6624 23162
23162 6624 7043
6624 7043 23162
10832 20704 25389
25389 10832 20704
20704 10832 25389
20245 18328 19557
18328 19557 20245
19557 18328 20245
11799 924 26870
26870 924 11799
924 11799 26870
22358 7184 13598
7184 13598 22358
13598 7184 22358
16998 7502 25245
7502 16998 25245
25245 7502 16998
1751 9852 18275
18275 1751 9852
9852 1751 18275
20005 17324 24621
24621 17324 20005
17324 20005 24621
6404 27067 28992
27067 6404 28992
28992 6404 27067
22665 7531 13194
7531 13194 22665
13194 7531 22665
4732 1422 8678
8678 1422 4732
1422 4732 8678
10817 5764 19976
5764 10817 19976
19976 5764 10817
15366 13800 19693
13800 15366 19693
19693 13800 15366
26939 13134 20276
20276 13134 26939
13134 20276 26939
14064 1041 17704
17704 1041 14064
1041 14064 17704
23055 22017 25019
25019 22017 23055
22017 23055 25019
21198 21807 27915
27915 21198 21807
21807 21198 27915
13051 27822 29222
27822 13051 29222
29222 13051 27822
26566 12223 28046
28046 12223 26566
12223 26566 28046
23179 6771 29565
29565 6771 23179
6771 23179 29565
5068 19895 21888
19895 5068 21888
21888 5068 19895
14539 12781 19608
12781 14539 19608
19608 12781 14539
1337 5300 14397
5300 1337 14397
14397 1337 5300
24999 13377 23762
13377 23762 24999
23762 13377 24999
2301 16946 27661
16946 2301 27661
27661 2301 16946
28380 5794 9538
5794 9538 28380
9538 5794 28380
5422 10309 24782
10309 5422 24782
24782 5422 10309
5240 16373 27774
16373 5240 27774
27774 5240 16373
9434 21050 23095
23095 9434 21050
21050 9434 23095
19182 19118 22841
22841 19118 19182
19118 19182 22841
19367 4240 27382
27382 4240 19367
4240 19367 27382
8143 6250 17806
6250 8143 17806
17806 6250 8143
3917 635 894
894 635 3917
635 894 3917
8787 10578 28289
10578 8787 28289
28289 8787 10578
22965 3251 6555
3251 6555 22965
6555 3251 22965
3042 1923 23946
23946 1923 3042
1923 3042 23946
1558 15225 20340
15225 1558 20340
20340 1558 15225
3516 5971 24868
5971 3516 24868
24868 3516 5971
2832 13254 22097
13254 2832 22097
22097 2832 13254
24638 6580 12800
12800 6580 24638
6580 12800 24638
18858 4230 14494
4230 14494 18858
14494 4230 18858
7729 5680 18109
18109 5680 7729
5680 7729 18109
16079 11192 12138
12138 11192 16079
11192 12138 16079
21372 5008 19000
19000 5008 21372
5008 19000 21372
23015 9444 21875
9444 21875 23015
21875 9444 23015
3305 5697 19810
19810 3305 5697
5697 3305 19810
24728 3768 16383
16383 3768 24728
3768 16383 24728
19123 14717 28110
14717 19123 28110
28110 14717 19123
24648 8558 16062
8558 16062 24648
16062 8558 24648
7461 12305 29386
29386 7461 12305
12305 7461 29386
10275 7999 13628
13628 7999 10275
7999 10275 13628
21037 12771 14580
12771 14580 21037
14580 12771 21037
13002 11021 24425
24425 11021 13002
11021 13002 24425
5962 5390 19993
5390 5962 19993
19993 5390 5962
19334 343 24594
343 19334 24594
24594 343 19334
18937 18344 21096
21096 18344 18937
18344 18937 21096
17539 5375 9148
9148 5375 17539
5375 9148 17539
11033 12107 14420
14420 11033 12107
12107 11033 14420
26420 7821 17946
17946 7821 26420
7821 17946 26420
8078 20700 21389
20700 8078 21389
21389 8078 20700
24322 9796 18747
9796 18747 24322
18747 9796 24322
27117 13482 27223
27223 13482 27117
13482 27117 27223
29922 10340 18622
10340 18622 29922
18622 10340 29922
22653 8649 14808
14808 8649 22653
8649 14808 22653
1897 1835 5953
5953 1835 1897
1835 1897 5953
29507 15244 24129
15244 24129 29507
24129 15244 29507
2169 1067 24483
24483 1067 2169
1067 2169 24483
21719 13006 24685
13006 21719 24685
24685 13006 21719
7355 13796 27325
27325 7355 13796
13796 7355 27325
17484 1121 25879
1121 17484 25879
25879 1121 17484
5970 6569 17238
17238 5970 6569
6569 5970 17238
29548 5543 6523
6523 5543 29548
5543 6523 29548
16562 20363 26906
26906 16562 20363
20363 16562 26906
718 5438 22185
5438 718 22185
22185 718 5438
29967 10006 13278
13278 10006 29967
10006 13278 29967
19729 14874 18317
14874 18317 19729
18317 14874 19729
1753 490 22658
490 1753 22658
22658 490 1753
16600 25351 26276
25351 16600 26276
26276 16600 25351
7331 6284 28767
28767 6284 7331
6284 7331 28767
23627 10727 20578
20578 10727 23627
10727 20578 23627
21536 16473 18413
18413 16473 21536
16473 18413 21536
11428 18068 27507
18068 11428 27507
27507 11428 18068
1109 3209 12233
3209 1109 12233
12233 1109 3209
24702 22163 25906
22163 24702 25906
25906 22163 24702
17851 13524 25696
25696 13524 17851
13524 17851 25696
24459 7097 27003
27003 7097 24459
7097 24459 27003
23740 12081 29153
12081 23740 29153
29153 12081 23740
6244 16630 17725
17725 6244 16630
16630 6244 17725
8398 20172 26095
20172 8398 26095
26095 8398 20172
24564 8335 17653
8335 17653 24564
17653 8335 24564
25708 23856 27556
23856 25708 27556
27556 23856 25708
17899 14433 20868
14433 17899 20868
20868 14433 17899
27729 26967 27584
26967 27584 27729
27584 26967 27729
2748 6086 6662
6662 2748 6086
6086 2748 6662
9535 3283 6529
6529 3283 9535
3283 6529 9535
6732 9678 13228
13228 6732 9678
9678 6732 13228
26291 2827 4919
2827 4919 26291
4919 2827 26291
16444 5681 17647
17647 5681 16444
5681 16444 17647
12635 25444 29796
25444 12635 29796
29796 12635 25444
185 8996 18536
8996 185 18536
18536 185 8996
6666 23517 25913
23517 6666 25913
25913 6666 23517
11446 1345 17623
1345 11446 17623
17623 1345 11446
18864 8686 19782
19782 8686 18864
8686 18864 19782
12456 15420 22541
22541 12456 15420
15420 12456 22541
1356 28391 29097
28391 1356 29097
29097 1356 28391
17841 20963 26311
20963 17841 26311
26311 17841 20963
7631 12609 18552
12609 7631 18552
18552 7631 12609
1209 10633 24630
24630 1209 10633
10633 1209 24630
23835 9770 24625
9770 23835 24625
24625 9770 23835
9864 10490 26412
26412 9864 10490
10490 9864 26412
22617 4656 16828
4656 16828 22617
16828 4656 22617
8233 18023 29782
29782 8233 18023
18023 8233 29782
8724 3839 17237
17237 3839 8724
3839 8724 17237
14484 6304 26127
6304 14484 26127
26127 6304 14484
1508 2337 22363
2337 1508 22363
22363 1508 2337
27404 19897 28496
28496 19897 27404
19897 27404 28496
21572 24008 25026
24008 21572 25026
25026 21572 24008
27153 12906 17890
12906 17890 27153
17890 12906 27153
21224 6933 16970
6933 16970 21224
16970 6933 21224
23412 17681 21827
21827 17681 23412
17681 21827 23412
14419 16432 27966
27966 14419 16432
16432 14419 27966
29729 7865 8660
8660 7865 29729
7865 8660 29729
17695 24266 29492
29492 17695 24266
24266 17695 29492
20607 9902 26432
26432 9902 20607
9902 20607 26432
28163 6225 20007
6225 20007 28163
20007 6225 28163
27886 23595 23932
23595 23932 27886
23932 23595 27886
10554 301 5737
5737 301 10554
301 5737 10554
27687 14076 26504
26504 14076 27687
14076 26504 27687
24805 9156 13359
13359 9156 24805
9156 13359 24805
24903 8195 19715
19715 8195 24903
8195 19715 24903
9756 14888 24982
24982 9756 14888
14888 9756 24982
19929 17986 18742
18742 17986 19929
17986 18742 19929
12982 12145 21662
21662 12145 12982
12145 12982 21662
6929 1185 9463
9463 1185 6929
1185 6929 9463
11508 8357 9728
8357 9728 11508
9728 8357 11508
9758 7578 13466
13466 7578 9758
7578 9758 13466
26593 1489 17138
1489 17138 26593
17138 1489 26593
13883 4845 20970
4845 13883 20970
20970 4845 13883
4788 19432 21032
21032 4788 19432
19432 4788 21032
6740 9690 10507
9690 6740 10507
10507 6740 9690
9576 5378 15857
15857 5378 9576
5378 9576 15857
2976 8604 27605
27605 2976 8604
8604 2976 27605
9002 3708 7037
7037 3708 9002
3708 7037 9002
28923 7313 9610
9610 7313 28923
7313 9610 28923
26818 3262 15856
3262 15856 26818
15856 3262 26818
2230 10999 28948
10999 2230 28948
28948 2230 10999
1799 4310 9541
4310 1799 9541
9541 1799 4310
21772 251 15637
15637 251 21772
251 15637 21772
29351 4288 14406
4288 14406 29351
14406 4288 29351
27869 19619 21427
19619 21427 27869
21427 19619 27869
25092 591 28920
591 25092 28920
28920 591 25092
13592 17431 27630
17431 13592 27630
27630 13592 17431
13739 574 25023
25023 574 13739
574 13739 25023
14603 16659 27747
27747 14603 16659
16659 14603 27747
24633 7996 10929
10929 7996 24633
7996 10929 24633
13863 4741 9830
4741 9830 13863
9830 4741 13863
29528 8065 26452
26452 8065 29528
8065 26452 29528
13235 10610 17883
10610 13235 17883
17883 10610 13235
9948 11847 29125
29125 9948 11847
11847 9948 29125
746 8190 12942
8190 746 12942
12942 746 8190
8812 16901 17340
17340 8812 16901
16901 8812 17340
27351 22045 22691
22691 22045 27351
22045 22691 27351
24147 8951 24051
8951 24051 24147
24051 8951 24147
11274 7984 11999
7984 11274 11999
11999 7984 11274
5346 17559 26112
17559 5346 26112
26112 5346 17559
11972 2747 15560
15560 2747 11972
2747 11972 15560
18007 20033 23056
20033 18007 23056
23056 18007 20033
10386 7828 20908
20908 7828 10386
7828 10386 20908
23633 16964 29024
16964 23633 29024
29024 16964 23633
15852 9556 12681
9556 12681 15852
12681 9556 15852
16578 10457 26945
10457 16578 26945
26945 10457 16578
21152 1684 28123
1684 21152 28123
28123 1684 21152
28525 17708 24329
24329 17708 28525
17708 24329 28525
11315 7118 24823
24823 7118 11315
7118 11315 24823
4730 6600 12603
6600 4730 12603
12603 4730 6600
10725 5148 21883
5148 10725 21883
21883 5148 10725
21621 7965 28555
7965 21621 28555
28555 7965 21621
7992 3161 5092
3161 5092 7992
5092 3161 7992
1079 4287 5627
4287 1079 5627
5627 1079 4287
9676 153 24288
24288 153 9676
153 9676 24288
17437 12835 20035
20035 12835 17437
12835 17437 20035
17997 11550 20974
20974 11550 17997
11550 17997 20974
13402 4400 8589
4400 8589 13402
8589 4400 13402
21969 3475 17322
3475 17322 21969
17322 3475 21969
11384 24101 29018
24101 11384 29018
29018 11384 24101
23415 12642 24052
12642 23415 24052
24052 12642 23415
13778 20668 25000
25000 13778 20668
20668 13778 25000
28856 4862 17748
4862 17748 28856
17748 4862 28856
27186 21485 26570
26570 21485 27186
21485 26570 27186
9153 2745 12257
2745 9153 12257
12257 2745 9153
19974 12423 16920
16920 12423 19974
12423 16920 19974
8909 3706 4132
3706 4132 8909
4132 3706 8909
21325 13177 29424
13177 21325 29424
29424 13177 21325
19030 3956 13290
3956 13290 19030
13290 3956 19030
1461 14944 29575
29575 1461 14944
14944 1461 29575
1622 1670 22914
1670 1622 22914
22914 1622 1670
23045 8199 23639
8199 23045 23639
23639 8199 23045
3434 1520 9930
1520 3434 9930
9930 1520 3434
15381 4380 25911
4380 15381 25911
25911 4380 15381
19121 16548 24487
24487 16548 19121
16548 19121 24487
27904 13142 23120
23120 13142 27904
13142 23120 27904
2118 9771 24563
24563 2118 9771
9771 2118 24563
23236 6622 20493
6622 20493 23236
20493 6622 23236
2726 9720 26418
9720 2726 26418
26418 2726 9720
7675 19449 21499
21499 7675 19449
19449 7675 21499
17314 1132 1708
1708 1132 17314
1132 1708 17314
18659 7438 29953
29953 7438 18659
7438 18659 29953
24763 15021 24316
15021 24316 24763
24316 15021 24763
22268 24787 26200
24787 22268 26200
26200 22268 24787
12436 4196 22499
4196 12436 22499
22499 4196 12436
9784 8053 24409
24409 8053 9784
8053 9784 24409
10197 17511 22319
17511 10197 22319
22319 10197 17511
23801 1141 21478
21478 1141 23801
1141 21478 23801
5218 6346 26004
26004 5218 6346
6346 5218 26004
16958 5495 6651
5495 6651 16958
6651 5495 16958
17823 21211 26746
26746 17823 21211
21211 17823 26746
20954 19442 24416
19442 20954 24416
24416 19442 20954
16498 7340 15923
15923 7340 16498
7340 15923 16498
16817 24639 26991
26991 16817 24639
24639 16817 26991
9625 864 27123
27123 864 9625
864 9625 27123
22746 14980 29342
14980 22746 29342
29342 14980 22746
13071 1691 25281
1691 13071 25281
25281 1691 13071
11366 7062 20377
20377 7062 11366
7062 11366 20377
21413 7221 16992
16992 7221 21413
7221 16992 21413
18205 11299 19310
11299 18205 19310
19310 11299 18205
4851 8321 21053
8321 4851 21053
21053 4851 8321
13497 11610 21976
11610 13497 21976
21976 11610 13497
4987 20916 27195
20916 4987 27195
27195 4987 20916
8423 15402 24047
15402 8423 24047
24047 8423 15402
10373 6799 13017
13017 6799 10373
6799 10373 13017
21328 20522 26536
20522 21328 26536
26536 20522 21328
28063 19 9733
9733 19 28063
19 9733 28063
27575 22 7185
22 7185 27575
7185 22 27575
11310 9949 11511
11511 9949 11310
9949 11310 11511
5564 4207 25349
25349 4207 5564
4207 5564 25349
19776 6878 17799
6878 17799 19776
17799 6878 19776
28679 11052 17628
17628 11052 28679
11052 17628 28679
12660 9006 29884
9006 12660 29884
29884 9006 12660
9551 22521 27825
22521 9551 27825
27825 9551 22521
10138 20471 27755
27755 10138 20471
20471 10138 27755
23614 18740 24371
24371 18740 23614
18740 23614 24371
23347 515 27092
27092 515 23347
515 23347 27092
29238 20783 25986
25986 20783 29238
20783 25986 29238
12898 20960 27956
20960 12898 27956
27956 12898 20960
15258 22383 27398
27398 15258 22383
22383 15258 27398
7269 12337 18997
18997 7269 12337
12337 7269 18997
8254 22756 27194
27194 8254 22756
22756 8254 27194
18043 10802 18576
10802 18043 18576
18576 10802 18043
18595 9571 27200
27200 9571 18595
9571 18595 27200
10591 583 12070
12070 583 10591
583 10591 12070
27888 5063 19934
5063 19934 27888
19934 5063 27888
18013 335 14151
14151 335 18013
335 14151 18013
9700 1095 15247
15247 1095 9700
1095 9700 15247
18315 488 13331
13331 488 18315
488 13331 18315
5985 10022 20510
20510 5985 10022
10022 5985 20510
25072 6913 13817
13817 6913 25072
6913 13817 25072
2099 10593 20188
20188 2099 10593
10593 2099 20188
13747 4674 9016
9016 4674 13747
4674 9016 13747
9572 7955 11642
11642 7955 9572
7955 9572 11642
17408 10096 14794
10096 14794 17408
14794 10096 17408
10547 8895 9349
9349 8895 10547
8895 9349 10547
22536 7379 24865
7379 22536 24865
24865 7379 22536
23967 17279 18172
17279 18172 23967
18172 17279 23967
16549 3143 18474
18474 3143 16549
3143 16549 18474
24898 3115 18102
18102 3115 24898
3115 18102 24898
23636 9575 22309
22309 9575 23636
9575 22309 23636
13794 12222 17443
17443 12222 13794
12222 13794 17443
18294 1223 21644
1223 18294 21644
21644 1223 18294
26983 23527 25933
25933 23527 26983
23527 25933 26983
4021 7294 12452
12452 4021 7294
7294 4021 12452
13049 14297 21143
21143 13049 14297
14297 13049 21143
17 4126 7330
4126 17 7330
7330 17 4126
25629 6887 18734
18734 6887 25629
6887 18734 25629
28505 406 12961
406 12961 28505
12961 406 28505
21185 8310 17711
8310 17711 21185
17711 8310 21185
2680 6512 24800
6512 2680 24800
24800 2680 6512
16558 19109 25100
25100 16558 19109
19109 16558 25100
3360 19675 26591
26591 3360 19675
19675 3360 26591
25940 6390 21178
21178 6390 25940
6390 21178 25940
4393 3488 9391
3488 4393 9391
9391 3488 4393
462 10779 16452
10779 462 16452
16452 462 10779
28411 4125 9394
4125 9394 28411
9394 4125 28411
28690 22705 23069
23069 22705 28690
22705 23069 28690
5553 15795 22868
22868 5553 15795
15795 5553 22868
27508 5624 22823
22823 5624 27508
5624 22823 27508
11083 17456 26691
17456 11083 26691
26691 11083 17456
23524 26682 29365
29365 23524 26682
26682 23524 29365
7243 2539 3317
2539 3317 7243
3317 2539 7243
2235 26650 28111
28111 2235 26650
26650 2235 28111
24343 1305 7480
1305 7480 24343
7480 1305 24343
18326 5407 25142
5407 18326 25142
25142 5407 18326
13098 5791 27282
27282 5791 13098
5791 13098 27282
22171 19167 28414
19167 22171 28414
28414 19167 22171
18477 15428 15567
15428 15567 18477
15567 15428 18477
1724 9157 24779
24779 1724 9157
9157 1724 24779
7451 5510 10648
5510 7451 10648
10648 5510 7451
25737 15139 26940
26940 15139 25737
15139 25737 26940
4315 12306 18838
12306 4315 18838
18838 4315 12306
20352 1693 24245
1693 20352 24245
24245 1693 20352
6573 1260 22127
22127 1260 6573
1260 6573 22127
13370 16792 18012
18012 13370 16792
16792 13370 18012
21533 5946 10903
5946 10903 21533
10903 5946 21533
19841 11331 28339
28339 11331 19841
11331 19841 28339
17283 1543 11375
1543 11375 17283
11375 1543 17283
9667 15518 20065
15518 9667 20065
20065 9667 15518
188 8698 9152
9152 188 8698
8698 188 9152
14518 12542 26642
12542 14518 26642
26642 12542 14518
26573 20730 23287
20730 23287 26573
23287 20730 26573
20921 18803 21401
18803 20921 21401
21401 18803 20921
3641 4817 16246
4817 3641 16246
16246 3641 4817
12955 5079 14932
5079 12955 14932
14932 5079 12955
1692 10531 25461
25461 1692 10531
10531 1692 25461
10954 1338 5322
5322 1338 10954
1338 5322 10954
6372 12890 29375
29375 6372 12890
12890 6372 29375
24734 14923 23686
23686 14923 24734
14923 23686 24734
5478 4438 22226
4438 5478 22226
22226 4438 5478
17674 14878 21898
21898 14878 17674
14878 17674 21898
24362 20209 27863
27863 20209 24362
20209 24362 27863
29607 2128 23413
2128 23413 29607
23413 2128 29607
25174 21904 27583
21904 25174 27583
27583 21904 25174
28126 4215 24634
24634 4215 28126
4215 24634 28126
24133 6517 25302
25302 6517 24133
6517 24133 25302
12172 15861 21370
21370 12172 15861
15861 12172 21370
9005 836 1404
1404 836 9005
836 1404 9005
2549 2741 28244
2741 2549 28244
28244 2549 2741
23481 26208 27792
26208 23481 27792
27792 23481 26208
23312 815 14284
14284 815 23312
815 14284 23312
27217 22832 27634
27634 22832 27217
22832 27217 27634
19377 19522 21326
19522 19377 21326
21326 19377 19522
10191 10388 20877
20877 10191 10388
10388 10191 20877
11672 24364 24490
24490 11672 24364
24364 11672 24490
28807 6187 8035
6187 8035 28807
8035 6187 28807
7810 3183 8994
3183 7810 8994
8994 3183 7810
24441 14291 28423
28423 14291 24441
14291 24441 28423
24501 3015 9171
3015 9171 24501
9171 3015 24501
13352 11113 26734
11113 13352 26734
26734 11113 13352
24233 19106 20511
20511 19106 24233
19106 20511 24233
25225 16610 23546
16610 23546 25225
23546 16610 25225
23468 15614 17929
17929 15614 23468
15614 17929 23468
29458 714 8743
714 8743 29458
8743 714 29458
3997 1357 3627
1357 3627 3997
3627 1357 3997
21070 16732 19156
16732 19156 21070
19156 16732 21070
26195 6300 24028
24028 6300 26195
6300 24028 26195
26911 4878 24260
24260 4878 26911
4878 24260 26911
18002 19961 22196
22196 18002 19961
19961 18002 22196
27558 1829 19149
19149 1829 27558
1829 19149 27558
4567 6035 12529
12529 4567 6035
6035 4567 12529
2750 5449 18176
18176 2750 5449
5449 2750 18176
11497 12804 19671
12804 11497 19671
19671 11497 12804
28851 2661 13658
13658 2661 28851
2661 13658 28851
16127 24628 28350
24628 16127 28350
28350 16127 24628
16002 10287 20092
20092 10287 16002
10287 16002 20092
20478 10776 25604
10776 20478 25604
25604 10776 20478
16198 6599 23709
23709 6599 16198
6599 16198 23709
24062 11022 17296
11022 17296 24062
17296 11022 24062
24970 4605 14348
14348 4605 24970
4605 14348 24970
1074 18436 28084
28084 1074 18436
18436 1074 28084
10455 16080 29659
29659 10455 16080
16080 10455 29659
1550 9600 24992
9600 1550 24992
24992 1550 9600
29111 2030 13180
13180 2030 29111
2030 13180 29111
24009 17599 24851
17599 24009 24851
24851 17599 24009
26220 10291 18974
10291 18974 26220
18974 10291 26220
4551 13464 15452
15452 4551 13464
13464 4551 15452
22886 90 28870
90 22886 28870
28870 90 22886
2855 1062 19050
1062 2855 19050
19050 1062 2855
20123 762 29677
762 20123 29677
29677 762 20123
14358 1848 14226
14226 1848 14358
1848 14226 14358
11949 5628 8450
8450 5628 11949
5628 8450 11949
12872 10928 22931
10928 12872 22931
22931 10928 12872
25683 1867 28034
28034 1867 25683
1867 25683 28034
29094 5919 26828
26828 5919 29094
5919 26828 29094
3633 2647 20997
2647 3633 20997
20997 2647 3633
7708 4358 5338
5338 4358 7708
4358 5338 7708
5372 24489 26387
26387 5372 24489
24489 5372 26387
12328 4129 20233
20233 4129 12328
4129 12328 20233
7009 16136 17224
17224 7009 16136
16136 7009 17224
2243 3790 14954
3790 2243 14954
14954 2243 3790
6770 9287 23151
9287 6770 23151
23151 6770 9287
29001 17633 23171
17633 23171 29001
23171 17633 29001
6693 13093 17490
17490 6693 13093
13093 6693 17490
14106 8755 26599
8755 14106 26599
26599 8755 14106
7597 11400 19221
19221 7597 11400
11400 7597 19221
28374 23114 28488
23114 28374 28488
28488 23114 28374
11740 34 25684
25684 34 11740
34 11740 25684
7608 175 18948
18948 175 7608
175 7608 18948
4296 7748 20491
20491 4296 7748
7748 4296 20491
22655 12716 14101
12716 14101 22655
14101 12716 22655
11619 11495 17468
17468 11495 11619
11495 11619 17468
29739 8624 13967
8624 13967 29739
13967 8624 29739
10620 2642 9118
2642 9118 10620
9118 2642 10620
14742 19190 23922
19190 14742 23922
23922 14742 19190
11403 8384 11471
11471 8384 11403
8384 11403 11471
23694 558 27804
27804 558 23694
558 23694 27804
20070 20705 25712
20705 20070 25712
25712 20070 20705
28714 4389 9056
9056 4389 28714
4389 9056 28714
3781 11096 21146
11096 3781 21146
21146 3781 11096
15813 6921 11183
11183 6921 15813
6921 11183 15813
25675 11379 19033
11379 19033 25675
19033 11379 25675
29489 1658 11775
11775 1658 29489
1658 11775 29489
5635 18088 19821
18088 5635 19821
19821 5635 18088
27777 14013 17636
14013 17636 27777
17636 14013 27777
18744 779 9977
779 9977 18744
9977 779 18744
19100 12944 17292
12944 17292 19100
17292 12944 19100
19912 5929 10480
10480 5929 19912
5929 10480 19912
18232 13689 23277
23277 13689 18232
13689 18232 23277
14310 3787 28628
3787 14310 28628
28628 3787 14310
27446 27365 27837
27837 27365 27446
27365 27446 27837
28637 5952 7357
7357 5952 28637
5952 7357 28637
9807 2838 23857
23857 2838 9807
2838 9807 23857
126 5808 23315
23315 126 5808
5808 126 23315
10206 9465 18439
9465 10206 18439
18439 9465 10206
13358 10896 21925
10896 13358 21925
21925 10896 13358
29508 10063 29466
29466 10063 29508
10063 29466 29508
908 23917 25266
23917 908 25266
25266 908 23917
23066 7423 18113
18113 7423 23066
7423 18113 23066
7772 10611 25471
25471 7772 10611
10611 7772 25471
22604 5489 24975
5489 22604 24975
24975 5489 22604
2882 10529 23910
10529 2882 23910
23910 2882 10529
13123 1588 15094
1588 13123 15094
15094 1588 13123
28654 10512 24613
10512 24613 28654
24613 10512 28654
3676 18877 19350
19350 3676 18877
18877 3676 19350
26709 4834 22311
22311 4834 26709
4834 22311 26709
25594 19661 29016
29016 19661 25594
19661 25594 29016
20929 6144 28942
6144 20929 28942
28942 6144 20929
3994 4131 11523
11523 3994 4131
4131 3994 11523
25175 364 24286
364 24286 25175
24286 364 25175
29958 524 26054
26054 524 29958
524 26054 29958
4547 687 4339
4339 687 4547
687 4339 4547
26869 8291 12552
8291 12552 26869
12552 8291 26869
29363 22148 23154
23154 22148 29363
22148 23154 29363
16314 13936 14332
13936 14332 16314
14332 13936 16314
14676 1249 12612
12612 1249 14676
1249 12612 14676
21502 17367 26987
17367 21502 26987
26987 17367 21502
11689 14596 20291
20291 11689 14596
14596 11689 20291
19948 6075 17060
17060 6075 19948
6075 17060 19948
4202 530 12464
12464 530 4202
530 4202 12464
29832 11833 16351
11833 16351 29832
16351 11833 29832
18535 18617 26564
26564 18535 18617
18617 18535 26564
2476 20332 25470
25470 2476 20332
20332 2476 25470
7843 3769 25985
3769 7843 25985
25985 3769 7843
6374 3510 21367
3510 6374 21367
21367 3510 6374
23828 4541 25170
4541 23828 25170
25170 4541 23828
314 8982 22405
8982 314 22405
22405 314 8982
17116 11938 12496
