2472 6 1673
6 1673 2472
1673 6 2472
1127 831 1195
831 1127 1195
1195 831 1127
570 374 1976
1976 374 570
374 570 1976
2804 746 2358
2358 746 2804
746 2358 2804
467 1762 2179
1762 467 2179
2179 467 1762
135 185 1629
1629 135 185
185 135 1629
1527 410 2940
2940 410 1527
410 1527 2940
1028 259 1142
1142 259 1028
259 1028 1142
2715 39 656
39 656 2715
656 39 2715
2935 2736 2949
2949 2736 2935
2736 2935 2949
818 1070 2103
1070 818 2103
2103 818 1070
594 1337 2307
1337 594 2307
2307 594 1337
867 170 1521
170 867 1521
1521 170 867
1801 814 2488
2488 814 1801
814 1801 2488
211 158 1531
1531 158 211
158 211 1531
1638 767 2161
767 1638 2161
2161 767 1638
805 78 1293
78 805 1293
1293 78 805
1328 119 2447
119 1328 2447
2447 119 1328
775 460 2753
460 775 2753
2753 460 775
1841 1132 2222
2222 1132 1841
1132 1841 2222
770 2390 2607
2390 770 2607
2607 770 2390
479 464 2725
2725 464 479
464 479 2725
771 1790 1870
1790 771 1870
1870 771 1790
1995 1022 2635
1022 1995 2635
2635 1022 1995
1257 461 2877
461 1257 2877
2877 461 1257
2094 227 2485
227 2094 2485
2485 227 2094
380 863 1441
1441 380 863
863 380 1441
2931 1408 2231
1408 2231 2931
2231 1408 2931
2785 386 612
386 612 2785
612 386 2785
2364 1104 1247
1104 1247 2364
1247 1104 2364
200 1730 2118
2118 200 1730
1730 200 2118
2929 743 2252
743 2252 2929
2252 743 2929
2061 1064 1393
1064 1393 2061
1393 1064 2061
592 110 2408
2408 110 592
110 592 2408
2404 539 931
539 931 2404
931 539 2404
1424 1749 2370
1749 1424 2370
2370 1424 1749
2246 2383 2866
2383 2246 2866
2866 2246 2383
1893 829 2911
829 1893 2911
2911 829 1893
393 234 1189
234 393 1189
1189 234 393
687 493 1317
493 687 1317
1317 493 687
1928 1131 1847
1847 1131 1928
1131 1847 1928
417 2806 2947
2806 417 2947
2947 417 2806
1889 1653 2713
2713 1653 1889
1653 1889 2713
1397 241 1210
1210 241 1397
241 1210 1397
2332 1376 1779
1779 1376 2332
1376 1779 2332
1382 5 1853
5 1382 1853
1853 5 1382
956 1220 2171
1220 956 2171
2171 956 1220
1287 722 1193
722 1193 1287
1193 722 1287
1161 1640 2007
2007 1161 1640
1640 1161 2007
298 2054 2380
2380 298 2054
2054 298 2380
2624 1582 2388
2388 1582 2624
1582 2388 2624
2504 1396 1615
1615 1396 2504
1396 1615 2504
2145 1098 2244
2244 1098 2145
1098 2145 2244
1480 533 1912
533 1480 1912
1912 533 1480
443 2041 2335
2041 443 2335
2335 443 2041
1055 1188 2459
2459 1055 1188
1188 1055 2459
357 1745 2295
1745 357 2295
2295 357 1745
1419 1613 2268
2268 1419 1613
1613 1419 2268
1698 2483 2514
2483 1698 2514
2514 1698 2483
1600 1952 2569
1952 1600 2569
2569 1600 1952
2226 64 368
64 368 2226
368 64 2226
1875 1738 2137
1738 1875 2137
2137 1738 1875
242 807 2183
807 242 2183
2183 242 807
149 37 2914
2914 37 149
37 149 2914
817 776 1386
776 817 1386
1386 776 817
2172 58 1704
58 1704 2172
1704 58 2172
1103 351 892
351 892 1103
892 351 1103
317 320 1076
1076 317 320
320 317 1076
1682 364 2616
364 1682 2616
2616 364 1682
2273 769 2477
2477 769 2273
769 2273 2477
2822 1637 2035
2035 1637 2822
1637 2035 2822
2523 579 996
579 996 2523
996 579 2523
1060 833 2100
2100 833 1060
833 1060 2100
483 779 2955
2955 483 779
779 483 2955
360 793 2567
793 360 2567
2567 360 793
1573 322 1218
1218 322 1573
322 1218 1573
2085 1303 1595
1595 1303 2085
1303 1595 2085
2181 1570 2109
2109 1570 2181
1570 2109 2181
723 2073 2519
2073 723 2519
2519 723 2073
1927 375 2484
2484 375 1927
375 1927 2484
2562 890 1183
1183 890 2562
890 1183 2562
2829 311 2287
2287 311 2829
311 2287 2829
1452 495 2180
2180 495 1452
495 1452 2180
1662 967 1798
1798 967 1662
967 1662 1798
1772 684 1166
1166 684 1772
684 1166 1772
42 1658 2912
1658 42 2912
2912 42 1658
1261 871 1149
1149 871 1261
871 1149 1261
123 820 873
820 123 873
873 123 820
2808 7 2140
2140 7 2808
7 2140 2808
2027 852 1736
852 1736 2027
1736 852 2027
248 1204 2719
2719 248 1204
1204 248 2719
1799 1448 1526
1526 1448 1799
1448 1526 1799
664 921 923
921 664 923
923 664 921
1864 2316 2761
2316 1864 2761
2761 1864 2316
666 1348 2834
2834 666 1348
1348 666 2834
1192 1748 2245
1748 1192 2245
2245 1192 1748
2903 650 2893
2893 650 2903
650 2893 2903
510 1571 2271
2271 510 1571
1571 510 2271
1271 365 2014
365 1271 2014
2014 365 1271
2662 265 765
265 765 2662
765 265 2662
2371 1519 2984
2984 1519 2371
1519 2371 2984
1336 1147 2123
2123 1147 1336
1147 1336 2123
1045 906 2029
906 1045 2029
2029 906 1045
2927 1170 2553
1170 2553 2927
2553 1170 2927
120 1235 1377
1377 120 1235
1235 120 1377
1819 637 1993
637 1819 1993
1993 637 1819
2976 1585 2134
1585 2134 2976
2134 1585 2976
2727 1174 2032
2032 1174 2727
1174 2032 2727
2210 1406 2530
1406 2210 2530
2530 1406 2210
688 451 1999
451 688 1999
1999 451 688
400 103 1037
1037 103 400
103 400 1037
1159 204 450
450 204 1159
204 450 1159
2939 462 1654
462 1654 2939
1654 462 2939
429 1334 2794
2794 429 1334
1334 429 2794
291 1388 2775
1388 291 2775
2775 291 1388
432 1346 1904
1904 432 1346
1346 432 1904
86 2152 2769
2769 86 2152
2152 86 2769
404 1086 2538
2538 404 1086
1086 404 2538
1665 44 492
44 492 1665
492 44 1665
2594 659 1089
659 1089 2594
1089 659 2594
126 318 2910
2910 126 318
318 126 2910
1829 425 2116
425 1829 2116
2116 425 1829
1597 1205 1358
1205 1358 1597
1358 1205 1597
2120 2319 2964
2319 2120 2964
2964 2120 2319
167 755 895
755 167 895
895 167 755
1265 397 2688
397 1265 2688
2688 397 1265
2376 1069 1302
1302 1069 2376
1069 1302 2376
1330 692 1856
1856 692 1330
692 1330 1856
47 1324 1940
1940 47 1324
1324 47 1940
2885 1320 1845
1845 1320 2885
1320 1845 2885
2038 2540 2905
2540 2038 2905
2905 2038 2540
661 563 1524
1524 563 661
563 661 1524
2678 1547 2278
2278 1547 2678
1547 2278 2678
2433 502 2571
502 2433 2571
2571 502 2433
2677 501 2456
501 2456 2677
2456 501 2677
2577 441 2883
2883 441 2577
441 2577 2883
1005 80 92
80 92 1005
92 80 1005
1817 587 2777
587 1817 2777
2777 587 1817
2247 606 2921
2921 606 2247
606 2247 2921
1851 827 1494
827 1494 1851
1494 827 1851
1483 1599 1880
1880 1483 1599
1599 1483 1880
2920 1087 1468
1468 1087 2920
1087 1468 2920
2341 1013 1099
1099 1013 2341
1013 1099 2341
2995 1739 2737
1739 2737 2995
2737 1739 2995
701 1884 2102
1884 701 2102
2102 701 1884
4 2862 2881
2881 4 2862
2862 4 2881
1333 361 2105
2105 361 1333
361 1333 2105
946 1556 2396
2396 946 1556
1556 946 2396
2986 591 1968
1968 591 2986
591 1968 2986
1707 868 947
947 868 1707
868 947 1707
2141 2366 2652
2652 2141 2366
2366 2141 2652
1769 839 1948
1948 839 1769
839 1769 1948
908 215 2781
215 908 2781
2781 215 908
2280 50 777
777 50 2280
50 777 2280
2235 717 1639
717 1639 2235
1639 717 2235
2379 96 275
275 96 2379
96 275 2379
1202 1860 2556
2556 1202 1860
1860 1202 2556
457 706 1177
706 457 1177
1177 457 706
2548 888 2357
888 2357 2548
2357 888 2548
1892 885 1744
885 1744 1892
1744 885 1892
1007 1073 1938
1073 1007 1938
1938 1007 1073
2663 922 1484
922 1484 2663
1484 922 2663
2982 1155 2617
1155 2617 2982
2617 1155 2982
741 1428 2948
2948 741 1428
1428 741 2948
2723 2589 2889
2589 2723 2889
2889 2589 2723
67 1824 2052
1824 67 2052
2052 67 1824
2821 1545 1588
1545 1588 2821
1588 1545 2821
1699 189 2099
189 1699 2099
2099 189 1699
511 1450 2302
1450 511 2302
2302 511 1450
458 1157 2657
2657 458 1157
1157 458 2657
1487 655 2197
655 1487 2197
2197 655 1487
1855 1375 1815
1815 1375 1855
1375 1815 1855
2535 1565 2018
1565 2018 2535
2018 1565 2535
85 247 811
811 85 247
247 85 811
2573 1453 2178
1453 2178 2573
2178 1453 2573
1664 358 2028
2028 358 1664
358 1664 2028
1327 31 1946
31 1327 1946
1946 31 1327
219 678 2798
678 219 2798
2798 219 678
9 250 2872
250 9 2872
2872 9 250
476 803 2709
803 476 2709
2709 476 803
1492 1566 2362
1566 1492 2362
2362 1492 1566
2149 1001 2541
2541 1001 2149
1001 2149 2541
1667 38 2132
38 1667 2132
2132 38 1667
1676 138 521
521 138 1676
138 521 1676
2700 1224 2608
2608 1224 2700
1224 2608 2700
286 165 497
497 165 286
165 286 497
2880 509 575
575 509 2880
509 575 2880
614 1788 2407
1788 614 2407
2407 614 1788
1062 274 1897
274 1062 1897
1897 274 1062
2755 488 1080
1080 488 2755
488 1080 2755
2754 229 2498
229 2498 2754
2498 229 2754
1887 489 2959
2959 489 1887
489 1887 2959
1590 2690 2962
2962 1590 2690
2690 1590 2962
1052 1786 2566
2566 1052 1786
1786 1052 2566
2529 271 2084
2084 271 2529
271 2084 2529
2892 1296 1623
1623 1296 2892
1296 1623 2892
1165 1560 2698
1560 1165 2698
2698 1165 1560
1859 225 2641
2641 225 1859
225 1859 2641
88 97 2860
97 88 2860
2860 88 97
2522 16 582
16 582 2522
582 16 2522
2471 1246 1343
1343 1246 2471
1246 1343 2471
506 1181 2294
1181 506 2294
2294 506 1181
2015 523 1221
1221 523 2015
523 1221 2015
282 390 2160
2160 282 390
390 282 2160
2101 872 2156
872 2101 2156
2156 872 2101
2203 414 1592
414 1592 2203
1592 414 2203
1285 1047 1288
1288 1047 1285
1047 1285 1288
730 1363 2787
1363 730 2787
2787 730 1363
2200 718 1467
718 1467 2200
1467 718 2200
146 1789 2508
1789 146 2508
2508 146 1789
1253 1144 1666
1144 1253 1666
1666 1144 1253
2281 2174 2286
2174 2281 2286
2286 2174 2281
33 222 1508
1508 33 222
222 33 1508
168 490 1292
490 168 1292
1292 168 490
2055 447 613
613 447 2055
447 613 2055
1694 586 1620
586 1620 1694
1620 586 1694
154 307 2575
2575 154 307
307 154 2575
309 436 1643
1643 309 436
436 309 1643
920 1587 2941
2941 920 1587
1587 920 2941
431 1706 1765
1765 431 1706
1706 431 1765
2878 367 1435
367 1435 2878
1435 367 2878
1017 101 1538
1538 101 1017
101 1017 1538
2765 151 316
151 316 2765
316 151 2765
525 1250 2767
2767 525 1250
1250 525 2767
2831 1695 2671
2671 1695 2831
1695 2671 2831
580 1447 1783
1783 580 1447
1447 580 1783
1451 90 2227
90 1451 2227
2227 90 1451
1513 1708 1722
1708 1513 1722
1722 1513 1708
258 134 824
134 258 824
824 134 258
2633 584 1621
584 1621 2633
1621 584 2633
2393 228 2166
2166 228 2393
228 2166 2393
2097 1493 2952
1493 2097 2952
2952 1493 2097
2440 330 624
330 624 2440
624 330 2440
1873 91 2236
91 1873 2236
2236 91 1873
1277 1391 2155
2155 1277 1391
1391 1277 2155
2552 423 1390
1390 423 2552
423 1390 2552
454 1627 2668
2668 454 1627
1627 454 2668
52 1820 2582
1820 52 2582
2582 52 1820
1264 780 1411
1411 780 1264
780 1264 1411
857 1043 2284
1043 857 2284
2284 857 1043
550 957 2950
2950 550 957
957 550 2950
1609 951 1029
951 1029 1609
1029 951 1609
1863 323 2623
2623 323 1863
323 1863 2623
2502 1844 2824
2824 1844 2502
1844 2502 2824
669 986 1407
986 669 1407
1407 669 986
1690 1922 2586
2586 1690 1922
1922 1690 2586
1945 1000 1291
1291 1000 1945
1000 1291 1945
2310 418 421
421 418 2310
418 421 2310
395 2175 2539
2175 395 2539
2539 395 2175
2012 377 2628
377 2012 2628
2628 377 2012
1465 1758 1939
1939 1465 1758
1758 1465 1939
2412 388 2328
2328 388 2412
388 2328 2412
45 2684 2894
2894 45 2684
2684 45 2894
950 1190 2086
1190 950 2086
2086 950 1190
267 484 2784
2784 267 484
484 267 2784
2510 789 2347
789 2347 2510
2347 789 2510
854 734 1063
1063 734 854
734 854 1063
869 236 2225
236 869 2225
2225 236 869
387 406 1273
1273 387 406
406 387 1273
2479 2019 2745
2745 2019 2479
2019 2479 2745
1041 709 1255
709 1041 1255
1255 709 1041
1454 1842 2980
1842 1454 2980
2980 1454 1842
191 696 1961
1961 191 696
696 191 1961
2520 2176 2285
2285 2176 2520
2176 2285 2520
75 2315 2446
2446 75 2315
2315 75 2446
2546 721 1237
721 1237 2546
1237 721 2546
670 1284 1520
1284 670 1520
1520 670 1284
627 799 935
935 627 799
799 627 935
2092 1642 2060
2060 1642 2092
1642 2060 2092
2658 617 1238
617 1238 2658
1238 617 2658
932 735 2760
2760 735 932
735 932 2760
207 1401 1558
1401 207 1558
1558 207 1401
1735 828 1822
1822 828 1735
828 1735 1822
1360 716 1270
716 1270 1360
1270 716 1360
1108 589 2963
589 1108 2963
2963 589 1108
1135 1081 2330
1081 1135 2330
2330 1081 1135
751 1608 2142
1608 751 2142
2142 751 1608
102 569 2405
2405 102 569
569 102 2405
600 1885 1979
1885 600 1979
1979 600 1885
2476 909 1053
909 1053 2476
1053 909 2476
1932 1766 2818
2818 1766 1932
1766 1932 2818
1635 1715 2198
2198 1635 1715
1715 1635 2198
1128 166 2173
2173 166 1128
166 1128 2173
60 1118 2184
2184 60 1118
1118 60 2184
2449 791 2972
791 2449 2972
2972 791 2449
2923 213 1630
213 1630 2923
1630 213 2923
2480 786 2291
2291 786 2480
786 2291 2480
2372 679 1868
679 1868 2372
1868 679 2372
187 2096 2625
2096 187 2625
2625 187 2096
1004 254 2807
254 1004 2807
2807 254 1004
2445 279 2415
279 2415 2445
2415 279 2445
2627 881 2470
2470 881 2627
881 2470 2627
2667 551 2817
551 2667 2817
2817 551 2667
974 783 2646
783 974 2646
2646 783 974
256 2664 2832
2664 256 2832
2832 256 2664
2802 1652 2825
2825 1652 2802
1652 2802 2825
2766 1776 2596
1776 2596 2766
2596 1776 2766
376 727 2521
727 376 2521
2521 376 727
1240 720 1442
720 1240 1442
1442 720 1240
1119 379 603
379 603 1119
603 379 1119
2002 948 2924
2924 948 2002
948 2002 2924
2051 1380 2638
1380 2051 2638
2638 1380 2051
558 955 1774
955 558 1774
1774 558 955
2146 221 2354
2354 221 2146
221 2146 2354
2559 144 2159
144 2159 2559
2159 144 2559
1733 25 1981
1981 25 1733
25 1733 1981
17 69 662
662 17 69
69 17 662
1930 1092 1186
1092 1186 1930
1186 1092 1930
2218 285 2838
285 2218 2838
2838 285 2218
2215 855 1504
1504 855 2215
855 1504 2215
2640 516 2509
2509 516 2640
516 2509 2640
1066 1427 1935
1935 1066 1427
1427 1066 1935
917 313 2068
2068 313 917
313 917 2068
1826 598 1578
598 1578 1826
1578 598 1826
270 702 2672
702 270 2672
2672 270 702
2604 1926 2661
1926 2604 2661
2661 1926 2604
2125 315 915
315 915 2125
915 315 2125
835 1782 2694
1782 835 2694
2694 835 1782
2416 412 446
412 446 2416
446 412 2416
1182 728 1222
728 1182 1222
1222 728 1182
596 842 2431
842 596 2431
2431 596 842
581 507 1429
1429 507 581
507 581 1429
2465 348 2321
348 2321 2465
2321 348 2465
1633 1267 2875
1267 1633 2875
2875 1267 1633
1990 2106 2486
2106 1990 2486
2486 1990 2106
982 2110 2957
2957 982 2110
2110 982 2957
2887 1778 2891
1778 2887 2891
2891 1778 2887
1931 428 719
719 428 1931
428 719 1931
2969 749 2318
749 2318 2969
2318 749 2969
564 2555 2587
2555 564 2587
2587 564 2555
2478 125 289
289 125 2478
125 289 2478
1082 147 2458
147 1082 2458
2458 147 1082
1370 644 802
802 644 1370
644 802 1370
1670 141 1368
141 1368 1670
1368 141 1670
1268 1061 2058
1061 1268 2058
2058 1061 1268
2270 216 1475
216 1475 2270
1475 216 2270
1225 2030 2212
2212 1225 2030
2030 1225 2212
118 2406 2595
2406 118 2595
2595 118 2406
2634 1915 2673
2673 1915 2634
1915 2634 2673
865 57 1417
1417 57 865
57 865 1417
2255 334 2744
2744 334 2255
334 2255 2744
629 1299 2398
1299 629 2398
2398 629 1299
998 1591 2870
1591 998 2870
2870 998 1591
2192 1394 1861
1394 1861 2192
1861 1394 2192
2579 346 630
630 346 2579
346 630 2579
370 1173 2999
1173 370 2999
2999 370 1173
1809 137 281
281 137 1809
137 281 1809
1510 1200 1367
1200 1367 1510
1367 1200 1510
1619 1122 2758
2758 1122 1619
1122 1619 2758
2572 508 1263
1263 508 2572
508 1263 2572
654 475 2854
475 654 2854
2854 475 654
2221 1543 1857
1857 1543 2221
1543 1857 2221
339 1849 1953
1849 339 1953
1953 339 1849
2560 1083 1890
1890 1083 2560
1083 1890 2560
2039 693 2819
693 2039 2819
2819 693 2039
1933 362 1458
362 1458 1933
1458 362 1933
1112 1618 1959
1959 1112 1618
1618 1112 1959
353 566 1495
566 353 1495
1495 353 566
1987 652 1951
1951 652 1987
652 1951 1987
1728 1956 2046
2046 1728 1956
1956 1728 2046
2714 1354 1469
1354 1469 2714
1469 1354 2714
646 976 1203
976 646 1203
1203 646 976
520 1848 2908
1848 520 2908
2908 520 1848
1534 2493 2926
2493 1534 2926
2926 1534 2493
707 1712 2788
2788 707 1712
1712 707 2788
597 62 336
62 336 597
336 62 597
1400 1117 2820
1117 1400 2820
2820 1117 1400
108 1311 2496
1311 108 2496
2496 108 1311
1737 15 2593
2593 15 1737
15 1737 2593
304 745 2528
745 304 2528
2528 304 745
2395 53 1217
53 1217 2395
1217 53 2395
277 276 2011
276 277 2011
2011 276 277
2551 560 2186
2186 560 2551
560 2186 2551
178 619 1211
619 178 1211
1211 178 619
849 936 2816
936 849 2816
2816 849 936
568 1374 1696
1696 568 1374
1374 568 1696
2443 243 524
243 524 2443
524 243 2443
1152 546 2004
2004 546 1152
546 1152 2004
1533 870 1440
870 1440 1533
1440 870 1533
740 472 864
472 740 864
864 472 740
172 2260 2810
2260 172 2810
2810 172 2260
2840 2424 2711
2424 2711 2840
2711 2424 2840
876 434 1444
434 876 1444
1444 434 876
2790 1463 2205
2205 1463 2790
1463 2205 2790
548 2462 2989
2462 548 2989
2989 548 2462
1031 1044 1896
1896 1031 1044
1044 1031 1896
2811 999 1811
1811 999 2811
999 1811 2811
2495 639 1691
639 1691 2495
1691 639 2495
2410 924 1686
924 1686 2410
1686 924 2410
911 1341 1977
1341 911 1977
1977 911 1341
2882 1141 1780
1141 1780 2882
1780 1141 2882
1279 515 1491
1491 515 1279
515 1279 1491
2303 557 657
557 657 2303
657 557 2303
333 1466 2170
1466 333 2170
2170 333 1466
1095 1258 2918
1258 1095 2918
2918 1095 1258
1373 71 2065
71 1373 2065
2065 71 1373
124 898 2666
2666 124 898
898 124 2666
796 1395 2968
1395 796 2968
2968 796 1395
2574 1403 1605
1403 1605 2574
1605 1403 2574
1805 173 288
288 173 1805
173 288 1805
1110 1065 1743
1743 1065 1110
1065 1110 1743
1616 21 1989
21 1616 1989
1989 21 1616
1201 30 787
787 30 1201
30 787 1201
1019 1650 2836
1650 1019 2836
2836 1019 1650
2025 1021 2813
2813 1021 2025
1021 2025 2813
1701 411 590
590 411 1701
411 590 1701
22 1184 1280
1280 22 1184
1184 22 1280
1596 784 1191
784 1191 1596
1191 784 1596
1802 1594 2034
2034 1594 1802
1594 1802 2034
1944 373 1486
1486 373 1944
373 1486 1944
1228 306 914
306 914 1228
914 306 1228
543 884 2979
2979 543 884
884 543 2979
1209 1364 2544
2544 1209 1364
1364 1209 2544
537 813 1409
813 537 1409
1409 537 813
371 801 1692
1692 371 801
801 371 1692
456 2578 2796
2578 456 2796
2796 456 2578
1754 296 2491
2491 296 1754
296 1754 2491
766 682 939
939 682 766
682 766 939
2867 2650 2837
2837 2650 2867
2650 2837 2867
2978 321 808
808 321 2978
321 808 2978
744 463 2474
463 744 2474
2474 463 744
853 301 556
556 301 853
301 556 853
1194 823 2001
823 1194 2001
2001 823 1194
249 588 2823
588 249 2823
2823 249 588
526 2104 2665
2665 526 2104
2104 526 2665
926 704 2722
704 926 2722
2722 704 926
491 1223 2756
2756 491 1223
1223 491 2756
2631 201 933
201 933 2631
933 201 2631
2201 737 2993
737 2201 2993
2993 737 2201
1164 1634 2900
1634 1164 2900
2900 1164 1634
1054 2009 2899
2899 1054 2009
2009 1054 2899
2774 2697 2975
2697 2774 2975
2975 2697 2774
2932 245 1187
245 1187 2932
1187 245 2932
1010 504 2598
504 1010 2598
2598 504 1010
2782 87 1457
1457 87 2782
87 1457 2782
2686 1036 2151
2151 1036 2686
1036 2151 2686
830 577 2337
577 830 2337
2337 577 830
169 292 2847
292 169 2847
2847 169 292
2869 128 1199
128 1199 2869
1199 128 2869
610 990 1960
990 610 1960
1960 610 990
2387 252 971
252 971 2387
971 252 2387
2561 344 2749
2749 344 2561
344 2561 2749
1672 861 1625
861 1625 1672
1625 861 1672
904 747 1767
1767 747 904
747 904 1767
1167 217 1768
1768 217 1167
217 1167 1768
1316 303 2263
303 1316 2263
2263 303 1316
478 1648 2044
1648 478 2044
2044 478 1648
1796 632 1583
632 1583 1796
1583 632 1796
1172 938 2150
938 1172 2150
2150 938 1172
1379 1384 2925
1384 1379 2925
2925 1379 1384
2731 1529 2601
2601 1529 2731
1529 2601 2731
739 1580 2223
2223 739 1580
1580 739 2223
2997 534 1929
1929 534 2997
534 1929 2997
164 928 2336
928 164 2336
2336 164 928
1603 1231 1697
1697 1231 1603
1231 1603 1697
1549 77 978
77 978 1549
978 77 1549
2998 54 969
969 54 2998
54 969 2998
2127 1413 2705
1413 2127 2705
2705 1413 2127
1584 56 297
297 56 1584
56 297 1584
1434 433 625
433 625 1434
625 433 1434
2211 902 1610
902 1610 2211
1610 902 2211
847 130 224
130 224 847
224 130 847
1387 2087 2091
2087 1387 2091
2091 1387 2087
2298 988 1349
1349 988 2298
988 1349 2298
2242 113 2238
2238 113 2242
113 2238 2242
500 442 2190
442 500 2190
2190 442 500
797 1215 1439
1215 797 1439
1439 797 1215
981 121 1883
1883 121 981
121 981 1883
1806 1300 2232
2232 1300 1806
1300 1806 2232
2296 2349 2547
2349 2296 2547
2547 2296 2349
2460 1369 2334
1369 2334 2460
2334 1369 2460
2365 1163 2801
1163 2365 2801
2801 1163 2365
23 880 1541
1541 23 880
880 23 1541
1821 815 918
815 918 1821
918 815 1821
1878 2241 2919
2241 1878 2919
2919 1878 2241
2361 844 1937
844 1937 2361
1937 844 2361
2637 122 1641
122 1641 2637
1641 122 2637
1392 1751 1924
1751 1392 1924
1924 1392 1751
308 405 2815
2815 308 405
405 308 2815
1321 674 1158
1158 674 1321
674 1158 1321
65 1536 2088
2088 65 1536
1536 65 2088
312 206 2239
2239 206 312
206 312 2239
2922 136 1705
136 1705 2922
1705 136 2922
2879 231 1703
1703 231 2879
231 1703 2879
156 439 1969
1969 156 439
439 156 1969
2930 1723 2442
2442 1723 2930
1723 2442 2930
171 59 1721
59 171 1721
1721 59 171
157 1009 1530
1530 157 1009
1009 157 1530
401 329 1589
1589 329 401
329 401 1589
503 561 2898
2898 503 561
561 503 2898
176 1574 2644
1574 176 2644
2644 176 1574
1607 573 1843
573 1607 1843
1843 573 1607
695 778 1130
1130 695 778
778 695 1130
2428 1281 2795
1281 2428 2795
2795 1281 2428
2292 711 2289
2289 711 2292
711 2289 2292
1978 148 415
415 148 1978
148 415 1978
541 142 1216
1216 142 541
142 541 1216
2525 1077 1725
1725 1077 2525
1077 1725 2525
862 293 2113
2113 293 862
293 862 2113
1214 1971 2751
2751 1214 1971
1971 1214 2751
1982 832 2439
832 1982 2439
2439 832 1982
1967 708 1908
1908 708 1967
708 1908 1967
1269 174 690
690 174 1269
174 690 1269
2434 538 785
538 785 2434
785 538 2434
953 726 1947
1947 726 953
726 953 1947
1315 448 1865
448 1315 1865
1865 448 1315
1229 2436 2856
2436 1229 2856
2856 1229 2436
1941 1357 2852
1357 1941 2852
2852 1357 1941
2360 819 2053
2053 819 2360
819 2053 2360
1481 2074 2909
2074 1481 2909
2909 1481 2074
983 1996 2037
1996 983 2037
2037 983 1996
408 345 1659
1659 345 408
345 408 1659
733 153 1139
1139 153 733
153 733 1139
1867 253 2413
253 1867 2413
2413 253 1867
486 649 1356
649 486 1356
1356 486 649
1431 1569 1994
1994 1431 1569
1569 1431 1994
768 973 1154
1154 768 973
973 768 1154
2740 653 1072
1072 653 2740
653 1072 2740
34 1552 2517
1552 34 2517
2517 34 1552
1555 1260 2168
1260 1555 2168
2168 1260 1555
1309 1563 1834
1834 1309 1563
1563 1309 1834
705 466 1740
466 705 1740
1740 466 705
195 1241 2340
2340 195 1241
1241 195 2340
2475 422 1902
1902 422 2475
422 1902 2475
519 1564 2067
2067 519 1564
1564 519 2067
2129 179 2266
2266 179 2129
179 2129 2266
403 972 1734
1734 403 972
972 403 1734
115 759 1282
1282 115 759
759 115 1282
1546 1106 1804
1106 1546 1804
1804 1106 1546
899 1162 2750
1162 899 2750
2750 899 1162
1581 109 552
109 552 1581
552 109 1581
545 420 1918
1918 420 545
420 545 1918
2800 1557 2082
2082 1557 2800
1557 2082 2800
1540 1039 1661
1039 1540 1661
1661 1039 1540
1058 2208 2452
2452 1058 2208
2208 1058 2452
1501 1657 2283
1657 1501 2283
2283 1501 1657
634 465 2844
2844 465 634
465 634 2844
1075 2256 2494
2494 1075 2256
2256 1075 2494
1472 822 1636
1636 822 1472
822 1472 1636
638 724 1362
1362 638 724
724 638 1362
760 1421 1792
1421 760 1792
1792 760 1421
544 1148 2339
1148 544 2339
2339 544 1148
1687 1800 2988
2988 1687 1800
1800 1687 2988
1872 1151 2333
2333 1151 1872
1151 1872 2333
712 161 1724
1724 161 712
161 712 1724
2264 2194 2971
2971 2194 2264
2194 2264 2971
2653 1051 1133
1133 1051 2653
1051 1133 2653
2833 2115 2981
2115 2833 2981
2981 2115 2833
140 1572 1593
1572 140 1593
1593 140 1572
2977 763 1914
1914 763 2977
763 1914 2977
2314 1042 2768
1042 2314 2768
2768 1042 2314
1646 834 1301
1301 834 1646
834 1301 1646
2206 554 2133
2133 554 2206
554 2133 2206
3000 82 2139
2139 82 3000
82 2139 3000
1342 295 668
668 295 1342
295 668 1342
2195 1123 1561
1561 1123 2195
1123 1561 2195
1746 960 965
960 965 1746
965 960 1746
2482 1109 1318
1318 1109 2482
1109 1318 2482
1544 1196 2394
1196 1544 2394
2394 1196 1544
2148 645 2876
645 2148 2876
2876 645 2148
2718 879 2079
2079 879 2718
879 2079 2718
84 470 2645
470 84 2645
2645 84 470
105 812 1874
812 105 1874
1874 105 812
46 1245 2377
2377 46 1245
1245 46 2377
2513 335 2884
335 2513 2884
2884 335 2513
1169 94 583
583 94 1169
94 583 1169
2265 79 2913
79 2265 2913
2913 79 2265
2746 1140 1668
1140 1668 2746
1668 1140 2746
2095 713 2196
2196 713 2095
713 2095 2196
1681 278 2013
2013 278 1681
278 1681 2013
1980 132 2676
2676 132 1980
132 1980 2676
2250 642 2791
2791 642 2250
642 2250 2791
83 198 894
894 83 198
198 83 894
2897 628 1747
1747 628 2897
628 1747 2897
2946 2020 2469
2469 2020 2946
2020 2469 2946
1340 338 459
459 338 1340
338 459 1340
826 485 878
485 826 878
878 485 826
626 1410 2726
1410 626 2726
2726 626 1410
2735 1074 2468
2468 1074 2735
1074 2468 2735
840 184 1830
1830 184 840
184 840 1830
975 1416 2342
1416 975 2342
2342 975 1416
1120 1197 1474
1197 1120 1474
1474 1120 1197
181 2384 2724
2384 181 2724
2724 181 2384
2418 1836 2191
2191 1836 2418
1836 2191 2418
499 1160 1352
1352 499 1160
1160 499 1352
1787 762 2550
2550 762 1787
762 1787 2550
1577 698 2842
2842 698 1577
698 1577 2842
1916 2182 2828
2182 1916 2828
2828 1916 2182
1839 2279 2859
2859 1839 2279
2279 1839 2859
2511 1423 2773
1423 2511 2773
2773 1423 2511
2441 2153 2958
2153 2441 2958
2958 2153 2441
2846 1420 1854
1420 1854 2846
1854 1420 2846
1702 2089 2136
2089 1702 2136
2136 1702 2089
1568 887 2304
2304 887 1568
887 1568 2304
945 2016 2081
2081 945 2016
2016 945 2081
244 667 2422
667 244 2422
2422 244 667
607 302 2762
2762 302 607
302 607 2762
10 1319 2272
2272 10 1319
1319 10 2272
2352 152 715
715 152 2352
152 715 2352
2865 615 1121
1121 615 2865
615 1121 2865
1332 223 761
761 223 1332
223 761 1332
816 2300 2515
2300 816 2515
2515 816 2300
2693 100 159
159 100 2693
100 159 2693
2345 2707 2996
2707 2345 2996
2996 2345 2707
1243 246 1476
1476 246 1243
246 1243 1476
850 1310 1729
1729 850 1310
1310 850 1729
2830 76 1050
1050 76 2830
76 1050 2830
424 349 2532
349 424 2532
2532 349 424
238 621 2374
621 238 2374
2374 238 621
1286 2057 2826
2826 1286 2057
2057 1286 2826
2763 116 2288
2288 116 2763
116 2288 2763
1684 731 989
731 989 1684
989 731 1684
2423 513 966
513 966 2423
966 513 2423
127 1178 2381
2381 127 1178
1178 127 2381
2783 481 2487
2487 481 2783
481 2487 2783
651 2045 2632
2632 651 2045
2045 651 2632
2499 549 1626
549 1626 2499
1626 549 2499
2506 2789 2973
2973 2506 2789
2789 2506 2973
1490 2075 2126
2126 1490 2075
2075 1490 2126
1934 430 1901
1901 430 1934
430 1901 1934
280 2144 2467
2467 280 2144
2144 280 2467
1825 647 2048
647 1825 2048
2048 647 1825
1911 237 1415
237 1415 1911
1415 237 1911
2385 372 875
875 372 2385
372 875 2385
792 2437 2629
2629 792 2437
2437 792 2629
2274 264 788
788 264 2274
264 788 2274
874 1500 1785
1785 874 1500
1500 874 1785
671 1030 1345
1345 671 1030
1030 671 1345
1499 1791 2455
2455 1499 1791
1791 1499 2455
2453 2108 2425
2425 2108 2453
2108 2425 2453
2107 1663 1898
1898 1663 2107
1663 1898 2107
2464 1306 1835
1306 1835 2464
1835 1306 2464
2069 595 1290
1290 595 2069
595 1290 2069
2457 183 941
941 183 2457
183 941 2457
2505 319 1974
1974 319 2505
319 1974 2505
2344 1781 2448
2448 1781 2344
1781 2344 2448
1298 1156 2224
2224 1156 1298
1156 1298 2224
1198 1689 1775
1775 1198 1689
1689 1198 1775
608 186 2430
186 608 2430
2430 186 608
111 284 1038
284 111 1038
1038 111 284
89 773 2871
2871 89 773
773 89 2871
522 28 1986
28 522 1986
1986 28 522
413 1732 2327
2327 413 1732
1732 413 2327
2262 55 2591
2591 55 2262
55 2262 2591
2083 210 2704
210 2083 2704
2704 210 2083
2234 660 2356
660 2234 2356
2356 660 2234
1891 891 897
891 897 1891
897 891 1891
48 1067 2902
2902 48 1067
1067 48 2902
2537 416 2928
416 2537 2928
2928 416 2537
2164 18 1700
1700 18 2164
18 1700 2164
2839 1496 1943
1943 1496 2839
1496 1943 2839
2331 196 2243
2243 196 2331
196 2243 2331
482 752 1226
752 482 1226
1226 482 752
2158 1213 2759
2759 1213 2158
1213 2158 2759
262 1018 2850
1018 262 2850
2850 262 1018
1773 1814 2772
2772 1773 1814
1814 1773 2772
790 846 2588
2588 790 846
846 790 2588
1713 604 2590
604 1713 2590
2590 604 1713
1813 2489 2792
2489 1813 2792
2792 1813 2489
1168 809 2251
809 1168 2251
2251 809 1168
1631 1008 2309
1008 1631 2309
2309 1008 1631
1459 559 1057
1057 559 1459
559 1057 1459
356 1068 1562
1562 356 1068
1068 356 1562
756 40 910
40 756 910
910 40 756
1742 49 2945
2945 49 1742
49 1742 2945
1305 798 1035
798 1035 1305
1035 798 1305
542 602 1347
1347 542 602
602 542 1347
1185 536 2324
2324 536 1185
536 1185 2324
2743 633 2124
633 2124 2743
2124 633 2743
2481 1477 2618
1477 2481 2618
2618 1477 2481
572 205 1462
1462 205 572
205 572 1462
860 1720 1866
1866 860 1720
1720 860 1866
35 1248 2187
2187 35 1248
1248 35 2187
1535 1973 2649
1973 1535 2649
2649 1535 1973
1418 1438 2373
2373 1418 1438
1438 1418 2373
2320 943 2611
943 2320 2611
2611 943 2320
676 305 877
305 676 877
877 305 676
2003 2017 2463
2017 2003 2463
2463 2003 2017
468 2689 2873
2689 468 2873
2873 468 2689
2564 383 2863
2863 383 2564
383 2564 2863
964 927 1624
927 964 1624
1624 927 964
2701 1518 2655
1518 2655 2701
2655 1518 2701
2036 203 1677
1677 203 2036
203 1677 2036
1 61 623
623 1 61
61 1 623
1586 1685 2326
2326 1586 1685
1685 1586 2326
2734 2010 2741
2741 2010 2734
2010 2734 2741
2776 36 2576
36 2576 2776
2576 36 2776
107 1757 2064
2064 107 1757
1757 107 2064
574 994 2031
2031 574 994
994 574 2031
821 2534 2937
2534 821 2937
2937 821 2534
1078 1014 2717
1014 1078 2717
2717 1014 1078
1807 1097 2621
2621 1097 1807
1097 1807 2621
2350 1093 1731
1731 1093 2350
1093 1731 2350
2185 257 2217
2217 257 2185
257 2185 2217
444 310 2861
2861 310 444
310 444 2861
240 1251 1515
1251 240 1515
1515 240 1251
2193 2549 2563
2549 2193 2563
2563 2193 2549
332 980 1412
980 332 1412
1412 332 980
553 700 1150
1150 553 700
700 553 1150
1485 326 929
326 929 1485
929 326 1485
145 70 235
235 70 145
70 145 235
2642 697 858
858 697 2642
697 858 2642
1506 1909 2527
2527 1506 1909
1909 1506 2527
856 714 1088
714 856 1088
1088 714 856
2901 810 2162
2162 810 2901
810 2162 2901
1071 1090 1259
1259 1071 1090
1090 1071 1259
26 2805 2886
2805 26 2886
2886 26 2805
2000 681 2896
681 2000 2896
2896 681 2000
2163 1353 2047
2047 1353 2163
1353 2047 2163
691 686 2797
2797 686 691
686 691 2797
494 1350 1957
1957 494 1350
1350 494 1957
2917 1124 2369
1124 2369 2917
2369 1124 2917
366 337 2858
337 366 2858
2858 337 366
1680 480 1505
1505 480 1680
480 1505 1680
2402 1810 2112
1810 2112 2402
2112 1810 2402
2323 1114 2305
2305 1114 2323
1114 2305 2323
991 611 1903
1903 611 991
611 991 1903
517 398 2827
398 517 2827
2827 398 517
2293 1516 2189
1516 2189 2293
2189 1516 2293
1523 742 1879
742 1523 1879
1879 742 1523
599 1125 2953
2953 599 1125
1125 599 2953
402 1532 2006
2006 402 1532
1532 402 2006
2660 1755 1888
1755 1888 2660
1888 1755 2660
685 514 2429
514 685 2429
2429 514 685
1307 24 663
663 24 1307
24 663 1307
155 194 689
689 155 194
194 155 689
2779 1136 2414
1136 2414 2779
2414 1136 2779
1313 677 1455
1455 677 1313
677 1313 1455
772 359 567
359 567 772
567 359 772
41 1100 1242
1242 41 1100
1100 41 1242
112 2138 2985
2138 112 2985
2985 112 2138
474 1794 2675
1794 474 2675
2675 474 1794
547 1818 2021
1818 547 2021
2021 547 1818
272 2643 2654
2643 272 2654
2654 272 2643
2542 363 636
363 636 2542
636 363 2542
2600 199 1962
1962 199 2600
199 1962 2600
673 1714 2072
2072 673 1714
1714 673 2072
680 2359 2961
2961 680 2359
2359 680 2961
389 300 1461
1461 300 389
300 389 1461
2297 209 407
407 209 2297
209 407 2297
1033 1422 1437
1422 1033 1437
1437 1033 1422
794 260 269
269 260 794
260 269 794
263 1274 1325
1274 263 1325
1325 263 1274
2888 913 2188
2188 913 2888
913 2188 2888
2721 1351 1886
1886 1351 2721
1351 1886 2721
1919 226 2451
2451 226 1919
226 1919 2451
2687 1972 2461
1972 2461 2687
2461 1972 2687
531 177 409
409 177 531
177 409 531
758 2022 2229
2229 758 2022
2022 758 2229
2435 230 2214
230 2214 2435
2214 230 2435
1548 139 1399
1399 139 1548
139 1399 1548
1551 287 1027
287 1027 1551
1027 287 1551
72 212 1366
1366 72 212
212 72 1366
208 505 2500
2500 208 505
505 208 2500
635 1134 1464
1464 635 1134
1134 635 1464
2098 2066 2503
2066 2098 2503
2503 2066 2098
1096 93 2313
93 1096 2313
2313 93 1096
1869 19 2703
2703 19 1869
19 1869 2703
2417 1906 2389
1906 2389 2417
2389 1906 2417
2639 131 1764
131 1764 2639
1764 131 2639
1460 836 2681
836 1460 2681
2681 836 1460
2348 1443 1850
1850 1443 2348
1443 1850 2348
1894 1831 2679
2679 1831 1894
1831 1894 2679
1550 1020 2093
1020 1550 2093
2093 1020 1550
2970 2202 2699
2202 2699 2970
2699 2202 2970
2325 2131 2450
2450 2131 2325
2131 2325 2450
2680 593 1617
593 1617 2680
1617 593 2680
900 1230 2427
2427 900 1230
1230 900 2427
63 1479 2154
2154 63 1479
1479 63 2154
804 1331 1445
1331 804 1445
1445 804 1331
1917 930 1832
1832 930 1917
930 1832 1917
1473 1679 2853
1679 1473 2853
2853 1473 1679
2545 848 959
959 848 2545
848 959 2545
2656 1478 1837
1837 1478 2656
1478 1837 2656
2599 1338 1803
1803 1338 2599
1338 1803 2599
114 14 1079
14 114 1079
1079 14 114
2329 283 1816
283 1816 2329
1816 283 2329
622 419 1828
1828 419 622
419 622 1828
2346 273 1963
273 1963 2346
1963 273 2346
962 2049 2367
2367 962 2049
2049 962 2367
2213 117 2230
2230 117 2213
117 2213 2230
2363 29 2490
2490 29 2363
29 2363 2490
68 2147 2841
2147 68 2841
2841 68 2147
2619 290 2991
290 2619 2991
2991 290 2619
2409 1983 2987
2987 1983 2409
1983 2409 2987
919 32 968
32 919 968
968 32 919
66 1249 2050
1249 66 2050
2050 66 1249
738 1012 2277
1012 738 2277
2277 738 1012
2261 331 601
331 601 2261
601 331 2261
2024 1488 2063
1488 2024 2063
2063 1488 2024
2282 2228 2974
2974 2228 2282
2228 2282 2974
2580 1212 1239
1212 1239 2580
1239 1212 2580
1838 675 2812
675 1838 2812
2812 675 1838
2636 1414 2720
1414 2636 2720
2720 1414 2636
2531 1115 2177
1115 2177 2531
2177 1115 2531
160 782 2400
782 160 2400
2400 160 782
2748 1998 2936
1998 2748 2936
2936 1998 2748
1365 239 1900
1900 239 1365
239 1365 1900
2322 1101 2757
1101 2322 2757
2757 1101 2322
1046 1965 2119
2119 1046 1965
1965 1046 2119
2610 2770 2874
2770 2610 2874
2874 2610 2770
2269 1312 2353
1312 2269 2353
2353 1312 2269
2695 2157 2938
2938 2157 2695
2157 2695 2938
1355 98 1964
1964 98 1355
98 1355 1964
2793 1126 2233
2233 1126 2793
1126 2233 2793
905 1925 2738
1925 905 2738
2738 905 1925
2780 1040 1137
1040 1137 2780
1137 1040 2780
1528 1378 1660
1378 1528 1660
1660 1378 1528
2648 133 1881
1881 133 2648
133 1881 2648
2942 1402 2497
2497 1402 2942
1402 2497 2942
1032 2355 2399
2399 1032 2355
2355 1032 2399
1718 843 2005
843 1718 2005
2005 843 1718
190 2299 2382
2299 190 2382
2382 190 2299
1632 641 2915
2915 641 1632
641 1632 2915
942 1905 2612
1905 942 2612
2612 942 1905
1425 2258 2466
2466 1425 2258
2258 1425 2466
2692 182 1711
1711 182 2692
182 1711 2692
710 1385 1871
1385 710 1871
1871 710 1385
2752 175 1539
175 1539 2752
1539 175 2752
2683 2710 2967
2710 2683 2967
2967 2683 2710
2351 104 555
555 104 2351
104 555 2351
2078 1602 2122
1602 2078 2122
2122 1602 2078
841 268 2728
268 841 2728
2728 268 841
2076 1254 1756
1756 1254 2076
1254 1756 2076
1252 3 889
889 3 1252
3 889 1252
1991 1669 2565
2565 1669 1991
1669 1991 2565
2622 1180 2199
2199 1180 2622
1180 2199 2622
1344 1644 2121
2121 1344 1644
1644 1344 2121
1793 961 1907
1907 961 1793
961 1793 1907
2043 571 1398
571 1398 2043
1398 571 2043
452 1553 2249
2249 452 1553
1553 452 2249
2803 1034 2518
1034 2518 2803
2518 1034 2803
1024 1683 2117
2117 1024 1683
1683 1024 2117
2966 232 2080
2080 232 2966
232 2080 2966
1601 1326 2585
2585 1326 1601
1326 1601 2585
1023 977 1709
977 1023 1709
1709 977 1023
1105 299 1882
1882 299 1105
299 1105 1882
1741 27 394
27 394 1741
394 27 1741
1339 774 1389
774 1339 1389
1389 774 1339
2868 859 2128
859 2128 2868
2128 859 2868
1622 648 2420
2420 648 1622
648 1622 2420
2008 449 970
970 449 2008
449 970 2008
2391 1171 1862
1862 1171 2391
1171 1862 2391
1554 2033 2204
2204 1554 2033
2033 1554 2204
2392 618 781
618 781 2392
781 618 2392
392 352 1920
352 392 1920
1920 352 392
916 658 1294
658 916 1294
1294 658 916
2167 1895 2730
2730 1895 2167
1895 2167 2730
2597 1797 2216
1797 2216 2597
2216 1797 2597
997 163 1614
1614 163 997
163 997 1614
532 1113 1278
1113 532 1278
1278 532 1113
2659 1143 1266
1266 1143 2659
1143 1266 2659
757 188 992
188 757 992
992 188 757
2904 325 453
453 325 2904
325 453 2904
2706 1085 1094
1085 1094 2706
1094 1085 2706
399 233 2090
2090 233 399
233 399 2090
1262 2219 2516
2516 1262 2219
2219 1262 2516
1297 1559 1678
1678 1297 1559
1559 1297 1678
1084 1502 2375
1502 1084 2375
2375 1084 1502
995 529 1026
1026 529 995
529 995 1026
1612 2419 2426
2426 1612 2419
2419 1612 2426
473 1048 1256
1256 473 1048
1048 473 1256
1763 845 1176
1176 845 1763
845 1176 1763
1899 2165 2613
2613 1899 2165
2165 1899 2613
129 220 2907
2907 129 220
220 129 2907
396 907 2669
907 396 2669
2669 396 907
2338 940 1179
940 1179 2338
1179 940 2338
1207 255 1975
1975 255 1207
255 1207 1975
1777 1405 2933
2933 1405 1777
1405 1777 2933
1710 2512 2614
2512 1710 2614
2614 1710 2512
1542 934 1958
934 1542 1958
1958 934 1542
1308 963 1693
1693 963 1308
963 1308 1693
1006 806 2492
806 1006 2492
2492 806 1006
1219 1025 1966
1025 1219 1966
1966 1025 1219
2615 435 2965
2965 435 2615
435 2615 2965
350 1716 2401
2401 350 1716
1716 350 2401
699 866 2674
866 699 2674
2674 699 866
1276 343 725
725 343 1276
343 725 1276
2581 1840 2855
2855 1840 2581
1840 2581 2855
347 328 565
328 347 565
565 328 347
2809 1138 1314
1138 1314 2809
1314 1138 2809
2944 665 1102
665 1102 2944
1102 665 2944
2386 1016 1992
1992 1016 2386
1016 1992 2386
2421 43 2954
2954 43 2421
43 2421 2954
1717 1877 1950
1877 1717 1950
1950 1717 1877
1760 1503 2526
2526 1503 1760
1503 1760 2526
754 578 2626
2626 578 754
578 754 2626
2276 438 2040
438 2040 2276
2040 438 2276
944 437 1675
437 944 1675
1675 437 944
2835 266 1771
1771 266 2835
266 1771 2835
1970 13 51
13 51 1970
51 13 1970
2849 2 1329
1329 2 2849
2 1329 2849
2851 327 2253
2253 327 2851
327 2253 2851
2312 1433 2308
1433 2308 2312
2308 1433 2312
838 106 795
795 106 838
106 795 838
2916 1233 2237
2237 1233 2916
1233 2237 2916
1575 1449 1858
1449 1575 1858
1858 1449 1575
2473 1145 2070
1145 2070 2473
2070 1145 2473
1604 73 985
985 73 1604
73 985 1604
1456 340 2111
340 1456 2111
2111 340 1456
150 1153 2444
1153 150 2444
2444 150 1153
2733 1430 1770
1430 1770 2733
1770 1430 2733
2301 1752 2275
2275 1752 2301
1752 2275 2301
2906 748 882
882 748 2906
748 882 2906
1784 1942 2956
2956 1784 1942
1942 1784 2956
1514 2411 2696
2411 1514 2696
2696 1514 2411
2584 562 2732
562 2584 2732
2732 562 2584
2220 512 1688
512 1688 2220
1688 512 2220
2568 1371 1852
1371 1852 2568
1852 1371 2568
2685 74 2857
74 2685 2857
2857 74 2685
81 1227 2317
2317 81 1227
1227 81 2317
1655 703 2343
703 1655 2343
2343 703 1655
2290 1322 2742
2742 1322 2290
1322 2290 2742
1404 193 2702
193 1404 2702
2702 193 1404
640 1936 2843
2843 640 1936
1936 640 2843
1002 251 903
903 251 1002
251 903 1002
1507 837 1750
837 1507 1750
1750 837 1507
672 369 1426
369 672 1426
1426 369 672
2670 2169 2507
2507 2169 2670
2169 2507 2670
2845 354 355
354 355 2845
355 354 2845
2983 1498 1988
1498 1988 2983
1988 1498 2983
1304 498 2077
2077 498 1304
498 1304 2077
1509 385 2708
385 1509 2708
2708 385 1509
2992 984 1645
984 1645 2992
1645 984 2992
1949 1576 2432
2432 1576 1949
1576 1949 2432
1674 202 1446
1446 202 1674
202 1446 1674
605 8 2682
8 605 2682
2682 8 605
1598 1208 2454
2454 1208 1598
1208 1598 2454
1876 1272 2778
2778 1272 1876
1272 1876 2778
2960 1795 2994
1795 2960 2994
2994 1795 2960
2267 631 1111
1111 631 2267
631 1111 2267
949 162 1719
162 949 1719
1719 162 949
1726 324 341
324 341 1726
341 324 1726
1759 1361 2026
1361 1759 2026
2026 1361 1759
1579 925 2143
925 1579 2143
2143 925 1579
530 1175 1381
1381 530 1175
1175 530 1381
2786 528 2248
2248 528 2786
528 2248 2786
1525 1823 2764
1823 1525 2764
2764 1525 1823
1129 2311 2605
2605 1129 2311
2311 1129 2605
954 378 952
952 378 954
378 952 954
1649 886 2306
2306 886 1649
886 1649 2306
2691 192 1567
192 1567 2691
1567 192 2691
487 540 2533
540 487 2533
2533 487 540
527 979 1234
1234 527 979
979 527 1234
2378 496 1482
496 1482 2378
1482 496 2378
1471 391 2557
391 1471 2557
2557 391 1471
764 314 2543
2543 314 764
314 764 2543
1372 261 620
620 261 1372
261 620 1372
1656 95 1015
1015 95 1656
95 1015 1656
1522 2536 2747
2747 1522 2536
2536 1522 2747
2254 1232 2848
1232 2254 2848
2848 1232 2254
1761 1432 1606
1606 1432 1761
1432 1606 1761
1056 1244 2934
2934 1056 1244
1244 1056 2934
518 1846 2729
2729 518 1846
1846 518 2729
2712 1808 2071
1808 2071 2712
2071 1808 2712
1283 616 2397
2397 616 1283
616 1283 2397
2114 2558 2799
2799 2114 2558
2558 2114 2799
180 2135 2501
2135 180 2501
2501 180 2135
1954 2620 2943
2943 1954 2620
2620 1954 2943
2716 753 937
