278 87 102
87 102 278
102 87 278
202 122 211
122 202 211
211 122 202
168 83 198
83 168 198
198 83 168
259 35 40
35 40 259
40 35 259
89 96 246
246 89 96
96 89 246
262 64 208
208 64 262
64 208 262
167 27 280
27 167 280
280 27 167
241 74 184
74 184 241
184 74 241
276 13 117
117 13 276
13 117 276
144 52 300
300 52 144
52 144 300
296 65 82
65 82 296
82 65 296
79 85 133
133 79 85
85 79 133
2 71 175
71 2 175
175 2 71
11 107 169
107 11 169
169 11 107
131 31 250
31 131 250
250 31 131
124 6 186
6 124 186
186 6 124
191 4 269
4 191 269
269 4 191
12 178 207
207 12 178
178 12 207
204 42 274
42 204 274
274 42 204
28 9 294
9 28 294
294 9 28
288 237 295
237 288 295
295 237 288
264 171 188
188 171 264
171 188 264
18 139 298
298 18 139
139 18 298
100 43 299
43 100 299
299 43 100
94 17 70
17 70 94
70 17 94
177 98 236
236 98 177
98 177 236
245 182 247
182 245 247
247 182 245
232 190 227
190 227 232
227 190 232
251 21 270
270 21 251
21 251 270
174 24 216
24 174 216
216 24 174
170 229 266
266 170 229
229 170 266
173 14 154
154 14 173
14 154 173
16 15 297
297 15 16
15 16 297
3 5 212
5 3 212
212 3 5
224 58 287
58 224 287
287 58 224
118 34 129
34 118 129
129 34 118
189 36 63
63 36 189
36 63 189
72 8 195
8 72 195
195 8 72
61 69 222
69 61 222
222 61 69
254 163 283
163 254 283
283 163 254
150 78 138
138 78 150
78 138 150
260 50 233
50 233 260
233 50 260
181 57 130
130 57 181
57 130 181
140 161 285
285 140 161
161 140 285
25 149 281
281 25 149
149 25 281
284 203 244
203 244 284
244 203 284
147 160 209
209 147 160
160 147 209
243 263 290
263 243 290
290 243 263
125 123 197
123 125 197
197 123 125
253 48 80
48 80 253
80 48 253
249 56 275
275 56 249
56 249 275
22 44 193
193 22 44
44 22 193
47 90 110
90 47 110
110 47 90
185 162 164
162 164 185
164 162 185
199 132 242
132 199 242
242 132 199
228 30 165
30 165 228
165 30 228
268 95 267
95 267 268
267 95 268
39 103 157
103 39 157
157 39 103
156 23 143
23 143 156
143 23 156
279 81 286
286 81 279
81 279 286
41 121 137
137 41 121
121 41 137
238 91 101
101 91 238
91 101 238
194 183 223
183 194 223
223 183 194
180 166 292
166 180 292
292 166 180
159 120 172
172 120 159
120 159 172
256 126 282
282 126 256
126 256 282
145 196 258
258 145 196
196 145 258
1 115 192
192 1 115
115 1 192
136 187 235
187 136 235
235 136 187
112 116 206
206 112 116
116 112 206
225 62 255
62 225 255
255 62 225
20 49 114
114 20 49
49 20 114
128 92 155
92 128 155
155 92 128
146 105 248
105 146 248
248 105 146
291 7 33
7 33 291
33 7 291
230 97 113
97 113 230
113 97 230
37 60 93
93 37 60
60 37 93
111 271 289
289 111 271
271 111 289
77 148 240
240 77 148
148 77 240
55 219 261
261 55 219
219 55 261
88 127 252
127 88 252
252 88 127
54 19 272
272 19 54
19 54 272
26 46 151
151 26 46
46 26 151
142 66 200
66 142 200
200 66 142
59 68 221
68 59 221
221 59 68
51 73 210
73 51 210
210 51 73
104 53 99
99 53 104
53 99 104
84 152 277
277 84 152
152 84 277
119 215 231
215 119 231
231 119 215
86 135 179
179 86 135
135 86 179
45 141 239
141 45 239
239 45 141
153 32 75
32 75 153
75 32 153
106 10 217
217 10 106
10 106 217
265 205 273
273 205 265
205 265 273
76 134 213
213 76 134
134 76 213
226 234 257
257 226 234
234 226 257
67 29 293
293 29 67
29 67 293
218 38 214
214 38 218
38 214 218
220 109 158
158 109 220
109 158 220
176 108 201
108 176 201
201 108 176
