1287 464 2719
2719 464 1287
464 1287 2719
501 727 2887
2887 501 727
727 501 2887
1795 1857 2620
1857 1795 2620
2620 1795 1857
2016 19 2722
19 2016 2722
2722 19 2016
1511 598 2154
2154 598 1511
598 1511 2154
722 1415 2931
1415 722 2931
2931 722 1415
2791 1100 1376
1100 1376 2791
1376 1100 2791
2279 2098 2721
2721 2098 2279
2098 2279 2721
30 894 1540
894 30 1540
1540 30 894
2631 7 1354
1354 7 2631
7 1354 2631
995 287 2033
2033 287 995
287 995 2033
815 1549 2304
1549 815 2304
2304 815 1549
2204 1542 1639
1639 1542 2204
1542 1639 2204
1305 630 2452
630 1305 2452
2452 630 1305
1425 1499 1579
1579 1425 1499
1499 1425 1579
2026 1587 2698
1587 2026 2698
2698 1587 2026
2264 2019 2962
2019 2264 2962
2962 2019 2264
1508 812 1125
1125 812 1508
812 1125 1508
2909 298 484
484 298 2909
298 484 2909
1112 1590 2848
2848 1112 1590
1590 1112 2848
1017 2425 2584
2425 1017 2584
2584 1017 2425
368 869 2295
2295 368 869
869 368 2295
2248 358 1575
1575 358 2248
358 1575 2248
2771 779 2643
2643 779 2771
779 2643 2771
581 1108 1392
1392 581 1108
1108 581 1392
2298 540 2428
540 2298 2428
2428 540 2298
2776 899 2802
899 2776 2802
2802 899 2776
194 256 2976
2976 194 256
256 194 2976
2860 552 1092
552 1092 2860
1092 552 2860
2066 1562 2743
1562 2066 2743
2743 1562 2066
1983 487 569
487 569 1983
569 487 1983
2273 1773 2989
1773 2273 2989
2989 1773 2273
2189 1902 2499
1902 2189 2499
2499 1902 2189
2682 2149 2207
2207 2149 2682
2149 2207 2682
2827 121 516
516 121 2827
121 516 2827
689 1539 2339
2339 689 1539
1539 689 2339
488 133 186
186 133 488
133 186 488
2649 1733 2094
1733 2094 2649
2094 1733 2649
2757 2287 2898
2898 2287 2757
2287 2757 2898
2291 1196 2337
2337 1196 2291
1196 2291 2337
2925 1651 2272
1651 2272 2925
2272 1651 2925
2582 1225 1834
1834 1225 2582
1225 1834 2582
538 1565 1729
1565 538 1729
1729 538 1565
794 2159 2383
2159 794 2383
2383 794 2159
312 1346 2920
2920 312 1346
1346 312 2920
450 1527 1570
1570 450 1527
1527 450 1570
1560 1197 2880
2880 1197 1560
1197 1560 2880
409 428 1641
428 409 1641
1641 409 428
1982 1174 2489
1174 1982 2489
2489 1174 1982
624 1255 1667
1667 624 1255
1255 624 1667
884 211 2002
211 884 2002
2002 211 884
2613 891 2506
2506 891 2613
891 2506 2613
1275 764 1596
1596 764 1275
764 1275 1596
2074 66 2125
2125 66 2074
66 2074 2125
602 1495 2420
2420 602 1495
1495 602 2420
2764 178 369
178 369 2764
369 178 2764
1190 1718 2045
2045 1190 1718
1718 1190 2045
1118 2092 2209
2209 1118 2092
2092 1118 2209
991 1005 1952
1005 991 1952
1952 991 1005
1471 1427 2226
1427 1471 2226
2226 1427 1471
2127 2403 2803
2803 2127 2403
2403 2127 2803
522 12 2754
2754 12 522
12 522 2754
362 2289 2767
2767 362 2289
2289 362 2767
2354 2057 2872
2872 2057 2354
2057 2354 2872
1786 2932 2990
2990 1786 2932
2932 1786 2990
1389 625 1210
625 1210 1389
1210 625 1389
2036 2610 2834
2610 2036 2834
2834 2036 2610
2373 2493 2520
2520 2373 2493
2493 2373 2520
1875 218 955
218 955 1875
955 218 1875
2677 688 1399
1399 688 2677
688 1399 2677
1709 965 1416
965 1416 1709
1416 965 1709
310 2374 2683
2374 310 2683
2683 310 2374
2537 889 893
889 893 2537
893 889 2537
305 2559 2940
2940 305 2559
2559 305 2940
58 1090 1326
1090 58 1326
1326 58 1090
2250 379 879
379 879 2250
879 379 2250
1014 724 1683
724 1014 1683
1683 724 1014
2338 1805 2738
2738 1805 2338
1805 2338 2738
2822 1663 2282
2282 1663 2822
1663 2282 2822
2143 2482 2972
2482 2143 2972
2972 2143 2482
940 905 2653
2653 905 940
905 940 2653
2447 447 662
447 662 2447
662 447 2447
2638 648 2326
648 2326 2638
2326 648 2638
2089 536 1607
1607 536 2089
536 1607 2089
166 1963 2158
1963 166 2158
2158 166 1963
610 1990 2003
1990 610 2003
2003 610 1990
2770 8 2544
8 2544 2770
2544 8 2770
2018 1899 2257
1899 2018 2257
2257 1899 2018
2170 999 1272
999 1272 2170
1272 999 2170
2943 438 582
438 582 2943
582 438 2943
2918 1098 1273
1273 1098 2918
1098 1273 2918
311 2224 2666
2224 311 2666
2666 311 2224
634 1841 2637
2637 634 1841
1841 634 2637
2332 1650 1655
1650 1655 2332
1655 1650 2332
2389 2156 2221
2156 2221 2389
2221 2156 2389
2054 1236 2055
2055 1236 2054
1236 2054 2055
1864 1041 2205
1041 1864 2205
2205 1041 1864
1436 954 2540
2540 954 1436
954 1436 2540
1545 1088 2695
2695 1088 1545
1088 1545 2695
449 551 2350
2350 449 551
551 449 2350
2440 74 209
74 209 2440
209 74 2440
1968 635 827
827 635 1968
635 827 1968
2085 328 2954
2954 328 2085
328 2085 2954
383 1483 2142
1483 383 2142
2142 383 1483
2526 1423 1572
1572 1423 2526
1423 1572 2526
2218 233 1997
1997 233 2218
233 1997 2218
2529 502 564
564 502 2529
502 564 2529
2772 1122 2323
2323 1122 2772
1122 2323 2772
430 183 621
183 430 621
621 183 430
1669 1166 1257
1257 1166 1669
1166 1257 1669
90 935 2259
935 90 2259
2259 90 935
2845 1543 1975
1543 1975 2845
1975 1543 2845
1198 563 1810
1810 563 1198
563 1198 1810
2465 1124 1191
1124 1191 2465
1191 1124 2465
929 903 1028
903 929 1028
1028 903 929
2038 1349 2347
1349 2038 2347
2347 1349 2038
2418 116 278
116 278 2418
278 116 2418
1739 260 571
571 260 1739
260 571 1739
1584 1866 2462
1866 1584 2462
2462 1584 1866
1913 693 939
693 939 1913
939 693 1913
1362 498 2789
2789 498 1362
498 1362 2789
2531 739 882
882 739 2531
739 882 2531
1541 51 2120
51 1541 2120
2120 51 1541
2818 1799 2059
2059 1799 2818
1799 2059 2818
175 819 1357
1357 175 819
819 175 1357
82 2731 2810
2731 82 2810
2810 82 2731
397 2175 2190
2190 397 2175
2175 397 2190
2727 958 2256
2256 958 2727
958 2256 2727
902 914 2121
2121 902 914
914 902 2121
887 923 1514
923 887 1514
1514 887 923
667 38 2794
2794 38 667
38 667 2794
1923 606 1637
606 1637 1923
1637 606 1923
2793 2043 2715
2715 2043 2793
2043 2715 2793
2244 2324 2712
2712 2244 2324
2324 2244 2712
162 156 299
299 156 162
156 162 299
868 380 2963
2963 380 868
380 868 2963
849 325 1479
325 849 1479
1479 325 849
2998 1214 1507
1507 1214 2998
1214 1507 2998
706 1345 1679
1679 706 1345
1345 706 1679
2720 982 1020
1020 982 2720
982 1020 2720
2104 1048 2792
2792 1048 2104
1048 2104 2792
556 853 920
920 556 853
853 556 920
70 272 1232
1232 70 272
272 70 1232
2625 171 1023
171 1023 2625
1023 171 2625
2216 751 2400
2400 751 2216
751 2216 2400
701 1662 2836
2836 701 1662
1662 701 2836
1329 665 2891
2891 665 1329
665 1329 2891
756 18 1529
1529 18 756
18 756 1529
1886 1203 1358
1358 1203 1886
1203 1358 1886
1999 1154 2994
1154 1999 2994
2994 1154 1999
2777 850 1781
850 1781 2777
1781 850 2777
2181 282 326
282 326 2181
326 282 2181
2600 122 2312
122 2312 2600
2312 122 2600
668 800 2315
800 668 2315
2315 668 800
1856 1254 2088
1254 1856 2088
2088 1254 1856
704 919 2704
2704 704 919
919 704 2704
2176 943 2785
2785 943 2176
943 2176 2785
2551 370 384
384 370 2551
370 384 2551
1962 276 792
276 792 1962
792 276 1962
1747 1506 2087
1506 1747 2087
2087 1506 1747
1335 2367 3000
2367 1335 3000
3000 1335 2367
1087 1413 2869
1413 1087 2869
2869 1087 1413
2820 253 2693
2693 253 2820
253 2693 2820
1177 823 840
840 823 1177
823 840 1177
1907 847 2067
847 1907 2067
2067 847 1907
2568 926 1144
926 1144 2568
1144 926 2568
594 1331 1704
1704 594 1331
1331 594 1704
1372 760 1095
1095 760 1372
760 1095 1372
2017 375 1293
375 1293 2017
1293 375 2017
2111 730 1756
1756 730 2111
730 1756 2111
629 614 2174
614 629 2174
2174 614 629
2550 661 2853
661 2550 2853
2853 661 2550
63 805 1350
1350 63 805
805 63 1350
1858 2124 2498
2124 1858 2498
2498 1858 2124
966 493 589
493 589 966
589 493 966
2571 480 826
826 480 2571
480 826 2571
1219 117 645
645 117 1219
117 645 1219
477 546 1629
546 477 1629
1629 477 546
1794 1449 2530
1449 1794 2530
2530 1449 1794
1666 793 2854
2854 793 1666
793 1666 2854
1692 248 1121
248 1121 1692
1121 248 1692
2301 1608 1715
1715 1608 2301
1608 1715 2301
1707 109 1725
109 1707 1725
1725 109 1707
2478 2109 2849
2849 2109 2478
2109 2478 2849
2106 838 946
946 838 2106
838 946 2106
1764 2065 2330
2330 1764 2065
2065 1764 2330
1774 1132 2495
1132 1774 2495
2495 1132 1774
2616 1383 1656
1383 1656 2616
1656 1383 2616
1727 907 1742
907 1727 1742
1742 907 1727
2239 608 2805
2805 608 2239
608 2239 2805
2173 402 1816
402 1816 2173
1816 402 2173
757 1139 2744
2744 757 1139
1139 757 2744
26 1574 2108
2108 26 1574
1574 26 2108
2168 1058 1168
1168 1058 2168
1058 1168 2168
1463 297 2146
297 1463 2146
2146 297 1463
2240 247 1013
247 1013 2240
1013 247 2240
1826 1234 2948
1234 1826 2948
2948 1234 1826
784 1854 2443
1854 784 2443
2443 784 1854
324 2746 2965
2746 324 2965
2965 324 2746
2636 224 360
224 360 2636
360 224 2636
1278 1910 2696
1910 1278 2696
2696 1278 1910
61 663 2840
2840 61 663
663 61 2840
1807 2958 2968
2968 1807 2958
2958 1807 2968
654 1537 2741
1537 654 2741
2741 654 1537
2882 1282 1996
1282 1996 2882
1996 1282 2882
1798 1694 2806
1694 1798 2806
2806 1694 1798
1069 1109 1269
1269 1069 1109
1109 1069 1269
1378 768 1576
768 1378 1576
1576 768 1378
381 13 989
989 13 381
13 381 989
567 1265 1950
1265 567 1950
1950 567 1265
1601 851 2627
2627 851 1601
851 1601 2627
1288 302 1384
302 1288 1384
1384 302 1288
1516 1107 1150
1107 1150 1516
1150 1107 1516
1101 777 944
944 777 1101
777 944 1101
816 1554 1717
1554 816 1717
1717 816 1554
195 930 992
992 195 930
930 195 992
40 459 1325
459 40 1325
1325 40 459
182 547 2725
547 182 2725
2725 182 547
2681 1615 2890
1615 2681 2890
2890 1615 2681
2081 14 262
262 14 2081
14 262 2081
1553 2445 2863
2445 1553 2863
2863 1553 2445
2396 2047 2469
2469 2047 2396
2047 2396 2469
2187 169 1064
1064 169 2187
169 1064 2187
1300 669 780
780 669 1300
669 780 1300
1330 603 2739
2739 603 1330
603 1330 2739
226 1333 1501
1333 226 1501
1501 226 1333
87 366 2132
366 87 2132
2132 87 366
1776 1887 2982
1887 1776 2982
2982 1776 1887
1614 649 2281
649 1614 2281
2281 649 1614
1710 2084 2450
2084 1710 2450
2450 1710 2084
2886 2058 2185
2058 2185 2886
2185 2058 2886
2370 269 454
269 454 2370
454 269 2370
775 1115 2467
1115 775 2467
2467 775 1115
148 270 534
534 148 270
270 148 534
825 1103 2647
1103 825 2647
2647 825 1103
1241 1965 2006
2006 1241 1965
1965 1241 2006
2690 54 2007
2007 54 2690
54 2007 2690
1419 139 2165
139 1419 2165
2165 139 1419
57 134 2503
134 57 2503
2503 57 134
1224 273 664
273 664 1224
664 273 1224
103 336 1783
336 103 1783
1783 103 336
1945 1136 2356
2356 1136 1945
1136 1945 2356
1850 520 1244
1244 520 1850
520 1244 1850
2956 216 2329
2329 216 2956
216 2329 2956
863 637 2678
2678 637 863
637 863 2678
2635 1525 1821
1821 1525 2635
1525 1821 2635
2366 971 2422
2422 971 2366
971 2366 2422
126 901 1566
901 126 1566
1566 126 901
1595 294 1801
294 1595 1801
1801 294 1595
1076 202 2596
202 1076 2596
2596 202 1076
2096 271 2269
2269 271 2096
271 2096 2269
1391 474 2505
474 1391 2505
2505 474 1391
1223 1320 2604
2604 1223 1320
1320 1223 2604
695 149 1547
149 695 1547
1547 149 695
2961 1658 2123
1658 2123 2961
2123 1658 2961
985 1000 2702
1000 985 2702
2702 985 1000
1079 2077 2795
2077 1079 2795
2795 1079 2077
1960 1193 2392
2392 1193 1960
1193 1960 2392
801 1647 1939
1939 801 1647
1647 801 1939
632 932 990
932 632 990
990 632 932
36 945 1722
945 36 1722
1722 36 945
1912 1110 1222
1110 1222 1912
1222 1110 1912
2483 179 1473
1473 179 2483
179 1473 2483
492 1307 1505
1505 492 1307
1307 492 1505
1429 772 2787
772 1429 2787
2787 772 1429
1279 951 1627
951 1279 1627
1627 951 1279
2139 1804 2513
1804 2139 2513
2513 1804 2139
353 1230 2747
1230 353 2747
2747 353 1230
2083 518 2458
518 2083 2458
2458 518 2083
2769 2025 2523
2523 2025 2769
2025 2523 2769
1828 15 1831
15 1828 1831
1831 15 1828
1504 1313 2548
2548 1313 1504
1313 1504 2548
2632 2333 2913
2913 2333 2632
2333 2632 2913
2409 1993 2357
1993 2357 2409
2357 1993 2409
1250 972 1548
1548 972 1250
972 1250 1548
978 301 1035
301 978 1035
1035 301 978
734 1944 2595
1944 734 2595
2595 734 1944
1026 763 1928
763 1026 1928
1928 763 1026
1896 1661 2937
2937 1661 1896
1661 1896 2937
1022 798 1904
1904 798 1022
798 1022 1904
1847 2004 2865
2004 1847 2865
2865 1847 2004
425 1603 2538
2538 425 1603
1603 425 2538
1407 1176 2188
2188 1176 1407
1176 1407 2188
1900 925 2241
2241 925 1900
925 1900 2241
934 541 1202
541 934 1202
1202 541 934
1356 2100 2485
2485 1356 2100
2100 1356 2485
964 204 275
275 204 964
204 275 964
2916 748 1526
748 1526 2916
1526 748 2916
1624 618 684
684 618 1624
618 684 1624
1306 503 1317
503 1306 1317
1317 503 1306
2884 1036 2598
1036 2598 2884
2598 1036 2884
1674 1602 2684
1602 1674 2684
2684 1602 1674
2694 84 1777
84 1777 2694
1777 84 2694
1571 2522 2811
2522 1571 2811
2811 1571 2522
393 1001 1668
1001 393 1668
1668 393 1001
429 900 2826
2826 429 900
900 429 2826
2029 1217 1443
1217 1443 2029
1443 1217 2029
2708 49 347
49 347 2708
347 49 2708
1949 413 2983
2983 413 1949
413 1949 2983
1133 824 1490
824 1133 1490
1490 824 1133
2294 1486 2856
2856 1486 2294
1486 2294 2856
1882 1277 2674
1277 1882 2674
2674 1277 1882
1011 808 2309
2309 808 1011
808 1011 2309
1337 822 1673
1673 822 1337
822 1337 1673
345 994 2745
994 345 2745
2745 345 994
1852 864 1370
1370 864 1852
864 1370 1852
2967 2953 2986
2986 2953 2967
2953 2967 2986
481 1933 2162
2162 481 1933
1933 481 2162
694 1829 2072
2072 694 1829
1829 694 2072
1682 300 980
980 300 1682
300 980 1682
163 98 303
303 98 163
98 163 303
1081 2262 2296
2296 1081 2262
2262 1081 2296
489 1271 2622
2622 489 1271
1271 489 2622
1055 4 586
586 4 1055
4 586 1055
1361 747 2197
2197 747 1361
747 1361 2197
1316 290 2166
290 1316 2166
2166 290 1316
2597 1309 1535
1535 1309 2597
1309 1535 2597
539 2327 2463
2327 539 2463
2463 539 2327
372 723 931
931 372 723
723 372 931
719 1248 2504
2504 719 1248
1248 719 2504
1119 1703 2557
1703 1119 2557
2557 1119 1703
2711 728 904
728 904 2711
904 728 2711
753 201 2439
2439 201 753
201 753 2439
2938 2107 2858
2858 2107 2938
2107 2858 2938
2274 376 2401
376 2274 2401
2401 376 2274
2966 1432 2899
1432 2899 2966
2899 1432 2966
910 976 1981
976 910 1981
1981 910 976
1970 399 2093
399 1970 2093
2093 399 1970
1380 1245 2790
1245 1380 2790
2790 1245 1380
2011 1426 2196
1426 2011 2196
2196 1426 2011
2685 64 1145
1145 64 2685
64 1145 2685
2023 350 1759
1759 350 2023
350 1759 2023
330 742 1175
742 330 1175
1175 330 742
549 1290 1938
1290 549 1938
1938 549 1290
726 1135 1695
1135 726 1695
1695 726 1135
1024 365 821
821 365 1024
365 821 1024
513 531 2824
531 513 2824
2824 513 531
100 659 2319
659 100 2319
2319 100 659
1228 880 2113
880 1228 2113
2113 880 1228
783 140 2247
2247 140 783
140 783 2247
2073 1622 2545
1622 2073 2545
2545 1622 2073
2147 2300 2664
2664 2147 2300
2300 2147 2664
612 431 2479
2479 431 612
431 612 2479
167 524 2512
2512 167 524
524 167 2512
1989 208 2416
208 1989 2416
2416 208 1989
2211 511 2823
2823 511 2211
511 2211 2823
250 1971 2750
2750 250 1971
1971 250 2750
788 755 2095
755 788 2095
2095 755 788
2603 1385 2828
2828 1385 2603
1385 2603 2828
2115 410 2949
2949 410 2115
410 2115 2949
81 854 2652
2652 81 854
854 81 2652
535 1496 1708
1708 535 1496
1496 535 1708
1291 1303 2372
1303 1291 2372
2372 1291 1303
2308 1925 2398
1925 2308 2398
2398 1925 2308
343 426 857
426 343 857
857 343 426
1387 839 2407
2407 839 1387
839 1387 2407
2345 960 1582
960 1582 2345
1582 960 2345
1600 427 1021
1021 427 1600
427 1021 1600
2946 2801 2862
2801 2862 2946
2862 2801 2946
1007 1580 2306
1580 1007 2306
2306 1007 1580
1564 841 2908
841 1564 2908
2908 841 1564
1762 1052 2494
1052 1762 2494
2494 1052 1762
2768 17 377
377 17 2768
17 377 2768
2870 786 1308
1308 786 2870
786 1308 2870
1509 609 1258
1258 609 1509
609 1258 1509
509 1719 2405
2405 509 1719
1719 509 2405
2387 91 865
91 865 2387
865 91 2387
470 29 829
29 470 829
829 29 470
1374 1070 2663
1070 1374 2663
2663 1070 1374
1992 439 1531
439 1531 1992
1531 439 1992
2321 559 1296
559 1296 2321
1296 559 2321
1698 1917 2313
2313 1698 1917
1917 1698 2313
2140 1457 1790
1790 1457 2140
1457 1790 2140
2253 1246 2032
1246 2032 2253
2032 1246 2253
274 1216 2191
2191 274 1216
1216 274 2191
1813 73 1299
1299 73 1813
73 1299 1813
2742 60 1111
60 1111 2742
1111 60 2742
2141 870 1769
1769 870 2141
870 1769 2141
2429 680 2080
680 2080 2429
2080 680 2429
698 1123 2406
2406 698 1123
1123 698 2406
263 644 2517
644 263 2517
2517 263 644
1242 1604 2284
1604 1242 2284
2284 1242 1604
1403 844 1344
844 1344 1403
1344 844 1403
142 392 1169
392 142 1169
1169 142 392
1630 1352 2895
1352 1630 2895
2895 1352 1630
1958 2542 2646
2646 1958 2542
2542 1958 2646
232 806 2280
806 232 2280
2280 232 806
1201 478 762
478 762 1201
762 478 1201
2237 1074 2808
1074 2237 2808
2808 1074 2237
2929 2380 2883
2380 2883 2929
2883 2380 2929
2578 746 2924
746 2578 2924
2924 746 2578
852 1598 2556
2556 852 1598
1598 852 2556
1019 1147 2245
2245 1019 1147
1147 1019 2245
2951 321 2311
321 2311 2951
2311 321 2951
2867 141 787
787 141 2867
141 787 2867
398 917 1897
1897 398 917
917 398 1897
2734 1073 1270
1073 1270 2734
1270 1073 2734
1761 483 528
483 528 1761
528 483 1761
911 1294 2496
1294 911 2496
2496 911 1294
1469 47 1885
1885 47 1469
47 1469 1885
2718 1066 1838
1066 1838 2718
1838 1066 2718
239 921 1625
921 239 1625
1625 239 921
1494 2665 2864
2864 1494 2665
2665 1494 2864
506 1450 2599
2599 506 1450
1450 506 2599
1867 2783 2970
2970 1867 2783
2783 1867 2970
1994 102 295
102 295 1994
295 102 1994
1446 400 1538
1538 400 1446
400 1446 1538
2732 601 2082
601 2082 2732
2082 601 2732
283 568 1369
1369 283 568
568 283 1369
2384 444 1892
444 1892 2384
1892 444 2384
807 933 1934
933 807 1934
1934 807 933
2178 1533 1751
1533 1751 2178
1751 1533 2178
317 525 1485
525 317 1485
1485 317 525
2841 168 2464
168 2464 2841
2464 168 2841
2427 896 2232
2232 896 2427
896 2232 2427
573 1638 2659
2659 573 1638
1638 573 2659
633 2486 2786
2786 633 2486
2486 633 2786
970 2752 2788
2752 970 2788
2788 970 2752
2552 2208 2554
2208 2552 2554
2554 2208 2552
93 308 1765
1765 93 308
308 93 1765
2361 622 773
773 622 2361
622 773 2361
2728 555 677
677 555 2728
555 677 2728
1728 2547 2658
2547 1728 2658
2658 1728 2547
1182 1411 1550
1550 1182 1411
1411 1182 1550
1172 2001 2161
2161 1172 2001
2001 1172 2161
712 1276 1665
1276 712 1665
1665 712 1276
519 1171 1779
1779 519 1171
1171 519 1779
291 1394 1685
1394 291 1685
1685 291 1394
1161 332 1948
332 1161 1948
1948 332 1161
1498 605 2780
605 1498 2780
2780 605 1498
252 467 1702
467 252 1702
1702 252 467
455 1789 2912
2912 455 1789
1789 455 2912
293 750 2844
2844 293 750
750 293 2844
1802 451 1752
1752 451 1802
451 1752 1802
811 371 2203
2203 371 811
371 811 2203
2915 1461 2364
2364 1461 2915
1461 2364 2915
1551 716 2885
2885 716 1551
716 1551 2885
1812 45 1452
45 1452 1812
1452 45 1812
562 1420 2137
2137 562 1420
1420 562 2137
144 1735 2138
1735 144 2138
2138 144 1735
2078 1468 2152
2152 1468 2078
1468 2078 2152
2593 164 1267
1267 164 2593
164 1267 2593
2453 1379 2360
2360 1379 2453
1379 2360 2453
2877 266 2449
266 2449 2877
2449 266 2877
937 1643 2736
1643 937 2736
2736 937 1643
1697 1044 1941
1044 1697 1941
1941 1044 1697
2014 2119 2202
2202 2014 2119
2119 2014 2202
1706 1332 1338
1338 1332 1706
1332 1338 1706
2515 740 2135
2135 740 2515
740 2135 2515
873 1414 2851
1414 873 2851
2851 873 1414
717 125 2070
125 717 2070
2070 125 717
68 331 631
631 68 331
331 68 631
2391 2042 2656
2042 2391 2656
2656 2042 2391
107 623 2112
623 107 2112
2112 107 623
1281 1152 1611
1152 1281 1611
1611 1152 1281
647 1252 2044
2044 647 1252
1252 647 2044
1784 843 2153
843 1784 2153
2153 843 1784
320 1559 2331
2331 320 1559
1559 320 2331
94 2830 2941
2941 94 2830
2830 94 2941
2365 1067 2753
1067 2365 2753
2753 1067 2365
1140 620 2027
620 1140 2027
2027 620 1140
307 833 2335
2335 307 833
833 307 2335
1819 731 2634
731 1819 2634
2634 731 1819
2133 1375 2223
1375 2133 2223
2223 1375 2133
1263 2461 2893
2461 1263 2893
2893 1263 2461
2852 2000 2155
2000 2155 2852
2155 2000 2852
1032 1969 2817
1969 1032 2817
2817 1032 1969
1770 1149 2906
1149 1770 2906
2906 1149 1770
456 423 1972
1972 423 456
423 456 1972
418 1018 1186
1018 418 1186
1186 418 1018
1062 1408 2988
2988 1062 1408
1408 1062 2988
2700 495 2368
2368 495 2700
495 2368 2700
2812 1388 2804
2804 1388 2812
1388 2804 2812
420 1437 2562
2562 420 1437
1437 420 2562
1237 1138 1583
1583 1138 1237
1138 1237 1583
591 1347 1924
1924 591 1347
1347 591 1924
1513 550 1444
1444 550 1513
550 1444 1513
2466 238 2528
238 2466 2528
2528 238 2466
2199 212 460
212 460 2199
460 212 2199
1681 1104 2975
1104 1681 2975
2975 1104 1681
1746 778 1987
1987 778 1746
778 1746 1987
769 138 1768
138 769 1768
1768 138 769
1594 457 1920
1920 457 1594
457 1594 1920
749 306 2650
2650 306 749
306 749 2650
1515 1859 2928
1859 1515 2928
2928 1515 1859
304 1284 2901
1284 304 2901
2901 304 1284
2558 1839 2182
2182 1839 2558
1839 2182 2558
2871 1053 2629
1053 2629 2871
2629 1053 2871
2655 795 2944
2944 795 2655
795 2655 2944
255 952 2502
952 255 2502
2502 255 952
1860 832 1585
832 1585 1860
1585 832 1860
394 34 1872
1872 34 394
34 394 1872
2999 2266 2781
2781 2266 2999
2266 2781 2999
339 617 1973
617 339 1973
1973 339 617
2902 1082 2707
2707 1082 2902
1082 2707 2902
2797 155 1455
1455 155 2797
155 1455 2797
1298 1215 2481
2481 1215 1298
1215 1298 2481
1207 1016 2243
1016 1207 2243
2243 1016 1207
2615 83 2881
2881 83 2615
83 2615 2881
2342 1043 1120
1120 1043 2342
1043 1120 2342
2710 257 1577
1577 257 2710
257 1577 2710
2628 419 1619
419 1619 2628
1619 419 2628
242 2116 2210
2210 242 2116
2116 242 2210
875 1497 1623
1497 875 1623
1623 875 1497
367 702 1438
702 367 1438
1438 367 702
1865 842 2039
842 1865 2039
2039 842 1865
1424 268 2144
268 1424 2144
2144 268 1424
1808 1985 2679
1985 1808 2679
2679 1808 1985
572 1730 1778
1730 572 1778
1778 572 1730
2169 872 1901
1901 872 2169
872 1901 2169
1256 745 1922
745 1256 1922
1922 745 1256
1163 1758 2723
1758 1163 2723
2723 1163 1758
2687 355 1660
1660 355 2687
355 1660 2687
2668 2819 2930
2819 2668 2930
2930 2668 2819
953 1605 2510
2510 953 1605
1605 953 2510
71 1645 2900
2900 71 1645
1645 71 2900
1767 1464 2145
2145 1464 1767
1464 1767 2145
415 1459 2136
1459 415 2136
2136 415 1459
1696 313 1979
313 1696 1979
1979 313 1696
499 1089 1961
1961 499 1089
1089 499 1961
2850 59 628
628 59 2850
59 628 2850
1613 97 2585
97 1613 2585
2585 97 1613
1942 1164 1631
1631 1164 1942
1164 1631 1942
597 590 2974
590 597 2974
2974 590 597
228 146 1914
146 228 1914
1914 146 228
592 526 2524
2524 526 592
526 592 2524
1460 96 2686
96 1460 2686
2686 96 1460
1599 1836 2020
2020 1599 1836
1836 1599 2020
1312 277 1825
1825 277 1312
277 1312 1825
2821 354 1775
354 1775 2821
1775 354 2821
338 322 1966
1966 322 338
322 338 1966
114 881 2305
2305 114 881
881 114 2305
406 1480 1642
1642 406 1480
1480 406 1642
2470 710 2642
2642 710 2470
710 2470 2642
2041 1811 2118
1811 2041 2118
2118 1811 2041
1029 99 835
99 835 1029
835 99 1029
2186 180 1205
1205 180 2186
180 1205 2186
2303 189 1304
1304 189 2303
189 1304 2303
643 41 1227
41 643 1227
1227 41 643
2699 174 2927
2927 174 2699
174 2699 2927
1195 191 2991
2991 191 1195
191 1195 2991
2434 1544 2784
1544 2434 2784
2784 1544 2434
888 1157 1160
1157 888 1160
1160 888 1157
2654 309 993
993 309 2654
309 993 2654
2605 587 2570
2570 587 2605
587 2570 2605
713 1012 2726
2726 713 1012
1012 713 2726
898 3 1688
1688 3 898
3 898 1688
1512 151 781
151 781 1512
781 151 1512
153 2255 2591
2591 153 2255
2255 153 2591
685 2641 2947
2641 685 2947
2947 685 2641
2553 461 2936
461 2553 2936
2936 461 2553
2575 1057 1787
1057 1787 2575
1787 1057 2575
243 810 2278
2278 243 810
810 243 2278
2773 890 1823
1823 890 2773
890 1823 2773
1239 514 1754
1754 514 1239
514 1239 1754
437 570 1397
570 437 1397
1397 437 570
1037 725 1477
1477 725 1037
725 1037 1477
31 1262 2992
1262 31 2992
2992 31 1262
1206 1417 1977
1977 1206 1417
1417 1206 1977
733 2086 2813
2086 733 2813
2813 733 2086
80 21 1336
1336 21 80
21 80 1336
767 1102 2157
2157 767 1102
1102 767 2157
1818 895 1489
1489 895 1818
895 1489 1818
696 1321 2609
1321 696 2609
2609 696 1321
1386 1500 2842
2842 1386 1500
1500 1386 2842
2472 359 1686
1686 359 2472
359 1686 2472
1796 577 2233
2233 577 1796
577 1796 2233
2131 1636 1736
1636 1736 2131
1736 1636 2131
1974 1880 2543
1880 1974 2543
2543 1880 1974
1646 2064 2758
2758 1646 2064
2064 1646 2758
2102 335 2126
335 2102 2126
2126 335 2102
1071 1895 2755
2755 1071 1895
1895 1071 2755
1340 596 1220
1220 596 1340
596 1220 1340
2412 1302 1532
1532 1302 2412
1302 1532 2412
987 1793 2859
1793 987 2859
2859 987 1793
1649 969 1406
1406 969 1649
969 1406 1649
1591 699 1898
699 1591 1898
1898 699 1591
1757 1181 2892
1181 1757 2892
2892 1181 1757
542 453 1861
1861 453 542
453 542 1861
796 1283 2497
2497 796 1283
1283 796 2497
1141 1390 2423
1390 1141 2423
2423 1141 1390
147 1434 2903
2903 147 1434
1434 147 2903
737 963 2759
2759 737 963
963 737 2759
2455 1373 2215
2215 1373 2455
1373 2215 2455
1343 1355 1502
1502 1343 1355
1355 1343 1502
1342 774 1628
774 1342 1628
1628 774 1342
2756 652 1632
652 1632 2756
1632 652 2756
1137 2484 2563
2563 1137 2484
2484 1137 2563
1412 790 1741
790 1412 1741
1741 790 1412
2807 957 1546
1546 957 2807
957 1546 2807
927 196 2580
196 927 2580
2580 196 927
1909 2050 2673
2673 1909 2050
2050 1909 2673
1690 673 2310
673 1690 2310
2310 673 1690
1433 165 1363
1363 165 1433
165 1363 1433
2362 62 2866
62 2362 2866
2866 62 2362
2177 803 1684
803 1684 2177
1684 803 2177
1903 1295 1791
1791 1295 1903
1295 1791 1903
405 871 2444
871 405 2444
2444 405 871
817 2051 2393
2393 817 2051
2051 817 2393
385 219 1030
219 385 1030
1030 219 385
1780 1578 1720
1720 1578 1780
1578 1720 1780
1080 261 1268
1268 261 1080
261 1080 1268
1377 1002 1167
1002 1167 1377
1167 1002 1377
2574 741 1772
741 1772 2574
1772 741 2574
537 761 1148
1148 537 761
761 537 1148
860 1558 2815
1558 860 2815
2815 860 1558
2667 580 1364
1364 580 2667
580 1364 2667
136 284 1988
1988 136 284
284 136 1988
1008 448 2426
448 1008 2426
2426 448 1008
2612 152 2076
152 2076 2612
2076 152 2612
859 188 1487
1487 188 859
188 859 1487
1862 23 374
374 23 1862
23 374 1862
828 858 977
977 828 858
858 828 977
1353 494 2689
494 1353 2689
2689 494 1353
1610 2617 2939
2939 1610 2617
2617 1610 2939
1405 646 2594
646 1405 2594
2594 646 1405
1402 2713 2729
2729 1402 2713
2713 1402 2729
2283 411 2192
2192 411 2283
411 2192 2283
130 1428 1573
1573 130 1428
1428 130 1573
1360 1131 1588
1131 1360 1588
1588 1131 1360
2979 390 640
390 640 2979
640 390 2979
1491 1524 2198
2198 1491 1524
1524 1491 2198
885 1396 2514
1396 885 2514
2514 885 1396
1091 2317 2952
2952 1091 2317
2317 1091 2952
1054 466 2415
466 1054 2415
2415 466 1054
412 672 2419
672 412 2419
2419 412 672
67 1049 1442
1442 67 1049
1049 67 1442
2981 1253 1620
1620 1253 2981
1253 1620 2981
2577 198 1530
198 1530 2577
1530 198 2577
1984 2608 2897
2897 1984 2608
2608 1984 2897
2249 1178 1935
1935 1178 2249
1178 1935 2249
2382 2194 2292
2292 2194 2382
2194 2292 2382
2833 56 1158
1158 56 2833
56 1158 2833
491 378 2075
2075 378 491
378 491 2075
1351 143 1404
1404 143 1351
143 1351 1404
1367 314 1817
314 1367 1817
1817 314 1367
2385 616 967
967 616 2385
616 967 2385
2028 43 110
110 43 2028
43 110 2028
2336 386 2889
386 2336 2889
2889 386 2336
575 1453 1911
1911 575 1453
1453 575 1911
185 2454 2490
2454 185 2490
2490 185 2454
53 217 533
533 53 217
217 53 533
566 720 867
867 566 720
720 566 867
25 403 2475
403 25 2475
2475 25 403
2252 161 2421
161 2252 2421
2421 161 2252
1555 46 2748
2748 46 1555
46 1555 2748
1675 627 1188
1188 627 1675
627 1188 1675
2068 160 2614
160 2068 2614
2614 160 2068
1441 1418 2251
2251 1418 1441
1418 1441 2251
2987 1876 2417
2417 1876 2987
1876 2417 2987
1006 2151 2959
2959 1006 2151
2151 1006 2959
2456 988 1226
988 1226 2456
1226 988 2456
1447 1521 1806
1521 1447 1806
1806 1447 1521
88 1785 1921
1921 88 1785
1785 88 1921
1556 76 315
315 76 1556
76 315 1556
2645 836 1327
1327 836 2645
836 1327 2645
1162 1458 1522
1522 1162 1458
1458 1162 1522
660 150 267
267 150 660
150 267 660
387 475 979
979 387 475
475 387 979
2015 2424 2532
2532 2015 2424
2424 2015 2532
2809 613 683
613 683 2809
683 613 2809
2549 1568 2328
1568 2328 2549
2328 1568 2549
115 1180 2363
1180 115 2363
2363 115 1180
1173 2299 2933
2933 1173 2299
2299 1173 2933
1797 2875 2914
2914 1797 2875
2875 1797 2914
246 1240 2008
2008 246 1240
1240 246 2008
981 814 2733
2733 814 981
814 981 2733
222 2150 2960
2150 222 2960
2960 222 2150
2761 1341 2996
1341 2761 2996
2996 1341 2761
154 708 2477
2477 154 708
708 154 2477
39 1097 2235
1097 39 2235
2235 39 1097
1699 132 1648
132 1648 1699
1648 132 1699
2675 432 1881
1881 432 2675
432 1881 2675
472 619 2369
619 472 2369
2369 472 619
2193 1874 2242
2242 1874 2193
1874 2193 2242
112 89 2238
89 112 2238
2238 89 112
1726 106 2386
106 1726 2386
2386 106 1726
996 599 2569
599 996 2569
2569 599 996
2379 1260 2314
2314 1260 2379
1260 2314 2379
1991 1653 1748
1748 1653 1991
1653 1748 1991
2740 765 2592
2592 765 2740
765 2592 2740
766 241 658
241 658 766
658 241 766
2535 55 1750
1750 55 2535
55 1750 2535
1259 527 1218
527 1218 1259
1218 527 1259
611 348 1788
1788 348 611
348 611 1788
364 1467 2024
2024 364 1467
1467 364 2024
184 2128 2220
2128 184 2220
2220 184 2128
2414 2670 2945
2670 2414 2945
2945 2414 2670
883 1368 2778
1368 883 2778
2778 883 1368
2431 445 1824
445 1824 2431
1824 445 2431
2561 1301 1855
1301 1855 2561
1855 1301 2561
831 845 1324
1324 831 845
845 831 1324
48 1183 1465
1183 48 1465
1465 48 1183
225 735 1771
1771 225 735
735 225 1771
280 264 2276
264 280 2276
2276 264 280
20 1724 1890
1724 20 1890
1890 20 1724
1105 2046 2049
2046 1105 2049
2049 1105 2046
560 207 473
473 207 560
207 473 560
2799 593 2375
2375 593 2799
593 2375 2799
1456 2212 2346
2212 1456 2346
2346 1456 2212
1143 404 997
997 404 1143
404 997 1143
1792 973 2697
973 1792 2697
2697 973 1792
2724 476 1085
476 1085 2724
1085 476 2724
1518 915 1038
1038 915 1518
915 1038 1518
2917 1851 1956
1956 1851 2917
1851 1956 2917
1766 950 1609
950 1609 1766
1609 950 1766
1711 120 834
120 834 1711
834 120 1711
1470 565 1334
1334 565 1470
565 1334 1470
1848 462 2492
462 1848 2492
2492 462 1848
2376 123 789
789 123 2376
123 789 2376
1820 327 2293
327 1820 2293
2293 327 1820
1763 1439 2349
2349 1439 1763
1439 1763 2349
2286 1616 1677
1616 1677 2286
1677 1616 2286
1199 947 1822
1822 947 1199
947 1199 1822
846 1075 2706
2706 846 1075
1075 846 2706
2316 578 744
578 744 2316
744 578 2316
2071 1680 2263
1680 2071 2263
2263 1680 2071
2541 42 2480
42 2480 2541
2480 42 2541
1593 697 1142
697 1142 1593
1142 697 1593
2408 2534 2964
2964 2408 2534
2534 2408 2964
2063 2260 2402
2402 2063 2260
2260 2063 2402
342 2 334
2 334 342
334 2 342
145 197 1980
197 145 1980
1980 145 197
2640 1422 2511
2511 1422 2640
1422 2511 2640
2227 442 2775
2775 442 2227
442 2227 2775
861 1488 2099
2099 861 1488
1488 861 2099
2037 85 1633
85 1633 2037
1633 85 2037
2206 1931 2348
1931 2206 2348
2348 1931 2206
187 1889 2101
2101 187 1889
1889 187 2101
2525 938 2814
2814 938 2525
938 2525 2814
2660 1894 2048
2048 1894 2660
1894 2048 2660
235 2172 2835
2172 235 2835
2835 235 2172
2352 231 626
231 626 2352
626 231 2352
909 1010 2873
1010 909 2873
2873 909 1010
862 1247 1693
1693 862 1247
1247 862 1693
1194 24 2572
24 1194 2572
2572 24 1194
2129 316 2800
316 2129 2800
2800 316 2129
1421 1027 1078
1078 1027 1421
1027 1078 1421
2555 10 1395
1395 10 2555
10 1395 2555
1410 595 1845
595 1410 1845
1845 595 1410
6 1734 1951
1951 6 1734
1734 6 1951
576 922 1868
1868 576 922
922 576 1868
1212 16 2359
16 1212 2359
2359 16 1212
743 2164 2378
2378 743 2164
2164 743 2378
1713 2214 2796
2214 1713 2796
2796 1713 2214
1743 1229 2432
2432 1229 1743
1229 1743 2432
2560 2437 2644
2437 2560 2644
2644 2437 2560
670 924 2626
924 670 2626
2626 670 924
2285 666 679
679 666 2285
666 679 2285
69 2343 2716
2343 69 2716
2716 69 2343
2062 1657 2602
2602 1657 2062
1657 2062 2602
941 897 2005
897 941 2005
2005 897 941
230 2749 2857
2749 230 2857
2857 230 2749
1701 700 1953
700 1701 1953
1953 700 1701
1482 251 1905
1905 251 1482
251 1482 1905
1738 1536 2688
1536 1738 2688
2688 1536 1738
1597 818 2705
818 1597 2705
2705 818 1597
2148 173 1519
173 1519 2148
1519 173 2148
5 2229 2471
2229 5 2471
2471 5 2229
714 1510 2579
1510 714 2579
2579 714 1510
729 1213 1833
1213 729 1833
1833 729 1213
289 1034 1047
1047 289 1034
1034 289 1047
2275 561 1800
561 1800 2275
1800 561 2275
1891 1664 2846
2846 1664 1891
1664 1891 2846
671 244 2195
2195 244 671
244 671 2195
1116 690 1117
1117 690 1116
690 1116 1117
1285 435 1094
435 1094 1285
1094 435 1285
1156 249 1937
249 1156 1937
1937 249 1156
2388 443 1732
443 1732 2388
1732 443 2388
1745 2588 2737
2737 1745 2588
2588 1745 2737
65 949 1311
1311 65 949
949 65 1311
856 1398 1870
1398 856 1870
1870 856 1398
1192 1084 2624
2624 1084 1192
1084 1192 2624
1400 600 2381
600 1400 2381
2381 600 1400
2394 245 469
469 245 2394
245 469 2394
1978 221 349
349 221 1978
221 349 1978
1200 530 1893
530 1200 1893
1893 530 1200
1954 254 1289
1289 254 1954
254 1289 1954
1401 1093 1670
1093 1401 1670
1670 1093 1401
44 124 2183
124 44 2183
2183 44 124
848 1957 2978
2978 848 1957
1957 848 2978
2395 158 521
158 521 2395
521 158 2395
285 361 1493
1493 285 361
361 285 1493
1 104 1976
104 1 1976
1976 1 104
2896 588 1528
1528 588 2896
588 1528 2896
1046 1382 2995
2995 1046 1382
1382 1046 2995
2438 770 1261
1261 770 2438
770 1261 2438
1155 458 732
458 732 1155
732 458 1155
28 802 1063
1063 28 802
802 28 1063
2031 1003 2117
1003 2031 2117
2117 1003 2031
1753 75 771
75 771 1753
771 75 1753
1042 1634 1918
1634 1042 1918
1918 1042 1634
2907 1165 2623
2623 1165 2907
1165 2623 2907
1883 2433 2487
2487 1883 2433
2433 1883 2487
395 1004 2703
2703 395 1004
1004 395 2703
2411 651 2334
2334 651 2411
651 2334 2411
2527 607 1760
1760 607 2527
607 1760 2527
2090 193 2184
193 2090 2184
2184 193 2090
2904 333 2290
2290 333 2904
333 2290 2904
286 1127 2325
1127 286 2325
2325 286 1127
113 229 2040
229 113 2040
2040 113 229
2539 199 1435
199 1435 2539
1435 199 2539
2923 1947 2765
2765 1947 2923
1947 2765 2923
2509 2167 2921
2921 2167 2509
2167 2509 2921
579 1737 2567
2567 579 1737
1737 579 2567
1322 396 1689
396 1322 1689
1689 396 1322
776 1151 2344
2344 776 1151
1151 776 2344
1130 127 1059
127 1059 1130
1059 127 1130
181 101 118
118 101 181
101 118 181
2762 504 1809
504 1809 2762
1809 504 2762
692 918 1187
918 692 1187
1187 692 918
434 27 2714
2714 27 434
27 434 2714
1274 642 2097
642 1274 2097
2097 642 1274
2651 544 2985
544 2651 2985
2985 544 2651
657 1844 2518
1844 657 2518
2518 657 1844
543 523 837
523 543 837
837 523 543
928 1466 2179
2179 928 1466
1466 928 2179
615 214 1586
214 615 1586
1586 214 615
2926 137 1691
1691 137 2926
137 1691 2926
22 2782 2950
2782 22 2950
2950 22 2782
2236 604 691
691 604 2236
604 691 2236
1113 583 916
916 583 1113
583 916 1113
220 1476 2905
1476 220 2905
2905 220 1476
2763 389 636
389 636 2763
636 389 2763
2060 1065 2838
2838 1065 2060
1065 2060 2838
471 1552 2225
2225 471 1552
1552 471 2225
401 1297 1659
1297 401 1659
1659 401 1297
2676 877 2619
877 2619 2676
2619 877 2676
874 78 1077
78 874 1077
1077 78 874
961 72 2942
2942 72 961
72 961 2942
108 486 1612
1612 108 486
486 108 1612
2717 892 1251
1251 892 2717
892 1251 2717
1877 105 2268
105 1877 2268
2268 105 1877
496 959 2587
2587 496 959
959 496 2587
2669 1451 2709
2709 1451 2669
1451 2669 2709
1837 962 1243
962 1243 1837
1243 962 1837
1843 234 2662
234 1843 2662
2662 234 1843
2973 942 2735
942 2735 2973
2735 942 2973
1462 855 1189
855 1189 1462
1189 855 1462
2977 363 2583
363 2583 2977
2583 363 2977
515 1919 2488
1919 515 2488
2488 515 1919
2254 1235 1916
1916 1235 2254
1235 1916 2254
682 159 192
159 192 682
192 159 682
2091 510 1714
1714 510 2091
510 1714 2091
1280 674 1716
674 1280 1716
1716 674 1280
1431 574 2829
2829 574 1431
574 1431 2829
1567 357 1589
357 1567 1589
1589 357 1567
984 1723 2825
2825 984 1723
1723 984 2825
1869 1832 2586
2586 1832 1869
1832 1869 2586
2507 296 2997
296 2507 2997
2997 296 2507
639 820 2671
2671 639 820
820 639 2671
983 1068 2457
2457 983 1068
1068 983 2457
2957 1721 2847
1721 2847 2957
2847 1721 2957
2779 703 2606
2606 703 2779
703 2606 2779
1995 2053 2307
2307 1995 2053
2053 1995 2307
1099 391 479
391 479 1099
479 391 1099
2451 1072 1640
1072 1640 2451
1640 1072 2451
2910 2460 2630
2630 2460 2910
2460 2630 2910
1908 1503 2533
1503 1908 2533
2533 1503 1908
497 1114 1563
1563 497 1114
1114 497 1563
711 388 2969
388 711 2969
2969 388 711
1033 1478 2436
1478 1033 2436
2436 1033 1478
1484 687 2691
2691 687 1484
687 1484 2691
2798 1096 2320
2320 1096 2798
1096 2320 2798
1209 1409 2607
2607 1209 1409
1409 1209 2607
1671 1134 2894
1134 1671 2894
2894 1134 1671
1393 1015 1964
1015 1393 1964
1964 1015 1393
1475 707 2271
707 1475 2271
2271 707 1475
886 50 1128
1128 50 886
50 886 1128
2213 1635 2839
2839 1635 2213
1635 2213 2839
2657 237 382
382 237 2657
237 382 2657
2353 318 799
318 799 2353
799 318 2353
675 92 584
584 92 675
92 584 675
1915 344 446
344 446 1915
446 344 1915
2277 2261 2288
2261 2277 2288
2288 2261 2277
1051 2114 2837
2837 1051 2114
2114 1051 2837
2874 2231 2831
2231 2831 2874
2831 2231 2874
37 736 1959
1959 37 736
736 37 1959
986 759 2052
2052 759 986
759 986 2052
2816 785 2589
785 2589 2816
2589 785 2816
517 1050 1185
1050 517 1185
1185 517 1050
77 709 2061
709 77 2061
2061 77 709
738 258 676
676 258 738
258 676 738
968 638 2318
2318 638 968
638 968 2318
351 177 2590
177 351 2590
2590 177 351
227 2012 2267
2267 227 2012
2012 227 2267
2648 373 407
373 407 2648
407 373 2648
1061 1943 2564
2564 1061 1943
1943 1061 2564
1700 1445 1803
1803 1445 1700
1445 1700 1803
2935 2219 2448
2448 2219 2935
2219 2448 2935
2371 190 1878
1878 190 2371
190 1878 2371
2122 1782 2397
1782 2122 2397
2397 1782 2122
2180 1129 2955
2955 1129 2180
1129 2180 2955
1381 422 532
532 422 1381
422 532 1381
2358 804 1126
804 1126 2358
1126 804 2358
1146 686 2868
2868 686 1146
686 1146 2868
2621 157 912
912 157 2621
157 912 2621
468 2079 2413
2079 468 2413
2413 468 2079
2730 1581 1744
1744 1581 2730
1581 1744 2730
2110 215 641
641 215 2110
215 641 2110
809 2163 2934
2934 809 2163
2163 809 2934
1328 52 1929
52 1328 1929
1929 52 1328
2034 913 2501
913 2034 2501
2501 913 2034
2919 86 1233
1233 86 2919
86 1233 2919
1039 223 1179
223 1039 1179
1179 223 1039
1840 1208 1678
1678 1208 1840
1208 1678 1840
2760 2322 2661
2322 2661 2760
2661 2322 2760
878 1359 2103
2103 878 1359
1359 878 2103
1986 463 2519
2519 463 1986
463 1986 2519
876 205 329
205 329 876
329 205 876
2911 206 482
482 206 2911
206 482 2911
465 1644 2459
1644 465 2459
2459 465 1644
2171 337 1842
337 1842 2171
1842 337 2171
866 131 1440
1440 131 866
131 866 1440
1617 1231 2508
2508 1231 1617
1231 1617 2508
346 1009 2922
1009 346 2922
2922 346 1009
2993 356 1873
1873 356 2993
356 1873 2993
2611 797 1676
1676 797 2611
797 1676 2611
2410 2200 2399
2399 2200 2410
2200 2399 2410
548 111 2160
2160 111 548
111 548 2160
2473 2134 2222
2134 2222 2473
2222 2134 2473
119 440 650
650 119 440
440 119 650
1626 653 1031
1031 653 1626
653 1031 1626
1849 512 2774
2774 512 1849
512 1849 2774
974 1967 2601
1967 974 2601
2601 974 1967
1523 1561 2566
1561 1523 2566
2566 1523 1561
1292 752 1472
1472 752 1292
752 1292 1472
529 2258 2680
2680 529 2258
2258 529 2680
210 1712 2056
2056 210 1712
1712 210 2056
1621 1946 2565
2565 1621 1946
1946 1621 2565
417 1040 1448
1448 417 1040
1040 417 1448
2672 1879 2536
2536 1879 2672
1879 2536 2672
1835 1652 1906
1652 1835 1906
1906 1652 1835
2573 1557 1955
1557 1955 2573
1955 1557 2573
452 32 718
32 452 718
718 32 452
1371 508 1310
508 1310 1371
1310 508 1371
2270 485 553
553 485 2270
485 553 2270
433 1319 2340
1319 433 2340
2340 433 1319
79 721 2201
721 79 2201
2201 79 721
681 1827 2341
1827 681 2341
2341 681 1827
1366 1238 1517
1517 1238 1366
1238 1366 1517
2404 490 2984
2984 490 2404
490 2404 2984
2355 95 1606
95 1606 2355
1606 95 2355
1888 172 956
956 172 1888
172 956 1888
1846 507 1884
507 1846 1884
1884 507 1846
2446 655 1106
655 1106 2446
1106 655 2446
1830 1520 1534
1534 1520 1830
1520 1534 1830
2030 2474 2876
2474 2030 2876
2876 2030 2474
1936 2546 2832
2546 1936 2832
2832 1936 2546
791 2130 2476
2130 791 2476
2476 791 2130
1815 500 1926
500 1815 1926
1926 500 1815
203 2351 2766
2351 203 2766
2766 203 2351
265 1184 1286
1286 265 1184
1184 265 1286
1314 288 554
288 554 1314
554 288 1314
1060 414 1170
1170 414 1060
414 1060 1170
2377 176 715
176 715 2377
715 176 2377
2980 128 1814
1814 128 2980
128 1814 2980
830 200 2022
200 830 2022
2022 200 830
424 1323 2516
2516 424 1323
1323 424 2516
436 585 1315
