13547 15843 27777
15843 13547 27777
27777 13547 15843
15943 7418 9261
7418 9261 15943
9261 7418 15943
15513 6935 22280
22280 6935 15513
6935 15513 22280
23878 19845 25994
19845 23878 25994
25994 19845 23878
23889 26105 29554
29554 23889 26105
26105 23889 29554
28900 746 29876
746 28900 29876
29876 746 28900
26973 12449 21982
12449 21982 26973
21982 12449 26973
7358 8998 9345
8998 7358 9345
9345 7358 8998
22646 19598 23275
23275 19598 22646
19598 22646 23275
24657 1879 8517
8517 1879 24657
1879 8517 24657
17662 13203 29843
29843 13203 17662
13203 17662 29843
16738 11362 16964
16964 11362 16738
11362 16738 16964
20629 19672 20137
19672 20137 20629
20137 19672 20629
1427 1948 25735
1948 1427 25735
25735 1427 1948
14962 13252 24443
13252 14962 24443
24443 13252 14962
28180 25349 27620
25349 27620 28180
27620 25349 28180
1091 16461 24736
16461 1091 24736
24736 1091 16461
3063 11109 13812
13812 3063 11109
11109 3063 13812
5513 20856 28317
20856 5513 28317
28317 5513 20856
10194 3436 14707
14707 3436 10194
3436 10194 14707
7425 1005 13717
13717 1005 7425
1005 7425 13717
14196 5166 9451
9451 5166 14196
5166 9451 14196
3632 4587 14952
4587 3632 14952
14952 3632 4587
12204 8085 24961
8085 12204 24961
24961 8085 12204
9599 24412 28563
24412 9599 28563
28563 9599 24412
4139 3147 14445
14445 3147 4139
3147 4139 14445
16840 11143 14773
11143 14773 16840
14773 11143 16840
27580 553 24109
24109 553 27580
553 24109 27580
29891 5256 13646
5256 13646 29891
13646 5256 29891
11681 3685 13424
13424 3685 11681
3685 11681 13424
24799 19405 19994
19405 19994 24799
19994 19405 24799
10755 24370 29282
29282 10755 24370
24370 10755 29282
22990 5768 28902
28902 5768 22990
5768 22990 28902
13791 3268 16259
3268 13791 16259
16259 3268 13791
29736 16398 17948
16398 17948 29736
17948 16398 29736
4647 11983 13249
11983 4647 13249
13249 4647 11983
3848 6483 14281
6483 3848 14281
14281 3848 6483
13836 13433 23930
23930 13433 13836
13433 13836 23930
17073 16958 17605
17605 16958 17073
16958 17073 17605
8156 21653 25066
21653 8156 25066
25066 8156 21653
1527 21525 24672
21525 1527 24672
24672 1527 21525
4642 4218 25887
25887 4218 4642
4218 4642 25887
12116 27462 27788
27462 12116 27788
27788 12116 27462
22710 4767 19178
19178 4767 22710
4767 19178 22710
17568 16183 20716
20716 16183 17568
16183 17568 20716
16706 7385 23083
7385 16706 23083
23083 7385 16706
7739 12870 13853
13853 7739 12870
12870 7739 13853
22038 615 21956
615 21956 22038
21956 615 22038
28817 3543 20468
20468 3543 28817
3543 20468 28817
29923 7589 11873
7589 11873 29923
11873 7589 29923
912 14326 26200
26200 912 14326
14326 912 26200
1828 18372 20100
18372 1828 20100
20100 1828 18372
762 2010 5313
5313 762 2010
2010 762 5313
17404 10339 24880
24880 10339 17404
10339 17404 24880
15387 19091 22164
22164 15387 19091
19091 15387 22164
5243 5553 23409
5553 5243 23409
23409 5243 5553
2966 8604 23913
23913 2966 8604
8604 2966 23913
26794 4390 15327
4390 15327 26794
15327 4390 26794
24852 12273 18703
18703 12273 24852
12273 18703 24852
28102 20940 23302
23302 20940 28102
20940 23302 28102
845 17371 20650
20650 845 17371
17371 845 20650
26618 1243 20872
20872 1243 26618
1243 20872 26618
21995 2361 14869
14869 2361 21995
2361 14869 21995
8836 26437 28744
26437 8836 28744
28744 8836 26437
4586 444 23553
23553 444 4586
444 4586 23553
28714 1101 14499
1101 14499 28714
14499 1101 28714
7759 9412 11640
11640 7759 9412
9412 7759 11640
4302 3981 22056
3981 4302 22056
22056 3981 4302
14812 12275 24270
12275 14812 24270
24270 12275 14812
21763 10794 20229
10794 20229 21763
20229 10794 21763
29515 8383 26972
26972 8383 29515
8383 26972 29515
1643 19653 20464
19653 1643 20464
20464 1643 19653
3230 5669 14430
14430 3230 5669
5669 3230 14430
6691 6034 19670
19670 6034 6691
6034 6691 19670
20503 14559 18081
18081 14559 20503
14559 18081 20503
28401 16905 23707
16905 23707 28401
23707 16905 28401
5181 10936 18428
18428 5181 10936
10936 5181 18428
12612 12538 16522
12538 12612 16522
16522 12538 12612
20727 25395 25731
25395 20727 25731
25731 20727 25395
28336 783 20191
20191 783 28336
783 20191 28336
15577 10168 28464
28464 10168 15577
10168 15577 28464
3729 22356 29525
29525 3729 22356
22356 3729 29525
16448 6012 22682
6012 16448 22682
22682 6012 16448
22081 9315 24630
9315 22081 24630
24630 9315 22081
6949 2723 28751
2723 6949 28751
28751 2723 6949
5381 2428 9270
9270 2428 5381
2428 5381 9270
9336 19888 21015
21015 9336 19888
19888 9336 21015
25511 2067 18918
18918 2067 25511
2067 18918 25511
8871 4745 6588
6588 4745 8871
4745 6588 8871
17592 5830 11577
11577 5830 17592
5830 11577 17592
14847 12283 15339
12283 14847 15339
15339 12283 14847
2559 23504 28241
28241 2559 23504
23504 2559 28241
4048 7422 21313
21313 4048 7422
7422 4048 21313
15405 7338 10118
7338 10118 15405
10118 7338 15405
19940 15863 22106
22106 15863 19940
15863 19940 22106
29670 9742 29132
29132 9742 29670
9742 29132 29670
6100 15229 17199
15229 6100 17199
17199 6100 15229
1953 15911 27050
15911 1953 27050
27050 1953 15911
26654 2671 14715
2671 14715 26654
14715 2671 26654
1971 7720 13423
7720 1971 13423
13423 1971 7720
26179 22316 26954
26954 22316 26179
22316 26179 26954
28251 22881 28662
22881 28251 28662
28662 22881 28251
25853 1226 17710
1226 17710 25853
17710 1226 25853
8462 13155 14580
14580 8462 13155
13155 8462 14580
18002 10415 26059
10415 18002 26059
26059 10415 18002
25711 263 4117
263 4117 25711
4117 263 25711
6307 12554 29347
12554 6307 29347
29347 6307 12554
6623 20194 25188
25188 6623 20194
20194 6623 25188
4625 2665 26816
2665 4625 26816
26816 2665 4625
13448 25474 26959
26959 13448 25474
25474 13448 26959
19772 13563 24465
24465 13563 19772
13563 19772 24465
15981 20265 25556
20265 15981 25556
25556 15981 20265
23534 21915 22216
22216 21915 23534
21915 22216 23534
23958 4456 14444
14444 4456 23958
4456 14444 23958
8762 22785 28525
28525 8762 22785
22785 8762 28525
16151 15613 22981
15613 16151 22981
22981 15613 16151
6480 21277 29323
21277 6480 29323
29323 6480 21277
1993 14146 19146
14146 1993 19146
19146 1993 14146
23802 1734 26139
1734 23802 26139
26139 1734 23802
27692 7221 27827
27827 7221 27692
7221 27692 27827
7401 13134 18764
13134 7401 18764
18764 7401 13134
4764 3927 25879
3927 4764 25879
25879 3927 4764
6089 20304 28263
28263 6089 20304
20304 6089 28263
15510 9045 19449
19449 9045 15510
9045 15510 19449
7397 14621 17778
14621 7397 17778
17778 7397 14621
10472 23452 27133
27133 10472 23452
23452 10472 27133
9097 1514 28965
1514 9097 28965
28965 1514 9097
19584 10455 28912
28912 10455 19584
10455 19584 28912
20698 1502 28020
1502 20698 28020
28020 1502 20698
8431 705 4160
4160 705 8431
705 4160 8431
7410 11826 15065
15065 7410 11826
11826 7410 15065
24455 11051 14112
11051 14112 24455
14112 11051 24455
11341 10369 13462
13462 10369 11341
10369 11341 13462
9212 8905 17124
8905 9212 17124
17124 8905 9212
10362 5743 6242
5743 6242 10362
6242 5743 10362
7484 8125 19341
19341 7484 8125
8125 7484 19341
17830 7362 28129
28129 7362 17830
7362 17830 28129
19032 11492 28238
11492 19032 28238
28238 11492 19032
7771 14076 18167
14076 7771 18167
18167 7771 14076
15475 11695 24805
11695 15475 24805
24805 11695 15475
17460 10820 14254
14254 10820 17460
10820 14254 17460
27019 4694 19732
4694 19732 27019
19732 4694 27019
25833 3734 28314
3734 25833 28314
28314 3734 25833
24074 1355 2560
2560 1355 24074
1355 2560 24074
26621 8072 14939
14939 8072 26621
8072 14939 26621
21920 21926 23955
21926 21920 23955
23955 21920 21926
17220 14861 23761
14861 17220 23761
23761 14861 17220
16993 13194 20156
13194 16993 20156
20156 13194 16993
26403 14842 21354
14842 21354 26403
21354 14842 26403
20310 6439 7277
6439 7277 20310
7277 6439 20310
3173 7823 23726
23726 3173 7823
7823 3173 23726
9686 10400 24110
24110 9686 10400
10400 9686 24110
14119 101 12049
12049 101 14119
101 12049 14119
2271 5146 13901
5146 2271 13901
13901 2271 5146
16505 6083 11260
11260 6083 16505
6083 11260 16505
17309 7920 17301
17301 7920 17309
7920 17301 17309
16292 12761 23532
23532 12761 16292
12761 16292 23532
1917 32 15555
15555 32 1917
32 1917 15555
27461 15787 25060
25060 15787 27461
15787 25060 27461
25954 5457 26721
5457 25954 26721
26721 5457 25954
20023 22703 24444
22703 20023 24444
24444 20023 22703
22451 21477 23719
21477 22451 23719
23719 21477 22451
16007 5079 29832
29832 5079 16007
5079 16007 29832
18177 6325 6466
6325 6466 18177
6466 6325 18177
18689 1938 28357
28357 1938 18689
1938 18689 28357
13036 5359 19958
19958 5359 13036
5359 13036 19958
2282 18750 21870
18750 2282 21870
21870 2282 18750
9628 19800 23140
19800 9628 23140
23140 9628 19800
7066 9815 16997
9815 7066 16997
16997 7066 9815
18801 4789 29013
29013 4789 18801
4789 18801 29013
3792 13893 23342
13893 3792 23342
23342 3792 13893
25743 3615 21426
3615 21426 25743
21426 3615 25743
26931 9093 14017
14017 9093 26931
9093 14017 26931
13802 9308 10282
9308 10282 13802
10282 9308 13802
294 14642 14937
14937 294 14642
14642 294 14937
18826 8831 24521
8831 18826 24521
24521 8831 18826
2386 3572 19375
3572 2386 19375
19375 2386 3572
14274 8906 25190
8906 14274 25190
25190 8906 14274
8916 1949 13825
1949 8916 13825
13825 1949 8916
7869 1747 29096
1747 7869 29096
29096 1747 7869
2965 25130 29535
29535 2965 25130
25130 2965 29535
28290 13934 14010
14010 13934 28290
13934 14010 28290
23703 10040 24282
10040 23703 24282
24282 10040 23703
27004 3451 25348
3451 25348 27004
25348 3451 27004
15458 3594 26980
3594 15458 26980
26980 3594 15458
16051 21449 29614
29614 16051 21449
21449 16051 29614
24232 5600 29481
29481 5600 24232
5600 24232 29481
28521 9601 17656
17656 9601 28521
9601 17656 28521
16 25601 25813
25813 16 25601
25601 16 25813
1244 18929 21110
18929 1244 21110
21110 1244 18929
21491 23594 24505
23594 21491 24505
24505 21491 23594
499 877 2633
2633 499 877
877 499 2633
9828 2967 18587
2967 9828 18587
18587 2967 9828
7384 11262 28697
28697 7384 11262
11262 7384 28697
29334 807 19468
19468 807 29334
807 19468 29334
10635 24730 28077
28077 10635 24730
24730 10635 28077
5308 1306 11282
11282 1306 5308
1306 5308 11282
20996 18540 24426
18540 20996 24426
24426 18540 20996
18857 10567 26290
26290 10567 18857
10567 18857 26290
15250 21666 29647
29647 15250 21666
21666 15250 29647
23713 24699 25586
24699 23713 25586
25586 23713 24699
12269 414 27497
414 12269 27497
27497 414 12269
27537 5248 28877
5248 27537 28877
28877 5248 27537
22522 18576 26576
26576 18576 22522
18576 22522 26576
20897 17693 22234
17693 20897 22234
22234 17693 20897
12175 11352 20574
20574 11352 12175
11352 12175 20574
7519 19067 28849
19067 7519 28849
28849 7519 19067
6054 25008 25670
25008 6054 25670
25670 6054 25008
24123 2813 6310
2813 6310 24123
6310 2813 24123
22448 9138 24049
9138 22448 24049
24049 9138 22448
14874 18183 22148
22148 14874 18183
18183 14874 22148
17183 20038 29143
29143 17183 20038
20038 17183 29143
22360 18401 27712
18401 22360 27712
27712 18401 22360
5213 6973 24504
6973 5213 24504
24504 5213 6973
27848 12801 28207
28207 12801 27848
12801 27848 28207
29023 13828 14752
13828 14752 29023
14752 13828 29023
8914 10348 29960
10348 8914 29960
29960 8914 10348
2798 23645 28127
23645 2798 28127
28127 2798 23645
29374 22690 27920
27920 22690 29374
22690 27920 29374
8864 36 29774
29774 36 8864
36 8864 29774
6700 17970 19519
17970 6700 19519
19519 6700 17970
9636 7918 11320
7918 9636 11320
11320 7918 9636
10245 11444 24559
11444 10245 24559
24559 10245 11444
27308 20283 25182
20283 25182 27308
25182 20283 27308
5987 3152 11863
11863 3152 5987
3152 5987 11863
17021 22458 26979
26979 17021 22458
22458 17021 26979
16927 5625 21769
5625 16927 21769
21769 5625 16927
3908 12043 20063
12043 3908 20063
20063 3908 12043
3294 6604 22705
6604 3294 22705
22705 3294 6604
24152 12629 25005
25005 12629 24152
12629 24152 25005
24327 11111 29124
29124 11111 24327
11111 24327 29124
247 22262 29919
22262 247 29919
29919 247 22262
18065 13478 28345
28345 13478 18065
13478 18065 28345
25551 25004 29797
25004 25551 29797
29797 25004 25551
13867 4840 22816
22816 4840 13867
4840 13867 22816
26706 2996 28513
2996 26706 28513
28513 2996 26706
14706 11694 26543
11694 14706 26543
26543 11694 14706
16724 2372 19442
2372 16724 19442
19442 2372 16724
16264 9208 10725
9208 10725 16264
10725 9208 16264
26523 12266 23743
12266 23743 26523
23743 12266 26523
10729 1397 29945
1397 10729 29945
29945 1397 10729
9388 7090 8666
8666 7090 9388
7090 8666 9388
14760 3920 15879
15879 3920 14760
3920 14760 15879
11488 9037 25517
9037 11488 25517
25517 9037 11488
19581 13525 27153
27153 13525 19581
13525 19581 27153
3897 6265 18990
6265 3897 18990
18990 3897 6265
13702 17493 20235
20235 13702 17493
17493 13702 20235
5599 5060 9384
9384 5060 5599
5060 5599 9384
4732 3065 23542
3065 4732 23542
23542 3065 4732
7535 9672 13088
13088 7535 9672
9672 7535 13088
17336 2804 29324
2804 17336 29324
29324 2804 17336
24768 18007 26627
18007 24768 26627
26627 18007 24768
14204 725 10973
725 10973 14204
10973 725 14204
2344 4868 13700
4868 2344 13700
13700 2344 4868
18772 2465 19454
19454 2465 18772
2465 18772 19454
12817 17349 23059
23059 12817 17349
17349 12817 23059
7665 7139 13935
13935 7139 7665
7139 7665 13935
14696 25627 25936
25936 14696 25627
25627 14696 25936
24740 14128 15913
15913 14128 24740
14128 15913 24740
4883 669 2635
669 2635 4883
2635 669 4883
26476 25840 26266
25840 26266 26476
26266 25840 26476
1146 9041 26987
9041 1146 26987
26987 1146 9041
26323 1455 7190
7190 1455 26323
1455 7190 26323
19385 20881 24544
24544 19385 20881
20881 19385 24544
28726 7116 12249
7116 12249 28726
12249 7116 28726
3367 18547 25218
18547 3367 25218
25218 3367 18547
1136 6327 9305
6327 1136 9305
9305 1136 6327
14472 19176 19599
19599 14472 19176
19176 14472 19599
24345 20506 24992
24992 20506 24345
20506 24345 24992
27763 4816 29713
4816 27763 29713
29713 4816 27763
25085 9352 16050
9352 16050 25085
16050 9352 25085
18795 10840 22617
10840 18795 22617
22617 10840 18795
10095 1202 15085
15085 1202 10095
1202 10095 15085
24658 22459 27656
27656 22459 24658
22459 24658 27656
15891 8307 9456
9456 8307 15891
8307 9456 15891
6002 8353 17911
8353 6002 17911
17911 6002 8353
3991 15450 29316
15450 3991 29316
29316 3991 15450
15322 5401 12845
12845 5401 15322
5401 12845 15322
13909 10728 17833
17833 10728 13909
10728 13909 17833
15838 8102 15284
15284 8102 15838
8102 15284 15838
7409 27773 28453
27773 7409 28453
28453 7409 27773
24789 16393 19514
19514 16393 24789
16393 19514 24789
18837 177 17593
177 17593 18837
17593 177 18837
29970 5623 19554
5623 19554 29970
19554 5623 29970
18735 10156 14631
14631 10156 18735
10156 14631 18735
1321 6441 20732
6441 1321 20732
20732 1321 6441
3985 6971 27886
6971 3985 27886
27886 3985 6971
16600 26013 29799
26013 16600 29799
29799 16600 26013
20586 12061 23081
23081 12061 20586
12061 20586 23081
591 9544 12073
9544 591 12073
12073 591 9544
26160 16718 21577
21577 16718 26160
16718 21577 26160
25512 22624 27223
27223 22624 25512
22624 25512 27223
15137 5196 27581
5196 15137 27581
27581 5196 15137
6653 2978 13535
13535 2978 6653
2978 6653 13535
17187 8004 8767
8004 8767 17187
8767 8004 17187
1254 15946 29088
15946 1254 29088
29088 1254 15946
917 12627 15899
15899 917 12627
12627 917 15899
16227 12956 24918
24918 12956 16227
12956 16227 24918
27815 8748 24254
24254 8748 27815
8748 24254 27815
21489 990 6234
6234 990 21489
990 6234 21489
11675 13080 24391
13080 11675 24391
24391 11675 13080
20484 6180 10914
10914 6180 20484
6180 10914 20484
24620 4775 17089
17089 4775 24620
4775 17089 24620
3919 22637 27555
27555 3919 22637
22637 3919 27555
13426 10160 16735
16735 10160 13426
10160 13426 16735
22849 6361 21107
6361 21107 22849
21107 6361 22849
28282 1219 5073
5073 1219 28282
1219 5073 28282
29470 11402 22858
11402 22858 29470
22858 11402 29470
10381 2492 21323
2492 10381 21323
21323 2492 10381
19209 13661 18377
18377 13661 19209
13661 18377 19209
19542 1887 17400
1887 17400 19542
17400 1887 19542
20139 14877 20699
20699 14877 20139
14877 20139 20699
316 3262 23033
3262 316 23033
23033 316 3262
22670 1151 1658
1151 1658 22670
1658 1151 22670
20884 9062 14993
9062 14993 20884
14993 9062 20884
5290 6322 20730
20730 5290 6322
6322 5290 20730
26340 563 15067
563 15067 26340
15067 563 26340
26201 14640 19988
19988 14640 26201
14640 19988 26201
2232 1314 11714
11714 1314 2232
1314 2232 11714
20477 5913 23556
5913 20477 23556
23556 5913 20477
8861 1578 19740
19740 1578 8861
1578 8861 19740
8352 3810 21133
21133 3810 8352
3810 8352 21133
23291 2393 25181
2393 23291 25181
25181 2393 23291
10133 5815 12026
12026 5815 10133
5815 10133 12026
12448 7340 9117
9117 7340 12448
7340 9117 12448
4661 27930 28505
28505 4661 27930
27930 4661 28505
28403 3256 16664
16664 3256 28403
3256 16664 28403
24818 22018 27766
27766 22018 24818
22018 24818 27766
6315 1118 23465
23465 1118 6315
1118 6315 23465
14417 5634 13816
5634 13816 14417
13816 5634 14417
5055 11907 21330
21330 5055 11907
11907 5055 21330
6492 4322 20951
4322 6492 20951
20951 4322 6492
3790 19374 22523
19374 3790 22523
22523 3790 19374
28485 17498 23098
23098 17498 28485
17498 23098 28485
19762 20969 27970
20969 19762 27970
27970 19762 20969
565 17334 25920
25920 565 17334
17334 565 25920
21140 21361 24494
21361 21140 24494
24494 21140 21361
1789 4626 6338
6338 1789 4626
4626 1789 6338
10062 3200 27017
3200 10062 27017
27017 3200 10062
26889 13393 27316
13393 26889 27316
27316 13393 26889
23596 22962 25622
25622 22962 23596
22962 23596 25622
18029 9711 23647
23647 9711 18029
9711 18029 23647
22550 5682 8606
8606 5682 22550
5682 8606 22550
16182 2843 8723
8723 2843 16182
2843 8723 16182
8703 24922 28319
24922 8703 28319
28319 8703 24922
4031 15256 21475
15256 4031 21475
21475 4031 15256
3983 8873 24151
8873 3983 24151
24151 3983 8873
22256 18170 25091
18170 22256 25091
25091 18170 22256
25674 7982 25201
7982 25201 25674
25201 7982 25674
16516 6231 24921
24921 6231 16516
6231 16516 24921
12234 15747 16395
16395 12234 15747
15747 12234 16395
11703 13407 17160
17160 11703 13407
13407 11703 17160
559 28455 29199
28455 559 29199
29199 559 28455
5633 17162 27984
27984 5633 17162
17162 5633 27984
24597 15040 28887
28887 15040 24597
15040 24597 28887
25050 15393 18673
15393 18673 25050
18673 15393 25050
15779 17098 26030
17098 15779 26030
26030 15779 17098
4509 7941 28284
28284 4509 7941
7941 4509 28284
20209 7266 29331
29331 7266 20209
7266 20209 29331
24567 1204 8111
8111 1204 24567
1204 8111 24567
4311 3486 24196
24196 3486 4311
3486 4311 24196
23393 781 10231
10231 781 23393
781 10231 23393
19308 57 5715
57 5715 19308
5715 57 19308
2516 10109 27005
27005 2516 10109
10109 2516 27005
18173 21937 28772
21937 18173 28772
28772 18173 21937
17622 4985 19952
19952 4985 17622
4985 17622 19952
187 9461 12624
9461 187 12624
12624 187 9461
3156 2488 27601
2488 3156 27601
27601 2488 3156
27600 4854 23353
23353 4854 27600
4854 23353 27600
18664 14192 17741
14192 17741 18664
17741 14192 18664
27899 415 12701
415 12701 27899
12701 415 27899
4191 7287 17596
7287 4191 17596
17596 4191 7287
2142 15205 18767
15205 2142 18767
18767 2142 15205
2296 18966 23675
23675 2296 18966
18966 2296 23675
7877 4733 27252
27252 4733 7877
4733 7877 27252
25668 11393 29456
11393 25668 29456
29456 11393 25668
5760 21372 27391
21372 5760 27391
27391 5760 21372
27382 16662 29278
29278 16662 27382
16662 27382 29278
27088 2554 19493
19493 2554 27088
2554 19493 27088
10789 6615 19587
6615 10789 19587
19587 6615 10789
7057 10259 26796
26796 7057 10259
10259 7057 26796
2500 2310 8728
8728 2310 2500
2310 2500 8728
16762 1929 20702
20702 1929 16762
1929 16762 20702
20527 2306 24351
24351 2306 20527
2306 20527 24351
28947 9907 29475
9907 28947 29475
29475 9907 28947
19260 6249 17875
6249 17875 19260
17875 6249 19260
19320 19619 27975
27975 19320 19619
19619 19320 27975
21194 10049 14718
14718 10049 21194
10049 14718 21194
1689 10385 15955
10385 1689 15955
15955 1689 10385
15077 22221 25966
22221 15077 25966
25966 15077 22221
21360 10872 29990
10872 21360 29990
29990 10872 21360
24250 6033 8542
8542 6033 24250
6033 8542 24250
10800 4609 11535
4609 10800 11535
11535 4609 10800
13282 7827 25475
7827 13282 25475
25475 7827 13282
10513 5692 8573
8573 5692 10513
5692 8573 10513
21429 5775 20675
20675 5775 21429
5775 20675 21429
28339 16763 24747
24747 16763 28339
16763 24747 28339
21392 2224 25722
2224 21392 25722
25722 2224 21392
28769 8116 29355
29355 8116 28769
8116 28769 29355
22030 11162 27955
11162 22030 27955
27955 11162 22030
12323 18003 19307
19307 12323 18003
18003 12323 19307
14120 13506 28572
28572 13506 14120
13506 14120 28572
15279 1011 12812
1011 12812 15279
12812 1011 15279
15093 13741 24940
24940 13741 15093
13741 15093 24940
16270 9156 16000
9156 16000 16270
16000 9156 16270
10892 4808 12223
4808 10892 12223
12223 4808 10892
17679 1672 8358
8358 1672 17679
1672 8358 17679
19047 857 1744
1744 857 19047
857 1744 19047
9095 15936 29727
29727 9095 15936
15936 9095 29727
7154 9199 11652
9199 7154 11652
11652 7154 9199
8308 1614 13633
1614 8308 13633
13633 1614 8308
21805 3931 7952
7952 3931 21805
3931 7952 21805
3828 1206 19305
1206 3828 19305
19305 1206 3828
28834 23379 29006
29006 23379 28834
23379 28834 29006
6471 5133 22713
22713 5133 6471
5133 6471 22713
3909 20031 23256
20031 3909 23256
23256 3909 20031
4654 11927 12838
11927 4654 12838
12838 4654 11927
29460 10928 13296
13296 10928 29460
10928 13296 29460
21183 24026 25319
25319 21183 24026
24026 21183 25319
1907 15068 18436
18436 1907 15068
15068 1907 18436
13179 8461 27433
8461 13179 27433
27433 8461 13179
19785 273 3460
3460 273 19785
273 3460 19785
10067 9238 15063
9238 10067 15063
15063 9238 10067
5965 188 6371
6371 188 5965
188 5965 6371
22873 3118 19955
19955 3118 22873
3118 19955 22873
19854 15413 17915
17915 15413 19854
15413 17915 19854
8616 5958 23298
23298 5958 8616
5958 8616 23298
9926 11211 18311
11211 9926 18311
18311 9926 11211
14834 6248 18544
18544 6248 14834
6248 14834 18544
23531 1154 23625
23625 1154 23531
1154 23531 23625
15619 6301 28636
28636 6301 15619
6301 15619 28636
16930 9024 24656
24656 9024 16930
9024 16930 24656
28580 5345 22890
5345 22890 28580
22890 5345 28580
20540 11684 23466
23466 11684 20540
11684 20540 23466
25139 10946 26441
26441 10946 25139
10946 25139 26441
19158 24017 25450
24017 19158 25450
25450 19158 24017
41 11221 25210
25210 41 11221
11221 41 25210
8533 15421 15870
15870 8533 15421
15421 8533 15870
1624 17821 25837
17821 1624 25837
25837 1624 17821
20432 9508 13592
9508 13592 20432
13592 9508 20432
6072 9428 10922
10922 6072 9428
9428 6072 10922
26000 11985 19579
19579 11985 26000
11985 19579 26000
790 15576 20615
20615 790 15576
15576 790 20615
29371 12436 24246
24246 12436 29371
12436 24246 29371
8154 9081 14037
14037 8154 9081
9081 8154 14037
22583 27701 27942
27701 22583 27942
27942 22583 27701
1908 4141 17113
4141 1908 17113
17113 1908 4141
21974 7801 14526
14526 7801 21974
7801 14526 21974
19553 1932 29441
1932 19553 29441
29441 1932 19553
4724 4292 15359
15359 4292 4724
4292 4724 15359
19654 3240 9904
9904 3240 19654
3240 9904 19654
29402 13415 29461
13415 29402 29461
29461 13415 29402
15626 16044 17923
17923 15626 16044
16044 15626 17923
6458 2890 29046
29046 2890 6458
2890 6458 29046
25342 14297 20294
20294 14297 25342
14297 20294 25342
21783 1050 26686
1050 21783 26686
26686 1050 21783
17267 4462 16889
4462 16889 17267
16889 4462 17267
8250 11609 18360
18360 8250 11609
11609 8250 18360
11146 6447 20510
20510 6447 11146
6447 11146 20510
25667 9972 17445
9972 17445 25667
17445 9972 25667
974 18361 23304
18361 974 23304
23304 974 18361
12723 4691 21108
4691 12723 21108
21108 4691 12723
4248 8746 17998
8746 4248 17998
17998 4248 8746
26655 5956 15162
15162 5956 26655
5956 15162 26655
21261 12339 21947
12339 21261 21947
21947 12339 21261
26629 10682 28061
10682 26629 28061
28061 10682 26629
28084 28167 28695
28695 28084 28167
28167 28084 28695
6013 1930 5208
5208 1930 6013
1930 5208 6013
13397 831 18394
831 13397 18394
18394 831 13397
2716 4819 26220
26220 2716 4819
4819 2716 26220
28092 10570 24729
10570 24729 28092
24729 10570 28092
27463 23533 29852
29852 23533 27463
23533 27463 29852
29880 10312 12320
10312 12320 29880
12320 10312 29880
7971 6579 12824
12824 6579 7971
6579 7971 12824
29449 1704 8323
1704 8323 29449
8323 1704 29449
21794 4280 27321
27321 4280 21794
4280 21794 27321
6982 2985 10030
2985 6982 10030
10030 2985 6982
13450 13166 28882
13166 13450 28882
28882 13166 13450
13352 21080 26288
21080 13352 26288
26288 13352 21080
17023 738 18702
738 17023 18702
18702 738 17023
20379 1809 16759
1809 16759 20379
16759 1809 20379
12559 8711 9540
9540 8711 12559
8711 9540 12559
7512 14797 16632
16632 7512 14797
14797 7512 16632
25540 70 15204
70 15204 25540
15204 70 25540
12062 22132 28076
28076 12062 22132
22132 12062 28076
23357 16403 17370
17370 16403 23357
16403 17370 23357
22029 2857 3030
2857 3030 22029
3030 2857 22029
22800 9144 24502
9144 22800 24502
24502 9144 22800
26226 892 8750
8750 892 26226
892 8750 26226
3121 5996 28375
28375 3121 5996
5996 3121 28375
6848 25336 29319
29319 6848 25336
25336 6848 29319
9283 11218 22778
22778 9283 11218
11218 9283 22778
20804 2991 10881
2991 10881 20804
10881 2991 20804
15167 12491 26032
12491 15167 26032
26032 12491 15167
25715 12271 15355
12271 15355 25715
15355 12271 25715
10538 3135 9789
9789 3135 10538
3135 9789 10538
13749 7491 29261
7491 13749 29261
29261 7491 13749
5821 7625 16540
7625 5821 16540
16540 5821 7625
15873 3867 24451
24451 3867 15873
3867 15873 24451
14663 5386 10879
10879 5386 14663
5386 10879 14663
22054 5934 21748
21748 5934 22054
5934 21748 22054
13925 10923 26786
10923 13925 26786
26786 10923 13925
29225 2247 27315
27315 2247 29225
2247 27315 29225
20270 6905 17877
17877 6905 20270
6905 17877 20270
19735 5197 26443
26443 5197 19735
5197 19735 26443
12270 14332 16316
16316 12270 14332
14332 12270 16316
6473 8442 8910
8442 6473 8910
8910 6473 8442
26353 6405 8851
8851 6405 26353
6405 8851 26353
25596 3682 26163
26163 3682 25596
3682 25596 26163
10165 16207 18006
18006 10165 16207
16207 10165 18006
27991 9997 17093
17093 9997 27991
9997 17093 27991
29317 10890 23026
10890 23026 29317
23026 10890 29317
5107 19575 20750
19575 5107 20750
20750 5107 19575
21639 1735 26432
26432 1735 21639
1735 21639 26432
10236 6208 9218
9218 6208 10236
6208 9218 10236
17474 3622 19522
3622 17474 19522
19522 3622 17474
21412 22325 29354
29354 21412 22325
22325 21412 29354
20151 11720 21842
21842 11720 20151
11720 20151 21842
727 13337 19936
19936 727 13337
13337 727 19936
13101 3326 19910
19910 3326 13101
3326 13101 19910
25866 20463 20513
20513 20463 25866
20463 20513 25866
22852 23574 25158
23574 22852 25158
25158 22852 23574
13273 22151 29395
29395 13273 22151
22151 13273 29395
23509 1970 7339
7339 1970 23509
1970 7339 23509
16952 10715 12027
10715 12027 16952
12027 10715 16952
16933 9140 17019
17019 9140 16933
9140 16933 17019
23460 2335 20444
20444 2335 23460
2335 20444 23460
1882 9782 17091
17091 1882 9782
9782 1882 17091
24867 9339 26520
9339 24867 26520
26520 9339 24867
14841 2164 24866
24866 2164 14841
2164 14841 24866
13173 21891 23054
21891 13173 23054
23054 13173 21891
9947 7213 9767
9767 7213 9947
7213 9767 9947
3770 279 27871
27871 279 3770
279 3770 27871
10243 3328 19616
19616 3328 10243
3328 10243 19616
276 19109 20971
20971 276 19109
19109 276 20971
4483 5806 23860
23860 4483 5806
5806 4483 23860
8430 14346 21020
14346 8430 21020
21020 8430 14346
28236 10089 25791
10089 25791 28236
25791 10089 28236
20853 5076 10969
10969 5076 20853
5076 10969 20853
20597 3868 26337
3868 20597 26337
26337 3868 20597
8192 12696 12977
12696 8192 12977
12977 8192 12696
5698 3319 25856
25856 3319 5698
3319 5698 25856
7768 6232 21962
6232 7768 21962
21962 6232 7768
29439 4457 11959
11959 4457 29439
4457 11959 29439
16826 7786 18469
7786 16826 18469
18469 7786 16826
24184 2888 24124
2888 24124 24184
24124 2888 24184
785 15766 28581
15766 785 28581
28581 785 15766
12686 5646 15006
5646 12686 15006
15006 5646 12686
16295 1626 8550
1626 8550 16295
8550 1626 16295
5540 11904 26955
11904 5540 26955
26955 5540 11904
12282 24619 27716
27716 12282 24619
24619 12282 27716
28612 8215 9310
8215 9310 28612
9310 8215 28612
305 8388 24425
8388 305 24425
24425 305 8388
10420 6595 24174
24174 6595 10420
6595 10420 24174
5539 849 3490
3490 849 5539
849 3490 5539
1958 449 24294
449 1958 24294
24294 449 1958
4744 8941 28118
8941 4744 28118
28118 4744 8941
20791 12957 14441
14441 12957 20791
12957 14441 20791
2221 17443 19758
19758 2221 17443
17443 2221 19758
24824 11757 20913
20913 11757 24824
11757 20913 24824
29966 1489 9351
9351 1489 29966
1489 9351 29966
11091 4544 9641
4544 9641 11091
9641 4544 11091
18600 9477 29555
29555 9477 18600
9477 18600 29555
8908 2102 19365
2102 8908 19365
19365 2102 8908
26751 21159 29591
21159 26751 29591
29591 21159 26751
1361 17122 28981
17122 1361 28981
28981 1361 17122
5114 8009 20049
20049 5114 8009
8009 5114 20049
757 10563 17489
17489 757 10563
10563 757 17489
13520 15605 21946
15605 13520 21946
21946 13520 15605
23564 13422 13436
13422 13436 23564
13436 13422 23564
4091 76 12928
76 4091 12928
12928 76 4091
21084 5702 17924
5702 17924 21084
17924 5702 21084
7570 5217 19126
5217 7570 19126
19126 5217 7570
21038 17161 26245
26245 17161 21038
17161 21038 26245
6486 4738 13091
13091 4738 6486
4738 6486 13091
12229 11334 17852
17852 11334 12229
11334 12229 17852
21674 14908 15383
15383 14908 21674
14908 15383 21674
5678 5723 19513
5723 5678 19513
19513 5678 5723
23397 13990 23804
23804 13990 23397
13990 23397 23804
22405 12069 18303
18303 12069 22405
12069 18303 22405
29788 8754 22627
8754 22627 29788
22627 8754 29788
9771 19748 24885
24885 9771 19748
19748 9771 24885
23560 9277 18324
18324 9277 23560
9277 18324 23560
24336 5003 5368
5003 5368 24336
5368 5003 24336
19453 15668 19100
19100 15668 19453
15668 19100 19453
9007 4946 28502
4946 9007 28502
28502 4946 9007
16432 7086 13228
7086 13228 16432
13228 7086 16432
29659 15269 22797
22797 15269 29659
15269 22797 29659
5558 15722 18221
18221 5558 15722
15722 5558 18221
9938 16155 24834
24834 9938 16155
16155 9938 24834
12048 9035 10796
9035 10796 12048
10796 9035 12048
1258 5296 24662
5296 1258 24662
24662 1258 5296
20915 18738 21128
21128 18738 20915
18738 20915 21128
4170 911 5561
911 4170 5561
5561 911 4170
26192 6975 12075
6975 12075 26192
12075 6975 26192
8142 13190 28399
13190 8142 28399
28399 8142 13190
6806 3304 7392
3304 6806 7392
7392 3304 6806
23677 6121 13795
6121 13795 23677
13795 6121 23677
3701 1746 16743
16743 1746 3701
1746 3701 16743
11314 7027 26969
26969 7027 11314
7027 11314 26969
12585 209 17957
209 12585 17957
17957 209 12585
25635 9034 12118
12118 9034 25635
9034 12118 25635
20841 3843 12896
12896 3843 20841
3843 12896 20841
7030 23312 26753
23312 7030 26753
26753 7030 23312
3667 5051 11606
11606 3667 5051
5051 3667 11606
24734 1834 21618
1834 21618 24734
21618 1834 24734
7783 13941 17519
17519 7783 13941
13941 7783 17519
4169 1687 20547
1687 4169 20547
20547 1687 4169
3702 19059 25995
25995 3702 19059
19059 3702 25995
12747 1135 6538
6538 1135 12747
1135 6538 12747
20071 9699 21145
21145 9699 20071
9699 20071 21145
26438 6503 11116
11116 6503 26438
6503 11116 26438
22946 2452 24155
2452 22946 24155
24155 2452 22946
25661 11468 17561
11468 17561 25661
17561 11468 25661
18071 7420 12284
7420 12284 18071
12284 7420 18071
21852 10711 12226
10711 12226 21852
12226 10711 21852
16418 9292 14791
14791 9292 16418
9292 14791 16418
13327 21566 24360
24360 13327 21566
21566 13327 24360
21599 14498 19539
19539 14498 21599
14498 19539 21599
12660 10399 28689
10399 12660 28689
28689 10399 12660
1164 1912 28457
1912 1164 28457
28457 1164 1912
8501 15982 22313
15982 8501 22313
22313 8501 15982
25372 6807 25732
6807 25372 25732
25732 6807 25372
8128 15571 20923
20923 8128 15571
15571 8128 20923
28856 2543 20361
2543 20361 28856
20361 2543 28856
26234 12944 14727
12944 14727 26234
14727 12944 26234
6869 12764 15958
15958 6869 12764
12764 6869 15958
25015 3400 28971
28971 3400 25015
3400 25015 28971
22076 2624 5052
2624 5052 22076
5052 2624 22076
9871 651 15568
15568 651 9871
651 9871 15568
15694 2014 25894
25894 2014 15694
2014 15694 25894
9033 1835 20976
20976 1835 9033
1835 9033 20976
22966 24519 27901
24519 22966 27901
27901 22966 24519
25444 13142 23060
13142 23060 25444
23060 13142 25444
4432 3932 22965
22965 3932 4432
3932 4432 22965
4207 23307 29696
29696 4207 23307
23307 4207 29696
6547 18392 21421
21421 6547 18392
18392 6547 21421
16119 9030 25799
9030 16119 25799
25799 9030 16119
16314 3261 14644
3261 14644 16314
14644 3261 16314
26564 15881 22864
22864 15881 26564
15881 22864 26564
16387 11741 20178
11741 16387 20178
20178 11741 16387
8846 18976 21358
21358 8846 18976
18976 8846 21358
5422 4071 26569
4071 5422 26569
26569 4071 5422
6046 14370 27188
14370 6046 27188
27188 6046 14370
28538 3346 26638
26638 3346 28538
3346 26638 28538
29689 13676 20535
13676 20535 29689
20535 13676 29689
2107 9820 10718
10718 2107 9820
9820 2107 10718
28410 10251 22761
10251 22761 28410
22761 10251 28410
27073 7799 24192
7799 24192 27073
24192 7799 27073
7846 12240 20164
12240 7846 20164
20164 7846 12240
26264 16168 20879
16168 20879 26264
20879 16168 26264
13152 4977 13827
13827 4977 13152
4977 13152 13827
592 23141 27475
27475 592 23141
23141 592 27475
22874 4492 8839
4492 8839 22874
8839 4492 22874
23252 14601 26854
26854 14601 23252
14601 23252 26854
4484 8109 26846
8109 4484 26846
26846 4484 8109
14961 8756 17270
8756 14961 17270
17270 8756 14961
8028 3189 4766
4766 3189 8028
3189 4766 8028
11236 10593 18363
10593 11236 18363
18363 10593 11236
438 9279 21572
21572 438 9279
9279 438 21572
21845 7796 14193
14193 7796 21845
7796 14193 21845
1436 14749 18340
14749 1436 18340
18340 1436 14749
6660 3155 13659
3155 6660 13659
13659 3155 6660
29503 17240 26944
17240 26944 29503
26944 17240 29503
214 20700 21725
20700 214 21725
21725 214 20700
13446 2567 14201
2567 13446 14201
14201 2567 13446
4270 19751 27142
27142 4270 19751
19751 4270 27142
18662 23548 25318
25318 18662 23548
23548 18662 25318
16849 13789 20429
20429 13789 16849
13789 16849 20429
7026 20092 24562
20092 7026 24562
24562 7026 20092
14248 10804 23193
10804 14248 23193
23193 10804 14248
5394 3851 21328
3851 5394 21328
21328 3851 5394
17659 2237 15862
2237 15862 17659
15862 2237 17659
8205 24043 25841
24043 8205 25841
25841 8205 24043
5943 21825 24468
24468 5943 21825
21825 5943 24468
28021 3653 23242
23242 3653 28021
3653 23242 28021
14929 2399 21584
21584 2399 14929
2399 14929 21584
9546 6438 24926
6438 9546 24926
24926 6438 9546
20649 10234 28524
10234 20649 28524
28524 10234 20649
102 3488 9785
9785 102 3488
3488 102 9785
3386 9874 28875
28875 3386 9874
9874 3386 28875
24299 3791 13430
13430 3791 24299
3791 13430 24299
5061 844 13024
844 5061 13024
13024 844 5061
18645 28412 29878
29878 18645 28412
28412 18645 29878
24751 7785 20324
7785 20324 24751
20324 7785 24751
10856 6401 13875
13875 6401 10856
6401 10856 13875
13519 3638 16863
16863 3638 13519
3638 13519 16863
8139 16862 21247
21247 8139 16862
16862 8139 21247
4737 8151 13482
13482 4737 8151
8151 4737 13482
24744 5838 17352
5838 17352 24744
17352 5838 24744
3527 3741 18559
18559 3527 3741
3741 3527 18559
8167 19916 21415
19916 8167 21415
21415 8167 19916
22865 1356 17038
17038 1356 22865
1356 17038 22865
24881 4047 26800
26800 4047 24881
4047 24881 26800
20613 3142 28508
28508 3142 20613
3142 20613 28508
22530 10873 28088
28088 10873 22530
10873 22530 28088
23775 7914 17857
7914 17857 23775
17857 7914 23775
12387 22892 24300
24300 12387 22892
22892 12387 24300
1409 752 21952
21952 752 1409
752 1409 21952
2051 4486 16293
16293 2051 4486
4486 2051 16293
22479 8258 27416
27416 8258 22479
8258 22479 27416
21810 4476 23985
4476 21810 23985
23985 4476 21810
27867 20014 29632
20014 27867 29632
29632 20014 27867
18898 7806 22560
7806 18898 22560
22560 7806 18898
27421 5261 23067
5261 23067 27421
23067 5261 27421
23868 1315 22287
1315 22287 23868
22287 1315 23868
6004 2138 8557
2138 6004 8557
8557 2138 6004
7736 4598 4895
4598 4895 7736
4895 4598 7736
15187 5560 21723
5560 15187 21723
21723 5560 15187
28855 9585 11791
11791 9585 28855
9585 11791 28855
22416 17517 28285
28285 17517 22416
17517 22416 28285
16892 25383 28349
28349 16892 25383
25383 16892 28349
21170 15624 25400
15624 21170 25400
25400 15624 21170
8945 19777 24584
24584 8945 19777
19777 8945 24584
6303 522 18601
522 6303 18601
18601 522 6303
8563 19284 20865
19284 8563 20865
20865 8563 19284
17773 2503 11349
11349 2503 17773
2503 11349 17773
4646 15314 25440
25440 4646 15314
15314 4646 25440
26186 11973 21090
21090 11973 26186
11973 21090 26186
21605 3263 21602
21602 3263 21605
3263 21602 21605
20880 10505 21352
21352 10505 20880
10505 20880 21352
28596 587 5312
5312 587 28596
587 5312 28596
8741 1857 26774
1857 8741 26774
26774 1857 8741
3276 17734 23263
23263 3276 17734
17734 3276 23263
17202 2013 6784
6784 2013 17202
2013 6784 17202
28589 6435 28966
6435 28589 28966
28966 6435 28589
20231 16901 19118
19118 16901 20231
16901 19118 20231
29746 12215 16687
16687 12215 29746
12215 16687 29746
5147 5961 26545
26545 5147 5961
5961 5147 26545
24790 194 27141
27141 194 24790
194 24790 27141
23341 8482 17767
17767 8482 23341
8482 17767 23341
17402 4532 25394
4532 17402 25394
25394 4532 17402
14300 12986 15467
12986 14300 15467
15467 12986 14300
14233 5963 16961
5963 14233 16961
16961 5963 14233
2169 3606 21862
21862 2169 3606
3606 2169 21862
21793 872 23366
23366 872 21793
872 21793 23366
4942 12095 29391
29391 4942 12095
12095 4942 29391
3544 3369 28252
3369 3544 28252
28252 3369 3544
29532 8011 22331
8011 22331 29532
22331 8011 29532
270 6302 28536
28536 270 6302
6302 270 28536
20358 17941 21345
17941 20358 21345
21345 17941 20358
2108 8575 21523
8575 2108 21523
21523 2108 8575
18598 6127 7526
6127 7526 18598
7526 6127 18598
14785 4978 28137
28137 4978 14785
4978 14785 28137
14561 2686 28108
2686 14561 28108
28108 2686 14561
9605 9583 28646
28646 9583 9605
9583 9605 28646
29764 23113 27896
23113 27896 29764
27896 23113 29764
9210 5582 17128
17128 5582 9210
5582 9210 17128
24088 8639 25651
8639 24088 25651
25651 8639 24088
29890 23706 28219
23706 28219 29890
28219 23706 29890
8160 1597 15315
1597 8160 15315
15315 1597 8160
9254 18359 20015
20015 9254 18359
18359 9254 20015
20968 12553 14125
14125 12553 20968
12553 14125 20968
29021 161 6839
6839 161 29021
161 6839 29021
3915 898 4305
4305 898 3915
898 3915 4305
13650 5896 10006
10006 5896 13650
5896 10006 13650
25330 106 17355
106 17355 25330
17355 106 25330
1556 21438 24498
21438 1556 24498
24498 1556 21438
19547 887 10636
10636 887 19547
887 10636 19547
16945 8879 11047
8879 11047 16945
11047 8879 16945
10377 16115 21396
16115 10377 21396
21396 10377 16115
11196 6171 25151
25151 6171 11196
6171 11196 25151
23177 2989 21168
2989 21168 23177
21168 2989 23177
25600 4021 20188
4021 20188 25600
20188 4021 25600
29931 24614 29848
29848 24614 29931
24614 29848 29931
20022 2106 6374
6374 2106 20022
2106 6374 20022
24928 6603 22366
22366 6603 24928
6603 22366 24928
1228 11864 14334
11864 1228 14334
14334 1228 11864
4523 21 11942
11942 21 4523
21 4523 11942
6630 9647 15005
15005 6630 9647
9647 6630 15005
10305 4548 19161
19161 4548 10305
4548 10305 19161
23599 15494 19926
19926 15494 23599
15494 19926 23599
2851 399 12633
12633 399 2851
399 2851 12633
5005 6847 29053
6847 5005 29053
29053 5005 6847
5684 1485 2226
2226 1485 5684
1485 2226 5684
15465 20055 22281
22281 15465 20055
20055 15465 22281
15003 10621 20571
20571 10621 15003
10621 15003 20571
26080 9186 13162
13162 9186 26080
9186 13162 26080
2678 8470 11708
11708 2678 8470
8470 2678 11708
12844 8781 23427
8781 12844 23427
23427 8781 12844
10660 13763 26942
26942 10660 13763
13763 10660 26942
11885 2062 24522
24522 2062 11885
2062 11885 24522
18820 23926 26306
26306 18820 23926
23926 18820 26306
29766 13156 27925
13156 27925 29766
27925 13156 29766
14293 397 11258
11258 397 14293
397 11258 14293
6198 710 2657
2657 710 6198
710 2657 6198
18478 5857 15105
5857 15105 18478
15105 5857 18478
19368 10752 20666
10752 19368 20666
20666 10752 19368
24845 19402 26446
19402 24845 26446
26446 19402 24845
