29677 1272 8277
1272 8277 29677
8277 1272 29677
26249 7868 14081
7868 14081 26249
14081 7868 26249
22338 13138 19479
13138 19479 22338
19479 13138 22338
4002 302 27081
302 4002 27081
27081 302 4002
20216 2736 24811
24811 2736 20216
2736 20216 24811
13823 12122 12664
12664 12122 13823
12122 12664 13823
22272 8611 13398
13398 8611 22272
8611 13398 22272
439 14448 17028
14448 439 17028
17028 439 14448
16631 3346 22331
3346 16631 22331
22331 3346 16631
19546 2467 27871
27871 2467 19546
2467 19546 27871
23924 2854 3307
2854 3307 23924
3307 2854 23924
10079 16044 29612
29612 10079 16044
16044 10079 29612
10764 14138 15899
14138 10764 15899
15899 10764 14138
25198 26994 27389
26994 25198 27389
27389 25198 26994
11532 11289 19859
19859 11289 11532
11289 11532 19859
23897 4406 8899
8899 4406 23897
4406 8899 23897
28522 11139 27586
11139 27586 28522
27586 11139 28522
19952 24226 29509
24226 19952 29509
29509 19952 24226
7271 12938 18308
12938 7271 18308
18308 7271 12938
17659 18496 29968
29968 17659 18496
18496 17659 29968
26357 6831 9957
9957 6831 26357
6831 9957 26357
20201 19929 23930
23930 19929 20201
19929 20201 23930
3959 14075 19597
19597 3959 14075
14075 3959 19597
8655 18514 21908
18514 8655 21908
21908 8655 18514
24893 1690 19911
19911 1690 24893
1690 19911 24893
5292 6830 21443
21443 5292 6830
6830 5292 21443
18041 4421 25647
25647 4421 18041
4421 18041 25647
2998 17690 24629
17690 2998 24629
24629 2998 17690
11312 14003 22283
14003 11312 22283
22283 11312 14003
18542 10579 26399
10579 18542 26399
26399 10579 18542
17501 15943 25800
15943 17501 25800
25800 15943 17501
7855 6827 28188
6827 7855 28188
28188 6827 7855
13652 14698 22840
14698 13652 22840
22840 13652 14698
21204 4420 6087
6087 4420 21204
4420 6087 21204
516 5824 8545
8545 516 5824
5824 516 8545
19403 13754 18808
13754 18808 19403
18808 13754 19403
22179 614 11183
11183 614 22179
614 11183 22179
27006 15382 28582
15382 27006 28582
28582 15382 27006
23308 1229 16655
16655 1229 23308
1229 16655 23308
6037 2461 22317
22317 2461 6037
2461 6037 22317
16748 1223 24508
1223 16748 24508
24508 1223 16748
3401 1973 2179
1973 2179 3401
2179 1973 3401
19286 7260 14458
7260 14458 19286
14458 7260 19286
20169 3648 27430
3648 20169 27430
27430 3648 20169
17229 24153 25769
25769 17229 24153
24153 17229 25769
1450 2246 27921
2246 1450 27921
27921 1450 2246
25533 4656 17921
4656 17921 25533
17921 4656 25533
6553 7882 13189
13189 6553 7882
7882 6553 13189
9526 10922 21947
21947 9526 10922
10922 9526 21947
10271 12163 12849
12163 10271 12849
12849 10271 12163
11779 2441 12557
2441 11779 12557
12557 2441 11779
1716 5580 9714
5580 1716 9714
9714 1716 5580
5784 4393 13416
13416 4393 5784
4393 5784 13416
8368 9016 11912
9016 8368 11912
11912 8368 9016
26870 8854 11894
8854 11894 26870
11894 8854 26870
4083 14841 17896
17896 4083 14841
14841 4083 17896
19104 17737 24686
24686 17737 19104
17737 19104 24686
15933 25586 27037
27037 15933 25586
25586 15933 27037
23281 8011 14195
8011 14195 23281
14195 8011 23281
6222 7595 27977
7595 6222 27977
27977 6222 7595
17557 6142 26513
26513 6142 17557
6142 17557 26513
7348 3506 14416
3506 7348 14416
14416 3506 7348
2288 13918 27546
27546 2288 13918
13918 2288 27546
22591 21444 28738
28738 21444 22591
21444 22591 28738
229 4801 4916
4801 229 4916
4916 229 4801
12776 11931 16940
11931 12776 16940
16940 11931 12776
18755 18015 26819
26819 18015 18755
18015 18755 26819
23907 26288 29651
26288 23907 29651
29651 23907 26288
16976 22056 23787
23787 16976 22056
22056 16976 23787
20004 13179 22513
13179 20004 22513
22513 13179 20004
163 21432 28965
21432 163 28965
28965 163 21432
18106 6660 12671
12671 6660 18106
6660 12671 18106
27599 24341 28975
24341 27599 28975
28975 24341 27599
13393 1676 20926
20926 1676 13393
1676 13393 20926
24937 12920 26557
12920 24937 26557
26557 12920 24937
8364 4710 12480
12480 4710 8364
4710 8364 12480
4058 8713 20860
20860 4058 8713
8713 4058 20860
9241 19665 21972
19665 9241 21972
21972 9241 19665
21791 16486 25810
16486 21791 25810
25810 16486 21791
17619 14145 16491
14145 16491 17619
16491 14145 17619
26698 1506 19421
19421 1506 26698
1506 19421 26698
16848 13736 20177
13736 16848 20177
20177 13736 16848
10729 4249 24540
24540 4249 10729
4249 10729 24540
2547 8513 18652
18652 2547 8513
8513 2547 18652
6998 4993 21344
21344 4993 6998
4993 6998 21344
26002 23487 24953
24953 23487 26002
23487 24953 26002
29790 6395 8567
6395 8567 29790
8567 6395 29790
25636 2272 26427
26427 2272 25636
2272 25636 26427
4186 5779 9624
5779 4186 9624
9624 4186 5779
23838 11435 21140
21140 11435 23838
11435 21140 23838
11889 15267 18721
15267 11889 18721
18721 11889 15267
6525 4233 29442
29442 4233 6525
4233 6525 29442
21094 2252 27770
2252 21094 27770
27770 2252 21094
17178 150 17980
17980 150 17178
150 17178 17980
263 9860 25449
9860 263 25449
25449 263 9860
23012 1118 18844
18844 1118 23012
1118 18844 23012
6488 9678 23185
9678 6488 23185
23185 6488 9678
5838 15056 23442
23442 5838 15056
15056 5838 23442
1922 3516 26727
3516 1922 26727
26727 1922 3516
14512 12632 15227
15227 12632 14512
12632 14512 15227
25541 24141 28158
28158 24141 25541
24141 25541 28158
28179 603 27996
603 27996 28179
27996 603 28179
27060 2933 3617
3617 2933 27060
2933 3617 27060
18029 14552 21307
14552 18029 21307
21307 14552 18029
21146 13775 15815
15815 13775 21146
13775 15815 21146
2424 1827 22249
1827 2424 22249
22249 1827 2424
4332 5680 6050
5680 4332 6050
6050 4332 5680
23222 9553 15837
15837 9553 23222
9553 15837 23222
24373 4203 15290
15290 4203 24373
4203 15290 24373
12229 12071 16547
12071 12229 16547
16547 12071 12229
20107 26612 27100
26612 20107 27100
27100 20107 26612
28116 716 17932
716 17932 28116
17932 716 28116
4117 13870 26259
13870 4117 26259
26259 4117 13870
18825 13944 13960
13960 13944 18825
13944 13960 18825
21683 8133 15698
15698 8133 21683
8133 15698 21683
9506 19871 22360
19871 9506 22360
22360 9506 19871
16998 19117 22460
19117 16998 22460
22460 16998 19117
27028 17278 20422
20422 17278 27028
17278 20422 27028
11032 1728 9276
1728 9276 11032
9276 1728 11032
2146 3028 29125
3028 2146 29125
29125 2146 3028
8698 10456 24412
10456 8698 24412
24412 8698 10456
28969 12092 26806
12092 26806 28969
26806 12092 28969
28966 24438 28835
28835 24438 28966
24438 28835 28966
17715 18382 28623
18382 17715 28623
28623 17715 18382
6497 19288 20987
20987 6497 19288
19288 6497 20987
7000 20120 28781
20120 7000 28781
28781 7000 20120
12197 4227 20966
20966 4227 12197
4227 12197 20966
5399 14966 20234
14966 5399 20234
20234 5399 14966
29745 10185 20515
20515 10185 29745
10185 20515 29745
9937 15165 21500
15165 9937 21500
21500 9937 15165
20315 12653 27687
12653 20315 27687
27687 12653 20315
27235 9102 27749
9102 27235 27749
27749 9102 27235
25271 7520 26486
7520 25271 26486
26486 7520 25271
28882 12700 15287
15287 12700 28882
12700 15287 28882
7945 1497 19870
19870 1497 7945
1497 7945 19870
2311 1888 17515
17515 1888 2311
1888 2311 17515
9355 422 14016
14016 422 9355
422 9355 14016
21880 2526 6921
2526 6921 21880
6921 2526 21880
20041 19821 28227
19821 20041 28227
28227 19821 20041
3375 5974 24107
24107 3375 5974
5974 3375 24107
25783 2665 18503
18503 2665 25783
2665 18503 25783
21693 6340 29286
29286 6340 21693
6340 21693 29286
12488 6786 18677
18677 6786 12488
6786 12488 18677
20 1600 18284
1600 20 18284
18284 20 1600
26774 7226 18070
7226 18070 26774
18070 7226 26774
15971 21425 24984
21425 15971 24984
24984 15971 21425
5613 6907 7191
7191 5613 6907
6907 5613 7191
2305 15417 26667
15417 2305 26667
26667 2305 15417
29132 16758 17170
17170 16758 29132
16758 17170 29132
16220 8258 26122
26122 8258 16220
8258 16220 26122
3024 13427 24867
13427 3024 24867
24867 3024 13427
11679 4144 24872
24872 4144 11679
4144 11679 24872
17192 22996 26532
22996 17192 26532
26532 17192 22996
16282 1914 29255
29255 1914 16282
1914 16282 29255
6622 14925 24130
24130 6622 14925
14925 6622 24130
5179 80 8397
80 5179 8397
8397 80 5179
18584 11147 19543
19543 11147 18584
11147 18584 19543
8690 9054 14402
9054 8690 14402
14402 8690 9054
5847 9790 14825
9790 5847 14825
14825 5847 9790
1894 17526 23436
17526 1894 23436
23436 1894 17526
24346 5038 29372
5038 24346 29372
29372 5038 24346
13039 9260 29156
29156 9260 13039
9260 13039 29156
24751 4020 11903
11903 4020 24751
4020 11903 24751
2008 6774 15001
15001 2008 6774
6774 2008 15001
20746 15759 28392
15759 20746 28392
28392 15759 20746
15054 8806 14485
8806 14485 15054
14485 8806 15054
17877 14007 27659
27659 14007 17877
14007 17877 27659
3885 9984 20273
9984 3885 20273
20273 3885 9984
16222 4241 23651
4241 16222 23651
23651 4241 16222
3788 24703 27594
27594 3788 24703
24703 3788 27594
17911 19205 29801
29801 17911 19205
19205 17911 29801
23385 13105 15529
15529 13105 23385
13105 15529 23385
29879 978 6167
6167 978 29879
978 6167 29879
14747 11861 18292
11861 14747 18292
18292 11861 14747
28143 2587 18022
2587 18022 28143
18022 2587 28143
27414 95 16827
95 16827 27414
16827 95 27414
932 8307 11016
8307 932 11016
11016 932 8307
5956 19169 23882
19169 5956 23882
23882 5956 19169
18434 11351 22389
22389 11351 18434
11351 18434 22389
12791 9972 12116
12116 9972 12791
9972 12116 12791
26144 6657 14426
6657 14426 26144
14426 6657 26144
25846 19088 22618
19088 22618 25846
22618 19088 25846
13611 2627 7263
2627 7263 13611
7263 2627 13611
3678 8328 19107
19107 3678 8328
8328 3678 19107
354 11986 16888
11986 354 16888
16888 354 11986
29743 23136 29392
23136 29392 29743
29392 23136 29743
9413 14400 28069
28069 9413 14400
14400 9413 28069
7522 665 16642
665 7522 16642
16642 665 7522
8398 6279 23947
23947 6279 8398
6279 8398 23947
29189 20451 21403
21403 20451 29189
20451 21403 29189
26485 19013 20310
20310 19013 26485
19013 20310 26485
17616 20218 25169
20218 17616 25169
25169 17616 20218
11553 7012 16805
16805 7012 11553
7012 11553 16805
16821 23053 27669
23053 16821 27669
27669 16821 23053
5710 10463 15731
10463 5710 15731
15731 5710 10463
20972 11549 14052
14052 11549 20972
11549 14052 20972
2407 3271 21883
3271 2407 21883
21883 2407 3271
6959 238 7197
7197 238 6959
238 6959 7197
17563 6807 12169
6807 12169 17563
12169 6807 17563
664 5884 9226
9226 664 5884
5884 664 9226
17779 12101 29205
29205 12101 17779
12101 17779 29205
14306 16396 18885
16396 14306 18885
18885 14306 16396
14040 4000 14709
14709 4000 14040
4000 14040 14709
23440 7268 8253
8253 7268 23440
7268 8253 23440
28948 18519 23433
23433 18519 28948
18519 23433 28948
17816 1946 22795
1946 17816 22795
22795 1946 17816
3993 44 20237
20237 44 3993
44 3993 20237
28622 21595 29411
21595 28622 29411
29411 21595 28622
3679 17954 28323
17954 3679 28323
28323 3679 17954
23597 3353 13219
3353 13219 23597
13219 3353 23597
21031 4897 6118
4897 6118 21031
6118 4897 21031
15058 24625 25140
25140 15058 24625
24625 15058 25140
8360 6632 17265
6632 8360 17265
17265 6632 8360
26537 547 19653
547 19653 26537
19653 547 26537
14848 17584 23174
23174 14848 17584
17584 14848 23174
23582 885 1664
885 1664 23582
1664 885 23582
14156 19675 27574
19675 14156 27574
27574 14156 19675
24340 14851 19846
14851 19846 24340
19846 14851 24340
10853 1738 23551
23551 1738 10853
1738 10853 23551
26689 3211 10561
3211 10561 26689
10561 3211 26689
9966 6508 11309
11309 6508 9966
6508 9966 11309
11007 6943 9934
6943 9934 11007
9934 6943 11007
2370 38 29131
29131 38 2370
38 2370 29131
20189 10483 29799
10483 20189 29799
29799 10483 20189
2417 3823 15620
3823 2417 15620
15620 2417 3823
13140 9578 19029
19029 9578 13140
9578 13140 19029
6845 1073 26835
1073 6845 26835
26835 1073 6845
23446 6510 8224
6510 8224 23446
8224 6510 23446
8745 10783 16036
16036 8745 10783
10783 8745 16036
19057 16595 28043
28043 16595 19057
16595 19057 28043
19467 795 16353
795 16353 19467
16353 795 19467
28605 6261 26696
26696 6261 28605
6261 26696 28605
15462 21419 25084
25084 15462 21419
21419 15462 25084
10770 28992 29716
28992 10770 29716
29716 10770 28992
27162 7401 14960
14960 7401 27162
7401 14960 27162
28264 7988 17668
17668 7988 28264
7988 17668 28264
20937 11270 16879
16879 11270 20937
11270 16879 20937
15180 7099 26155
7099 15180 26155
26155 7099 15180
14934 18650 21453
21453 14934 18650
18650 14934 21453
16917 2751 12872
2751 12872 16917
12872 2751 16917
20808 2119 25837
25837 2119 20808
2119 20808 25837
4107 4823 10135
10135 4107 4823
4823 4107 10135
12043 11923 27999
27999 11923 12043
11923 12043 27999
14336 27634 29043
29043 14336 27634
27634 14336 29043
22613 1650 11775
1650 11775 22613
11775 1650 22613
11548 7640 15477
15477 7640 11548
7640 11548 15477
10383 585 16100
585 10383 16100
16100 585 10383
7624 15339 26886
26886 7624 15339
15339 7624 26886
17755 23926 29390
29390 17755 23926
23926 17755 29390
21463 7136 18912
18912 7136 21463
7136 18912 21463
7825 27652 28169
28169 7825 27652
27652 7825 28169
11906 2675 28926
2675 11906 28926
28926 2675 11906
5202 13275 29785
29785 5202 13275
13275 5202 29785
19602 6868 24762
6868 19602 24762
24762 6868 19602
1992 18512 27212
18512 1992 27212
27212 1992 18512
27050 6436 19028
6436 19028 27050
19028 6436 27050
22736 6174 7863
7863 6174 22736
6174 7863 22736
23555 5911 14284
14284 5911 23555
5911 14284 23555
24836 1681 18245
18245 1681 24836
1681 18245 24836
14774 8970 12978
12978 8970 14774
8970 12978 14774
10683 11802 23674
23674 10683 11802
11802 10683 23674
13213 9381 12775
9381 12775 13213
12775 9381 13213
23767 10892 19762
10892 19762 23767
19762 10892 23767
26624 7110 29394
7110 26624 29394
29394 7110 26624
15014 3716 21623
21623 3716 15014
3716 15014 21623
2089 14518 20094
14518 2089 20094
20094 2089 14518
13326 19632 27757
19632 13326 27757
27757 13326 19632
3493 7942 10021
7942 3493 10021
10021 3493 7942
9286 8115 14517
8115 9286 14517
14517 8115 9286
26170 5949 24744
5949 24744 26170
24744 5949 26170
9458 18883 28792
28792 9458 18883
18883 9458 28792
16300 748 13623
13623 748 16300
748 13623 16300
11288 15796 23780
15796 11288 23780
23780 11288 15796
19705 9053 25922
9053 19705 25922
25922 9053 19705
10153 14519 14728
14519 10153 14728
14728 10153 14519
13765 13957 14919
13957 13765 14919
14919 13765 13957
3743 5593 23990
5593 3743 23990
23990 3743 5593
17538 13211 21668
13211 17538 21668
21668 13211 17538
12937 1492 2923
1492 2923 12937
2923 1492 12937
27413 3330 5021
5021 3330 27413
3330 5021 27413
14536 12327 20855
12327 14536 20855
20855 12327 14536
11519 18935 23785
23785 11519 18935
18935 11519 23785
16191 3836 17671
3836 16191 17671
17671 3836 16191
6825 10532 25240
10532 6825 25240
25240 6825 10532
3450 654 3437
3437 654 3450
654 3437 3450
22597 5567 7307
7307 5567 22597
5567 7307 22597
22238 797 20019
797 20019 22238
20019 797 22238
6760 4027 24033
24033 4027 6760
4027 6760 24033
3407 28089 29659
29659 3407 28089
28089 3407 29659
17092 1727 7979
1727 7979 17092
7979 1727 17092
22912 8916 24331
8916 22912 24331
24331 8916 22912
2724 17585 21161
17585 2724 21161
21161 2724 17585
29266 10775 11114
11114 10775 29266
10775 11114 29266
14177 1839 4766
4766 1839 14177
1839 4766 14177
6680 22349 23114
22349 6680 23114
23114 6680 22349
5543 13706 19876
19876 5543 13706
13706 5543 19876
4805 11843 20705
20705 4805 11843
11843 4805 20705
1473 19693 27722
19693 1473 27722
27722 1473 19693
8953 1850 25670
1850 8953 25670
25670 1850 8953
8667 2906 16311
16311 2906 8667
2906 8667 16311
23921 22181 23627
23627 22181 23921
22181 23627 23921
20224 3244 16521
16521 3244 20224
3244 16521 20224
21139 1485 22510
22510 1485 21139
1485 21139 22510
12897 5293 14395
14395 5293 12897
5293 12897 14395
1971 8186 19680
19680 1971 8186
8186 1971 19680
12797 14374 27250
14374 12797 27250
27250 12797 14374
191 3166 20380
3166 191 20380
20380 191 3166
15665 12230 19909
12230 15665 19909
19909 12230 15665
17031 14575 26734
14575 17031 26734
26734 14575 17031
18030 6284 26851
26851 6284 18030
6284 18030 26851
4647 3729 15651
15651 3729 4647
3729 4647 15651
16705 2530 18625
2530 16705 18625
18625 2530 16705
19248 1012 16261
1012 16261 19248
16261 1012 19248
29930 12854 15076
12854 15076 29930
15076 12854 29930
22899 3818 20653
3818 20653 22899
20653 3818 22899
8194 9145 10009
10009 8194 9145
9145 8194 10009
11240 18005 24221
24221 11240 18005
18005 11240 24221
2645 16081 18830
16081 2645 18830
18830 2645 16081
18574 7288 22729
22729 7288 18574
7288 18574 22729
15236 10665 15347
15347 10665 15236
10665 15236 15347
5697 687 27374
27374 687 5697
687 5697 27374
13131 3505 14557
3505 13131 14557
14557 3505 13131
27445 7045 13913
7045 13913 27445
13913 7045 27445
26680 28717 29741
29741 26680 28717
28717 26680 29741
24237 6894 20116
20116 6894 24237
6894 20116 24237
22195 7451 9515
9515 7451 22195
7451 9515 22195
15916 738 27365
738 15916 27365
27365 738 15916
7660 10272 14571
14571 7660 10272
10272 7660 14571
28322 1348 21060
1348 21060 28322
21060 1348 28322
28510 1006 15872
1006 15872 28510
15872 1006 28510
6315 20136 24036
24036 6315 20136
20136 6315 24036
219 10104 21996
21996 219 10104
10104 219 21996
2326 6397 17863
6397 2326 17863
17863 2326 6397
2703 3060 22203
3060 2703 22203
22203 2703 3060
28597 17722 26504
26504 17722 28597
17722 26504 28597
11203 474 15322
474 11203 15322
15322 474 11203
28416 1518 14615
14615 1518 28416
1518 14615 28416
19946 17329 21531
21531 17329 19946
17329 19946 21531
8631 8222 21448
8222 8631 21448
21448 8222 8631
13084 1667 23654
23654 1667 13084
1667 13084 23654
4154 6708 7924
6708 4154 7924
7924 4154 6708
14460 10791 21199
21199 10791 14460
10791 14460 21199
10440 2063 26024
2063 10440 26024
26024 2063 10440
4920 27675 28639
28639 4920 27675
27675 4920 28639
28149 10564 12982
10564 12982 28149
12982 10564 28149
7617 5557 28365
5557 7617 28365
28365 5557 7617
28729 9470 24495
9470 24495 28729
24495 9470 28729
20387 12683 12855
12683 12855 20387
12855 12683 20387
28464 11417 24386
11417 24386 28464
24386 11417 28464
726 13785 25755
13785 726 25755
25755 726 13785
21586 306 27114
306 21586 27114
27114 306 21586
15923 226 28503
226 15923 28503
28503 226 15923
12794 23180 28624
28624 12794 23180
23180 12794 28624
3894 11686 27224
11686 3894 27224
27224 3894 11686
14221 4678 5521
5521 4678 14221
4678 5521 14221
2720 672 5425
672 2720 5425
5425 672 2720
29337 14310 26341
26341 14310 29337
14310 26341 29337
23624 14931 25076
14931 23624 25076
25076 14931 23624
12040 54 6701
6701 54 12040
54 6701 12040
11143 5396 13854
13854 5396 11143
5396 11143 13854
23867 16157 29049
16157 23867 29049
29049 16157 23867
28133 5479 23998
23998 5479 28133
5479 23998 28133
16927 3337 16847
3337 16847 16927
16847 3337 16927
20997 9423 12419
12419 9423 20997
9423 12419 20997
13781 6761 19052
6761 13781 19052
19052 6761 13781
5926 773 9657
773 5926 9657
9657 773 5926
25481 20946 21475
20946 21475 25481
21475 20946 25481
21928 8928 19062
19062 8928 21928
8928 19062 21928
15727 10919 20964
10919 15727 20964
20964 10919 15727
25212 15113 24680
24680 15113 25212
15113 24680 25212
27346 5464 25933
5464 25933 27346
25933 5464 27346
3896 788 11662
11662 788 3896
788 3896 11662
10121 4413 20931
20931 4413 10121
4413 10121 20931
19148 17186 27893
27893 17186 19148
17186 19148 27893
5689 9063 9782
9782 5689 9063
9063 5689 9782
17533 12718 23570
12718 17533 23570
23570 12718 17533
16005 14135 15914
15914 14135 16005
14135 15914 16005
16477 19720 28382
28382 16477 19720
19720 16477 28382
28907 9800 18409
9800 18409 28907
18409 9800 28907
20707 17367 23402
23402 17367 20707
17367 20707 23402
19961 16265 23045
16265 19961 23045
23045 16265 19961
12143 3339 14716
3339 12143 14716
14716 3339 12143
16965 2457 7861
2457 7861 16965
7861 2457 16965
16615 8034 20563
20563 8034 16615
8034 16615 20563
12033 3279 16742
3279 12033 16742
16742 3279 12033
1243 3539 10390
10390 1243 3539
3539 1243 10390
1685 24235 28422
28422 1685 24235
24235 1685 28422
21946 1522 10550
1522 10550 21946
10550 1522 21946
4986 13220 18715
18715 4986 13220
13220 4986 18715
6966 9173 13048
9173 6966 13048
13048 6966 9173
22534 19184 21813
21813 19184 22534
19184 21813 22534
25565 1748 3686
3686 1748 25565
1748 3686 25565
13991 2636 14673
14673 2636 13991
2636 13991 14673
24224 15117 15814
15814 15117 24224
15117 15814 24224
25453 9730 11579
9730 11579 25453
11579 9730 25453
23120 19700 29243
19700 23120 29243
29243 19700 23120
2664 25671 26303
25671 2664 26303
26303 2664 25671
493 1802 15822
15822 493 1802
1802 493 15822
10531 520 7449
520 7449 10531
7449 520 10531
29682 3092 25917
25917 3092 29682
3092 25917 29682
26453 12542 20114
12542 20114 26453
20114 12542 26453
12661 279 8948
279 8948 12661
8948 279 12661
22177 2980 10682
2980 10682 22177
10682 2980 22177
16590 1697 13717
1697 13717 16590
13717 1697 16590
17112 7995 28628
7995 17112 28628
28628 7995 17112
8351 10802 26260
10802 8351 26260
26260 8351 10802
6607 15924 21102
15924 6607 21102
21102 6607 15924
26049 2220 15607
2220 15607 26049
15607 2220 26049
12462 26487 28427
28427 12462 26487
26487 12462 28427
28585 8092 16432
16432 8092 28585
8092 16432 28585
27049 15159 19564
15159 19564 27049
19564 15159 27049
7332 7034 14403
7034 7332 14403
14403 7034 7332
25564 1202 13332
1202 13332 25564
13332 1202 25564
13286 7545 25119
7545 13286 25119
25119 7545 13286
29816 8822 20149
20149 8822 29816
8822 20149 29816
11284 15973 23993
15973 11284 23993
23993 11284 15973
17723 6026 8804
8804 6026 17723
6026 8804 17723
24541 7959 21814
7959 21814 24541
21814 7959 24541
28020 25620 26709
25620 26709 28020
26709 25620 28020
11015 195 1623
195 1623 11015
1623 195 11015
14642 10893 13385
13385 10893 14642
10893 13385 14642
18224 10909 27556
10909 18224 27556
27556 10909 18224
2673 9557 19493
19493 2673 9557
9557 2673 19493
3113 22130 26366
26366 3113 22130
22130 3113 26366
27920 1949 15906
15906 1949 27920
1949 15906 27920
2298 28341 29519
28341 2298 29519
29519 2298 28341
13344 10414 23625
23625 10414 13344
10414 13344 23625
3089 9843 17332
9843 3089 17332
17332 3089 9843
2379 859 15874
859 2379 15874
15874 859 2379
5865 9696 13215
13215 5865 9696
9696 5865 13215
13966 4306 22680
22680 4306 13966
4306 13966 22680
29518 18362 23160
23160 18362 29518
18362 23160 29518
16097 12453 25971
12453 16097 25971
25971 12453 16097
3752 7641 8093
8093 3752 7641
7641 3752 8093
179 12347 25237
12347 179 25237
25237 179 12347
2946 13351 17910
17910 2946 13351
13351 2946 17910
22318 2187 20763
2187 20763 22318
20763 2187 22318
12424 15234 25282
25282 12424 15234
15234 12424 25282
18298 25549 28446
28446 18298 25549
25549 18298 28446
19385 16080 20815
20815 16080 19385
16080 19385 20815
20770 23113 27422
27422 20770 23113
23113 20770 27422
8233 10068 21678
21678 8233 10068
10068 8233 21678
7841 18834 24094
24094 7841 18834
18834 7841 24094
15088 12223 24635
12223 15088 24635
24635 12223 15088
9360 19410 24337
24337 9360 19410
19410 9360 24337
26190 12259 15307
15307 12259 26190
12259 15307 26190
10053 9667 18109
18109 9667 10053
9667 10053 18109
20331 2211 10192
10192 2211 20331
2211 10192 20331
29461 16147 16453
16147 16453 29461
16453 16147 29461
19305 10524 28565
28565 10524 19305
10524 19305 28565
2042 26374 27841
26374 2042 27841
27841 2042 26374
14534 4344 27101
27101 4344 14534
4344 14534 27101
20583 14128 20837
14128 20583 20837
20837 14128 20583
17271 11990 25872
11990 17271 25872
25872 11990 17271
9587 15264 28268
15264 9587 28268
28268 9587 15264
25982 19334 20908
20908 19334 25982
19334 20908 25982
221 12808 24783
24783 221 12808
12808 221 24783
28832 5783 19550
19550 5783 28832
5783 19550 28832
9198 19800 24894
24894 9198 19800
19800 9198 24894
12209 7904 28236
28236 7904 12209
7904 12209 28236
10120 14748 24044
14748 10120 24044
24044 10120 14748
12624 2059 7214
2059 7214 12624
7214 2059 12624
6100 10225 19878
10225 6100 19878
19878 6100 10225
3645 5751 28435
5751 3645 28435
28435 3645 5751
10865 1458 10934
10934 1458 10865
1458 10865 10934
18090 14961 15734
15734 14961 18090
14961 15734 18090
23816 2712 13863
2712 13863 23816
13863 2712 23816
20167 3862 17810
3862 17810 20167
17810 3862 20167
26606 6942 22100
6942 22100 26606
22100 6942 26606
618 1742 28006
1742 618 28006
28006 618 1742
23896 19251 26111
26111 19251 23896
19251 23896 26111
17120 13346 24087
24087 13346 17120
13346 17120 24087
28807 11402 26109
11402 26109 28807
26109 11402 28807
21587 10257 29787
29787 10257 21587
10257 21587 29787
13921 7249 21469
7249 13921 21469
21469 7249 13921
28506 11645 29249
29249 11645 28506
11645 28506 29249
1212 1617 17236
17236 1212 1617
1617 1212 17236
28789 7206 7665
7206 7665 28789
7665 7206 28789
3767 9077 10321
10321 3767 9077
9077 3767 10321
6180 18261 22065
18261 6180 22065
22065 6180 18261
8780 17279 26650
17279 8780 26650
26650 8780 17279
15174 2621 28198
2621 15174 28198
28198 2621 15174
297 5955 24455
5955 297 24455
24455 297 5955
1307 8652 15369
8652 1307 15369
15369 1307 8652
15078 12532 20230
12532 15078 20230
20230 12532 15078
9779 16238 19441
16238 9779 19441
19441 9779 16238
5201 21138 22708
22708 5201 21138
21138 5201 22708
28599 3322 27343
3322 27343 28599
27343 3322 28599
23888 13292 15289
13292 15289 23888
15289 13292 23888
8992 7962 29113
7962 8992 29113
29113 7962 8992
3910 6217 19626
19626 3910 6217
6217 3910 19626
18544 13417 16284
16284 13417 18544
13417 16284 18544
25426 5291 15228
15228 5291 25426
5291 15228 25426
23000 16652 22603
16652 22603 23000
22603 16652 23000
2766 16731 17699
17699 2766 16731
16731 2766 17699
5964 13230 24728
13230 5964 24728
24728 5964 13230
25388 24972 25790
24972 25388 25790
25790 24972 25388
9538 10184 27301
10184 9538 27301
27301 9538 10184
29297 7344 24037
7344 24037 29297
24037 7344 29297
25145 25410 26630
25410 25145 26630
26630 25145 25410
16978 2068 14066
2068 14066 16978
14066 2068 16978
11525 1033 10866
1033 10866 11525
10866 1033 11525
22274 2247 25203
2247 22274 25203
25203 2247 22274
1226 3544 23999
23999 1226 3544
3544 1226 23999
9197 3754 24746
24746 3754 9197
3754 9197 24746
14836 2337 15931
2337 14836 15931
15931 2337 14836
25139 6199 22688
22688 6199 25139
6199 22688 25139
17483 898 9014
898 9014 17483
9014 898 17483
15075 9453 25968
25968 9453 15075
9453 15075 25968
1939 5701 22337
22337 1939 5701
5701 1939 22337
17005 1981 6832
6832 1981 17005
1981 6832 17005
29036 5998 22834
5998 22834 29036
22834 5998 29036
7364 3526 11791
11791 3526 7364
3526 7364 11791
2075 3732 24348
24348 2075 3732
3732 2075 24348
27441 21388 21466
21388 21466 27441
21466 21388 27441
16401 6255 24642
6255 16401 24642
24642 6255 16401
4189 2040 23535
23535 2040 4189
2040 4189 23535
15552 7329 24038
24038 7329 15552
7329 15552 24038
27963 21416 29877
21416 27963 29877
29877 21416 27963
23359 702 18784
18784 702 23359
702 18784 23359
6513 12019 15435
15435 6513 12019
12019 6513 15435
3509 6581 19753
6581 3509 19753
19753 3509 6581
20575 11250 25374
11250 20575 25374
25374 11250 20575
9922 9184 27217
9184 9922 27217
27217 9184 9922
3126 10368 15668
10368 3126 15668
15668 3126 10368
18895 4689 13210
13210 4689 18895
4689 13210 18895
1010 2378 27753
27753 1010 2378
2378 1010 27753
3751 4938 26672
4938 3751 26672
26672 3751 4938
8578 2997 24460
2997 8578 24460
24460 2997 8578
21754 23565 24819
23565 21754 24819
24819 21754 23565
534 13940 15305
15305 534 13940
13940 534 15305
2825 5660 10505
5660 2825 10505
10505 2825 5660
28272 25888 26297
25888 26297 28272
26297 25888 28272
93 12198 29404
12198 93 29404
29404 93 12198
25923 11590 23663
23663 11590 25923
11590 23663 25923
24154 8151 27956
27956 8151 24154
8151 24154 27956
26762 11074 16501
11074 16501 26762
16501 11074 26762
3721 3620 24434
3620 3721 24434
24434 3620 3721
8477 7801 24875
7801 8477 24875
24875 7801 8477
26605 2420 4777
2420 4777 26605
4777 2420 26605
14542 17761 25977
17761 14542 25977
25977 14542 17761
11445 364 2872
364 2872 11445
2872 364 11445
24315 9884 10538
9884 10538 24315
10538 9884 24315
25509 4742 18510
4742 18510 25509
18510 4742 25509
11988 15179 27904
15179 11988 27904
27904 11988 15179
9904 6377 8675
6377 8675 9904
8675 6377 9904
9774 5969 7404
5969 7404 9774
7404 5969 9774
407 18242 23941
23941 407 18242
18242 407 23941
3510 21984 28235
21984 3510 28235
28235 3510 21984
5807 12337 28584
28584 5807 12337
12337 5807 28584
27677 1038 15008
15008 1038 27677
1038 15008 27677
732 6328 29475
6328 732 29475
29475 732 6328
26908 1797 10354
10354 1797 26908
1797 10354 26908
8962 24121 27915
24121 8962 27915
27915 8962 24121
7524 6360 11379
11379 6360 7524
6360 7524 11379
28274 630 29094
29094 630 28274
630 28274 29094
12514 224 16963
224 12514 16963
16963 224 12514
26285 8507 17102
17102 8507 26285
8507 17102 26285
21593 476 29369
476 21593 29369
29369 476 21593
657 24413 28555
24413 657 28555
28555 657 24413
18996 6910 17712
6910 17712 18996
17712 6910 18996
14718 7367 15555
15555 7367 14718
7367 14718 15555
26342 5639 29853
29853 5639 26342
5639 26342 29853
5730 6863 10677
6863 5730 10677
10677 5730 6863
1234 17707 22974
22974 1234 17707
17707 1234 22974
28443 23707 29174
23707 28443 29174
29174 23707 28443
22866 18243 25989
25989 18243 22866
18243 22866 25989
13445 14417 22146
22146 13445 14417
14417 13445 22146
9589 14989 17168
14989 9589 17168
17168 9589 14989
17812 5401 22569
5401 17812 22569
22569 5401 17812
25713 2048 24398
24398 2048 25713
2048 24398 25713
19941 6072 16909
16909 6072 19941
6072 16909 19941
15755 9584 27881
27881 9584 15755
9584 15755 27881
25863 6031 8686
8686 6031 25863
6031 8686 25863
3824 17477 29251
29251 3824 17477
17477 3824 29251
15918 18968 23443
23443 15918 18968
18968 15918 23443
19802 9484 28462
28462 9484 19802
9484 19802 28462
5338 6566 9026
9026 5338 6566
6566 5338 9026
20827 14275 28525
28525 14275 20827
14275 20827 28525
24868 6212 13090
13090 6212 24868
6212 13090 24868
17988 24105 26638
24105 17988 26638
26638 17988 24105
23669 414 24408
414 23669 24408
24408 414 23669
9955 18295 28246
28246 9955 18295
18295 9955 28246
27159 1719 20285
20285 1719 27159
1719 20285 27159
8330 3500 25217
25217 3500 8330
3500 8330 25217
23111 5656 10046
5656 10046 23111
10046 5656 23111
17937 9383 26539
26539 9383 17937
9383 17937 26539
20208 4665 17704
17704 4665 20208
4665 17704 20208
21635 26372 28157
28157 21635 26372
26372 21635 28157
26701 2395 19152
2395 19152 26701
19152 2395 26701
7490 3298 27252
27252 3298 7490
3298 7490 27252
27465 15766 21211
21211 15766 27465
15766 21211 27465
19238 4124 8689
8689 4124 19238
4124 8689 19238
10481 14620 27774
27774 10481 14620
14620 10481 27774
12588 5109 16604
5109 12588 16604
16604 5109 12588
21755 9593 21070
21070 9593 21755
9593 21070 21755
10136 4956 16180
16180 4956 10136
4956 10136 16180
4537 5777 29084
29084 4537 5777
5777 4537 29084
13629 727 8920
727 8920 13629
8920 727 13629
8614 8550 20486
8550 8614 20486
20486 8550 8614
5187 3360 29832
29832 3360 5187
3360 5187 29832
2789 11881 22316
22316 2789 11881
11881 2789 22316
18088 6608 17613
17613 6608 18088
6608 17613 18088
29065 3905 15518
15518 3905 29065
3905 15518 29065
16702 6376 9483
9483 6376 16702
6376 9483 16702
21736 6335 15711
15711 6335 21736
6335 15711 21736
16571 8124 19772
19772 8124 16571
8124 16571 19772
24690 11378 17529
17529 11378 24690
11378 17529 24690
6410 14817 16469
16469 6410 14817
14817 6410 16469
2206 13101 14763
14763 2206 13101
13101 2206 14763
12256 1613 2913
1613 2913 12256
2913 1613 12256
17777 21652 29988
21652 17777 29988
29988 17777 21652
7115 20062 21541
21541 7115 20062
20062 7115 21541
11373 20425 25197
25197 11373 20425
20425 11373 25197
18263 12657 15827
15827 12657 18263
12657 15827 18263
16503 550 5761
550 5761 16503
5761 550 16503
464 6472 12368
6472 464 12368
12368 464 6472
21361 14869 20105
14869 20105 21361
20105 14869 21361
4176 5062 25580
25580 4176 5062
5062 4176 25580
24360 19973 29687
19973 24360 29687
29687 19973 24360
19893 17545 22277
22277 17545 19893
17545 19893 22277
324 11758 15556
11758 324 15556
15556 324 11758
8709 6922 7204
7204 6922 8709
6922 7204 8709
4991 5729 21666
5729 4991 21666
21666 4991 5729
14822 8392 23051
23051 8392 14822
8392 14822 23051
16024 130 10406
130 10406 16024
10406 130 16024
16649 18361 23354
18361 16649 23354
23354 16649 18361
20160 14327 26114
14327 20160 26114
26114 14327 20160
20052 22302 28878
28878 20052 22302
22302 20052 28878
29769 12847 19667
19667 12847 29769
12847 19667 29769
23769 8949 24848
8949 23769 24848
24848 8949 23769
22228 3121 25319
25319 3121 22228
3121 22228 25319
22657 10112 12964
12964 10112 22657
10112 12964 22657
16146 20465 22137
22137 16146 20465
20465 16146 22137
12437 13448 18076
18076 12437 13448
13448 12437 18076
18474 23031 28644
23031 18474 28644
28644 18474 23031
24160 4651 24833
24833 4651 24160
4651 24160 24833
1725 14353 23170
14353 1725 23170
23170 1725 14353
2041 7657 25997
7657 2041 25997
25997 2041 7657
17321 12573 13263
13263 12573 17321
12573 13263 17321
12865 3350 25359
25359 3350 12865
3350 12865 25359
13468 27870 29435
29435 13468 27870
27870 13468 29435
23348 17721 18837
18837 17721 23348
17721 18837 23348
26343 19208 29561
29561 19208 26343
19208 26343 29561
8972 2568 25220
2568 8972 25220
25220 2568 8972
16614 10161 15994
10161 15994 16614
15994 10161 16614
29359 3671 6086
6086 3671 29359
3671 6086 29359
9283 8566 11974
8566 9283 11974
11974 8566 9283
8502 23653 27066
27066 8502 23653
23653 8502 27066
23694 17214 22865
22865 17214 23694
17214 22865 23694
17648 9819 23143
23143 9819 17648
9819 17648 23143
18966 13707 24278
13707 18966 24278
24278 13707 18966
29554 12733 16735
16735 12733 29554
12733 16735 29554
11126 9971 29023
29023 9971 11126
9971 11126 29023
28119 2168 18908
18908 2168 28119
2168 18908 28119
9019 133 6139
133 6139 9019
6139 133 9019
13504 15091 20219
15091 13504 20219
20219 13504 15091
28610 12490 14838
14838 12490 28610
12490 14838 28610
3784 652 1013
1013 652 3784
652 1013 3784
12250 156 7906
156 7906 12250
7906 156 12250
13614 10036 26679
26679 10036 13614
10036 13614 26679
16714 18700 20303
18700 16714 20303
20303 16714 18700
16635 23588 28455
23588 16635 28455
28455 16635 23588
11217 6238 7149
6238 7149 11217
7149 6238 11217
4639 17434 26348
26348 4639 17434
17434 4639 26348
1503 1937 4788
1937 1503 4788
4788 1503 1937
16632 6691 24462
24462 6691 16632
6691 16632 24462
19321 9039 20256
9039 19321 20256
20256 9039 19321
25305 2865 5835
2865 5835 25305
5835 2865 25305
26062 1091 11709
1091 11709 26062
11709 1091 26062
11846 1849 21128
1849 11846 21128
21128 1849 11846
17160 9015 19199
19199 9015 17160
9015 17160 19199
4730 1884 9724
1884 4730 9724
9724 1884 4730
1459 15615 29040
29040 1459 15615
15615 1459 29040
14332 2576 23811
23811 2576 14332
2576 14332 23811
24971 20866 25469
25469 20866 24971
20866 24971 25469
25776 7877 19677
7877 19677 25776
19677 7877 25776
10849 5442 6183
5442 6183 10849
6183 5442 10849
7811 7335 22169
7335 7811 22169
22169 7335 7811
21045 5224 7818
7818 5224 21045
5224 7818 21045
8055 20104 26157
20104 8055 26157
26157 8055 20104
24399 1069 9672
9672 1069 24399
1069 9672 24399
20632 9568 29314
9568 20632 29314
29314 9568 20632
24716 27069 27539
27069 24716 27539
27539 24716 27069
25191 12145 16067
12145 16067 25191
16067 12145 25191
1995 22764 24668
22764 1995 24668
24668 1995 22764
1940 10796 18183
18183 1940 10796
10796 1940 18183
11094 2676 11528
2676 11094 11528
11528 2676 11094
15798 7952 29921
29921 7952 15798
7952 15798 29921
5315 16507 25369
16507 5315 25369
25369 5315 16507
5219 916 26740
26740 916 5219
916 5219 26740
13790 9980 18383
18383 9980 13790
9980 13790 18383
29910 11076 21655
21655 11076 29910
11076 21655 29910
23291 6540 23662
6540 23291 23662
23662 6540 23291
16977 9784 16985
16985 9784 16977
9784 16977 16985
28780 19025 26644
19025 26644 28780
26644 19025 28780
15430 854 11947
854 11947 15430
11947 854 15430
25830 3817 23218
3817 23218 25830
23218 3817 25830
7486 12483 16845
16845 7486 12483
12483 7486 16845
28253 9129 11844
9129 11844 28253
11844 9129 28253
5230 2180 24372
24372 2180 5230
2180 5230 24372
1774 3690 13943
13943 1774 3690
3690 1774 13943
19033 26035 27253
27253 19033 26035
26035 19033 27253
12788 16478 29596
16478 12788 29596
29596 12788 16478
10715 11355 28563
28563 10715 11355
11355 10715 28563
8547 1848 26719
26719 1848 8547
1848 8547 26719
10340 6917 21343
6917 10340 21343
21343 6917 10340
7912 13643 20870
13643 7912 20870
20870 7912 13643
22113 9135 28540
28540 9135 22113
9135 22113 28540
21488 1853 1915
1915 1853 21488
1853 1915 21488
16403 2323 7707
2323 7707 16403
7707 2323 16403
9463 1256 17226
17226 1256 9463
1256 9463 17226
29996 15821 25514
15821 25514 29996
25514 15821 29996
17798 5175 28686
28686 5175 17798
5175 17798 28686
11561 2489 5797
5797 2489 11561
2489 5797 11561
27350 5164 12887
12887 5164 27350
5164 12887 27350
7389 14515 14948
14948 7389 14515
14515 7389 14948
5583 6115 29527
6115 5583 29527
29527 5583 6115
11001 15508 16637
15508 11001 16637
16637 11001 15508
19434 811 12272
811 12272 19434
12272 811 19434
16990 8353 9481
9481 8353 16990
8353 9481 16990
14675 14454 29487
29487 14454 14675
14454 14675 29487
17008 21200 27351
21200 17008 27351
27351 17008 21200
2328 18432 23303
18432 2328 23303
23303 2328 18432
26823 10680 27582
10680 26823 27582
27582 10680 26823
3944 955 2694
955 2694 3944
2694 955 3944
16224 1203 17267
1203 16224 17267
17267 1203 16224
2618 2582 12025
12025 2582 2618
2582 2618 12025
29972 10969 27475
27475 10969 29972
10969 27475 29972
27088 3877 29225
29225 3877 27088
3877 27088 29225
8921 11186 27201
27201 8921 11186
11186 8921 27201
14812 21601 27109
27109 14812 21601
21601 14812 27109
11710 5929 10355
10355 5929 11710
5929 10355 11710
10623 904 10597
10597 904 10623
904 10597 10623
27592 6275 8756
6275 8756 27592
8756 6275 27592
12968 21854 22901
21854 12968 22901
22901 12968 21854
7992 7663 10995
10995 7663 7992
7663 7992 10995
8438 7921 27443
27443 7921 8438
7921 8438 27443
21744 12026 13891
12026 13891 21744
13891 12026 21744
14304 4627 24543
24543 4627 14304
4627 14304 24543
7341 15295 29378
29378 7341 15295
15295 7341 29378
22018 3266 6294
6294 3266 22018
3266 6294 22018
8456 5805 26937
26937 5805 8456
5805 8456 26937
15742 13406 28514
13406 15742 28514
28514 13406 15742
1608 4571 22171
22171 1608 4571
4571 1608 22171
1218 11847 25351
25351 1218 11847
11847 1218 25351
1200 2561 18959
2561 1200 18959
18959 1200 2561
1899 13434 24415
24415 1899 13434
13434 1899 24415
9815 11185 27342
27342 9815 11185
11185 9815 27342
26649 7637 16802
16802 7637 26649
7637 16802 26649
628 2891 6191
6191 628 2891
2891 628 6191
20300 5260 14326
14326 5260 20300
5260 14326 20300
28933 14 10776
14 10776 28933
10776 14 28933
29738 5764 25129
25129 5764 29738
5764 25129 29738
20534 18443 20066
20066 18443 20534
18443 20066 20534
16826 622 22788
622 16826 22788
22788 622 16826
11764 12550 13865
13865 11764 12550
12550 11764 13865
15934 6384 9600
9600 6384 15934
6384 9600 15934
1360 21068 27204
21068 1360 27204
27204 1360 21068
17180 1478 17567
1478 17180 17567
17567 1478 17180
21265 9472 24564
9472 21265 24564
24564 9472 21265
22665 6944 9804
9804 6944 22665
6944 9804 22665
17641 9925 15479
15479 9925 17641
9925 15479 17641
1887 8886 19714
19714 1887 8886
8886 1887 19714
4738 7943 15650
7943 4738 15650
15650 4738 7943
27510 3288 19163
19163 3288 27510
3288 19163 27510
8371 18050 27758
27758 8371 18050
18050 8371 27758
1347 22873 28318
28318 1347 22873
22873 1347 28318
3415 8476 20935
8476 3415 20935
20935 3415 8476
1524 5413 21462
21462 1524 5413
5413 1524 21462
27163 8711 15959
8711 15959 27163
15959 8711 27163
19437 9234 28592
9234 19437 28592
28592 9234 19437
3952 993 2594
2594 993 3952
993 2594 3952
15466 1707 14535
14535 1707 15466
1707 14535 15466
1908 10412 20875
20875 1908 10412
10412 1908 20875
14366 5313 28691
5313 14366 28691
28691 5313 14366
26828 25789 26611
25789 26611 26828
26611 25789 26828
26695 20010 25407
25407 20010 26695
20010 25407 26695
18828 8484 17195
17195 8484 18828
8484 17195 18828
15609 10879 26815
26815 10879 15609
10879 15609 26815
2477 11708 29127
29127 2477 11708
11708 2477 29127
22525 16834 21508
21508 16834 22525
16834 21508 22525
20441 2152 23300
23300 2152 20441
2152 20441 23300
29858 3015 29423
29423 3015 29858
3015 29423 29858
14955 10479 28546
28546 10479 14955
10479 14955 28546
23839 14739 24578
24578 14739 23839
14739 23839 24578
22690 10372 18001
10372 18001 22690
18001 10372 22690
16482 20898 22925
20898 16482 22925
22925 16482 20898
4754 13212 27525
27525 4754 13212
13212 4754 27525
3236 2520 25228
