390 889 1947
889 390 1947
1947 390 889
906 37 2557
37 906 2557
2557 37 906
2635 924 1809
924 1809 2635
1809 924 2635
405 825 1896
1896 405 825
825 405 1896
2769 101 2145
101 2145 2769
2145 101 2769
2734 1364 2494
1364 2494 2734
2494 1364 2734
2719 1177 2423
1177 2423 2719
2423 1177 2719
100 2166 2691
2691 100 2166
2166 100 2691
1526 1141 1612
1141 1526 1612
1612 1141 1526
1043 427 2675
427 1043 2675
2675 427 1043
1356 1360 2106
2106 1356 1360
1360 1356 2106
739 691 2363
2363 691 739
691 739 2363
1245 680 808
680 808 1245
808 680 1245
2716 575 1648
575 1648 2716
1648 575 2716
2342 1478 2241
2241 1478 2342
1478 2241 2342
342 1407 1684
1684 342 1407
1407 342 1684
198 614 2961
2961 198 614
614 198 2961
1223 1283 1534
1534 1223 1283
1283 1223 1534
1521 399 1228
1228 399 1521
399 1228 1521
2620 689 1300
689 1300 2620
1300 689 2620
1649 527 2871
527 1649 2871
2871 527 1649
2931 1563 2983
2983 1563 2931
1563 2931 2983
1844 1028 1325
1028 1325 1844
1325 1028 1844
2472 1064 1468
1468 1064 2472
1064 1468 2472
2443 2340 2654
2654 2340 2443
2340 2443 2654
1214 980 2014
980 1214 2014
2014 980 1214
1272 1451 2508
1451 1272 2508
2508 1272 1451
287 1285 2275
2275 287 1285
1285 287 2275
2908 1361 1942
1361 1942 2908
1942 1361 2908
474 624 786
786 474 624
624 474 786
2185 782 1853
1853 782 2185
782 1853 2185
1090 606 2948
2948 606 1090
606 1090 2948
2409 720 2059
720 2059 2409
2059 720 2409
1308 83 2381
2381 83 1308
83 1308 2381
2843 161 2011
2011 161 2843
161 2011 2843
2120 1448 1908
1908 1448 2120
1448 1908 2120
753 771 2225
771 753 2225
2225 753 771
273 1279 1673
1673 273 1279
1279 273 1673
458 1806 2043
2043 458 1806
1806 458 2043
1160 447 884
447 884 1160
884 447 1160
1114 1904 2165
2165 1114 1904
1904 1114 2165
1314 931 1310
931 1310 1314
1310 931 1314
2476 295 2475
2475 295 2476
295 2475 2476
2958 766 2096
766 2096 2958
2096 766 2958
2730 120 2805
2805 120 2730
120 2730 2805
2681 838 2167
2167 838 2681
838 2167 2681
1476 615 2230
615 1476 2230
2230 615 1476
2904 500 1472
500 1472 2904
1472 500 2904
1573 1264 2852
2852 1264 1573
1264 1573 2852
2884 2497 2553
2497 2553 2884
2553 2497 2884
1533 11 1771
1771 11 1533
11 1533 1771
781 175 2687
175 781 2687
2687 175 781
663 1247 2045
1247 663 2045
2045 663 1247
911 96 1744
96 911 1744
1744 96 911
87 98 2629
98 87 2629
2629 87 98
2127 306 1603
1603 306 2127
306 1603 2127
618 1313 2660
2660 618 1313
1313 618 2660
2837 457 1303
457 1303 2837
1303 457 2837
1241 22 2522
22 1241 2522
2522 22 1241
381 476 2696
476 381 2696
2696 381 476
1349 1378 1477
1378 1349 1477
1477 1349 1378
167 2596 2978
2978 167 2596
2596 167 2978
737 1910 2867
1910 737 2867
2867 737 1910
20 1658 1792
1658 20 1792
1792 20 1658
490 649 2558
2558 490 649
649 490 2558
241 450 2576
450 241 2576
2576 241 450
2825 469 643
469 643 2825
643 469 2825
607 1284 1837
1284 607 1837
1837 607 1284
477 149 337
149 337 477
337 149 477
1923 2097 2324
2097 1923 2324
2324 1923 2097
238 280 2538
280 238 2538
2538 238 280
1605 377 573
377 573 1605
573 377 1605
697 2361 2549
2549 697 2361
2361 697 2549
634 612 1979
612 634 1979
1979 612 634
468 1218 2058
1218 468 2058
2058 468 1218
2403 38 2583
38 2403 2583
2583 38 2403
1920 2680 2846
2846 1920 2680
2680 1920 2846
2984 1175 2331
1175 2331 2984
2331 1175 2984
2779 374 742
742 374 2779
374 742 2779
1543 1386 2188
2188 1386 1543
1386 1543 2188
420 1399 1524
1399 420 1524
1524 420 1399
2763 369 2160
2160 369 2763
369 2160 2763
1575 1102 2782
1102 1575 2782
2782 1102 1575
2577 1240 2402
1240 2402 2577
2402 1240 2577
840 1729 2414
1729 840 2414
2414 840 1729
2302 261 601
601 261 2302
261 601 2302
2653 2794 2888
2888 2653 2794
2794 2653 2888
2560 974 2256
2256 974 2560
974 2256 2560
711 349 1077
1077 349 711
349 711 1077
600 2092 2134
2134 600 2092
2092 600 2134
1861 2505 2645
2645 1861 2505
2505 1861 2645
1959 317 2934
2934 317 1959
317 1959 2934
1224 796 1164
1164 796 1224
796 1164 1224
103 1998 2669
2669 103 1998
1998 103 2669
1342 1676 2803
2803 1342 1676
1676 1342 2803
1938 143 726
143 726 1938
726 143 1938
2128 1329 2713
1329 2128 2713
2713 1329 2128
1703 267 972
972 267 1703
267 972 1703
1536 339 2075
2075 339 1536
339 1536 2075
2189 1143 2824
2824 1143 2189
1143 2189 2824
271 119 2801
119 271 2801
2801 119 271
754 1602 1989
1602 754 1989
1989 754 1602
570 698 1951
698 570 1951
1951 570 698
1549 628 1966
628 1549 1966
1966 628 1549
1197 547 1319
547 1197 1319
1319 547 1197
1540 583 929
583 929 1540
929 583 1540
207 2408 2947
2947 207 2408
2408 207 2947
125 59 1824
1824 59 125
59 125 1824
1852 1198 2640
1198 1852 2640
2640 1198 1852
2759 2570 2593
2593 2570 2759
2570 2593 2759
407 340 1669
340 407 1669
1669 340 407
1405 258 2214
258 1405 2214
2214 258 1405
669 1716 1782
1782 669 1716
1716 669 1782
2017 944 2320
2320 944 2017
944 2017 2320
790 1328 2100
2100 790 1328
1328 790 2100
78 1492 1785
1492 78 1785
1785 78 1492
1827 1031 1577
1031 1577 1827
1577 1031 1827
946 1698 2492
1698 946 2492
2492 946 1698
1046 735 2935
735 1046 2935
2935 735 1046
6 55 1974
1974 6 55
55 6 1974
225 302 854
302 225 854
854 225 302
1587 465 2082
465 1587 2082
2082 465 1587
2053 1461 2679
1461 2053 2679
2679 1461 2053
2714 1113 1504
1113 1504 2714
1504 1113 2714
2322 1267 2756
2756 1267 2322
1267 2322 2756
201 2358 2919
2358 201 2919
2919 201 2358
1849 1136 1440
1136 1440 1849
1440 1136 1849
883 866 1952
1952 866 883
866 883 1952
2735 113 2943
113 2735 2943
2943 113 2735
2676 236 1888
236 1888 2676
1888 236 2676
1765 2614 2802
2802 1765 2614
2614 1765 2802
2162 1276 2060
1276 2060 2162
2060 1276 2162
1327 2513 2706
2706 1327 2513
2513 1327 2706
128 1020 1580
1020 128 1580
1580 128 1020
91 137 171
171 91 137
137 91 171
2236 24 1222
24 1222 2236
1222 24 2236
1816 1093 2617
1093 1816 2617
2617 1093 1816
1803 2561 2849
2849 1803 2561
2561 1803 2849
2929 915 1813
915 1813 2929
1813 915 2929
416 2226 2788
2226 416 2788
2788 416 2226
2307 1686 2062
1686 2062 2307
2062 1686 2307
1559 706 2780
706 1559 2780
2780 706 1559
2431 1725 2601
1725 2431 2601
2601 1725 2431
1140 1355 1755
1355 1140 1755
1755 1140 1355
1135 177 1846
1846 177 1135
177 1135 1846
891 1389 2481
2481 891 1389
1389 891 2481
676 492 2427
2427 492 676
492 676 2427
2093 652 2217
652 2093 2217
2217 652 2093
2038 36 553
553 36 2038
36 553 2038
2778 2088 2527
2527 2088 2778
2088 2527 2778
1770 338 538
338 538 1770
538 338 1770
2209 1244 1423
1423 1244 2209
1244 1423 2209
1095 637 865
637 865 1095
865 637 1095
1435 733 1851
733 1435 1851
1851 733 1435
2752 82 1421
1421 82 2752
82 1421 2752
1697 525 681
525 681 1697
681 525 1697
2237 1397 2282
2282 1397 2237
1397 2237 2282
1067 1473 1742
1473 1067 1742
1742 1067 1473
355 1560 2428
1560 355 2428
2428 355 1560
2677 828 1333
1333 828 2677
828 1333 2677
795 546 1144
1144 546 795
546 795 1144
1441 528 1866
528 1441 1866
1866 528 1441
2417 1344 2500
1344 2417 2500
2500 1344 2417
693 1875 2446
2446 693 1875
1875 693 2446
2326 1204 1457
1457 1204 2326
1204 1457 2326
2541 2547 2643
2547 2541 2643
2643 2541 2547
2071 1080 1657
1080 1657 2071
1657 1080 2071
621 1324 2218
1324 621 2218
2218 621 1324
2694 595 987
595 987 2694
987 595 2694
1519 1895 2605
1895 1519 2605
2605 1519 1895
513 326 2989
326 513 2989
2989 326 513
260 814 2739
2739 260 814
814 260 2739
2746 2207 2690
2207 2690 2746
2690 2207 2746
2292 523 2433
2433 523 2292
523 2292 2433
2864 1432 2615
1432 2615 2864
2615 1432 2864
2077 344 722
344 722 2077
722 344 2077
1051 1936 2551
2551 1051 1936
1936 1051 2551
1915 1280 1731
1731 1280 1915
1280 1731 1915
1643 1126 2751
1126 1643 2751
2751 1126 1643
244 26 1885
26 244 1885
1885 26 244
1745 409 2651
409 1745 2651
2651 409 1745
1454 738 2007
738 1454 2007
2007 738 1454
2086 1011 2327
1011 2086 2327
2327 1011 2086
989 1838 2137
2137 989 1838
1838 989 2137
2375 346 2758
2758 346 2375
346 2375 2758
1541 748 2753
2753 748 1541
748 1541 2753
2180 2586 2663
2586 2180 2663
2663 2180 2586
1798 1570 2787
1570 1798 2787
2787 1570 1798
422 255 1794
1794 255 422
255 422 1794
475 1109 1863
1863 475 1109
1109 475 1863
1977 357 2692
2692 357 1977
357 1977 2692
801 560 1834
560 801 1834
1834 560 801
731 778 1645
778 731 1645
1645 731 778
2697 1899 1956
1956 1899 2697
1899 1956 2697
1493 429 503
503 429 1493
429 503 1493
2628 2046 2368
2046 2368 2628
2368 2046 2628
2048 835 2317
835 2048 2317
2317 835 2048
1550 887 1987
887 1550 1987
1987 887 1550
1905 363 2957
2957 363 1905
363 1905 2957
1227 1625 1760
1625 1227 1760
1760 1227 1625
1753 455 2212
455 1753 2212
2212 455 1753
2216 869 1687
1687 869 2216
869 1687 2216
1717 1754 2005
2005 1717 1754
1754 1717 2005
2822 2459 2710
2710 2459 2822
2459 2710 2822
1195 1148 2842
2842 1148 1195
1148 1195 2842
841 1123 1655
1123 841 1655
1655 841 1123
2765 953 1659
1659 953 2765
953 1659 2765
627 263 2347
263 627 2347
2347 263 627
2136 1305 2393
2393 1305 2136
1305 2136 2393
2515 1506 1609
1506 1609 2515
1609 1506 2515
581 532 2954
532 581 2954
2954 532 581
127 1200 1332
1332 127 1200
1200 127 1332
510 462 859
859 462 510
462 510 859
2953 578 1889
578 1889 2953
1889 578 2953
2371 797 2869
797 2371 2869
2869 797 2371
540 2548 2702
2548 540 2702
2702 540 2548
2965 483 716
483 716 2965
716 483 2965
1086 2126 2460
2460 1086 2126
2126 1086 2460
1111 728 2105
728 1111 2105
2105 728 1111
845 710 1848
1848 710 845
710 845 1848
61 1074 1211
1074 61 1211
1211 61 1074
2747 1347 2721
2721 1347 2747
1347 2721 2747
2055 779 839
779 839 2055
839 779 2055
1362 690 902
902 690 1362
690 902 1362
963 1450 1530
1530 963 1450
1450 963 1530
1434 114 1286
1286 114 1434
114 1286 1434
1576 1048 1419
1419 1048 1576
1048 1419 1576
1944 1701 2695
2695 1701 1944
1701 1944 2695
1514 1199 1497
1199 1497 1514
1497 1199 1514
2606 818 2985
2985 818 2606
818 2606 2985
2121 1572 2496
2496 1572 2121
1572 2121 2496
312 440 1821
440 312 1821
1821 312 440
1683 1640 2289
1640 1683 2289
2289 1640 1683
2656 626 1552
1552 626 2656
626 1552 2656
2132 630 2925
2925 630 2132
630 2132 2925
1585 324 1897
1897 324 1585
324 1585 1897
2815 487 1220
487 1220 2815
1220 487 2815
1022 68 734
68 734 1022
734 68 1022
886 1336 1918
1918 886 1336
1336 886 1918
1215 2274 2898
2898 1215 2274
2274 1215 2898
2531 1030 1997
1997 1030 2531
1030 1997 2531
860 1083 1767
1767 860 1083
1083 860 1767
1158 423 2034
2034 423 1158
423 1158 2034
1982 1906 2799
2799 1906 1982
1906 1982 2799
908 947 2158
2158 908 947
947 908 2158
2329 2028 2152
2152 2028 2329
2028 2152 2329
1213 1146 1613
1146 1213 1613
1613 1146 1213
1941 641 806
641 806 1941
806 641 1941
522 1027 2391
1027 522 2391
2391 522 1027
2755 656 2619
2619 656 2755
656 2619 2755
2199 2519 2878
2878 2199 2519
2519 2199 2878
1815 545 1707
545 1707 1815
1707 545 1815
2410 1789 2592
1789 2410 2592
2592 1789 2410
597 940 1184
940 597 1184
1184 597 940
378 2478 2863
2863 378 2478
2478 378 2863
2797 152 2726
152 2726 2797
2726 152 2797
304 2245 2465
2245 304 2465
2465 304 2245
1274 605 1071
1071 605 1274
605 1071 1274
327 1428 2451
1428 327 2451
2451 327 1428
2865 864 1054
1054 864 2865
864 1054 2865
2004 519 1270
1270 519 2004
519 1270 2004
569 1033 2819
2819 569 1033
1033 569 2819
2523 936 2542
936 2523 2542
2542 936 2523
270 3 1169
1169 3 270
3 270 1169
2550 323 2537
323 2537 2550
2537 323 2550
917 1010 1433
1010 917 1433
1433 917 1010
2210 564 2313
2313 564 2210
564 2210 2313
135 990 1715
990 135 1715
1715 135 990
2141 391 2364
2364 391 2141
391 2141 2364
2564 1085 2900
1085 2564 2900
2900 1085 2564
1700 996 1488
996 1488 1700
1488 996 1700
1764 1453 2956
1453 1764 2956
2956 1453 1764
1 1174 1273
1174 1 1273
1273 1 1174
49 2085 2981
2085 49 2981
2981 49 2085
1348 141 2727
141 1348 2727
2727 141 1348
2673 499 1491
499 1491 2673
1491 499 2673
174 1115 2784
2784 174 1115
1115 174 2784
1066 187 763
187 763 1066
763 187 1066
1180 836 971
971 836 1180
836 971 1180
97 93 2204
93 97 2204
2204 93 97
2376 2754 2880
2880 2376 2754
2754 2376 2880
1374 2254 2922
2254 1374 2922
2922 1374 2254
279 2335 2524
2524 279 2335
2335 279 2524
1708 1507 2667
2667 1507 1708
1507 1708 2667
1919 1721 1819
1819 1721 1919
1721 1819 1919
1138 1186 2764
1186 1138 2764
2764 1138 1186
2303 622 900
622 900 2303
900 622 2303
913 1131 2181
2181 913 1131
1131 913 2181
2382 1371 2569
2569 1371 2382
1371 2382 2569
46 43 181
43 46 181
181 43 46
1176 1925 2144
2144 1176 1925
1925 1176 2144
350 199 1887
199 350 1887
1887 199 350
925 224 542
224 542 925
542 224 925
2445 1599 2771
1599 2445 2771
2771 1599 2445
842 740 2473
740 842 2473
2473 740 842
1145 755 1969
1969 755 1145
755 1145 1969
1727 1499 2458
1499 1727 2458
2458 1499 1727
1551 245 449
449 245 1551
245 449 1551
508 276 464
464 276 508
276 464 508
2295 102 1564
1564 102 2295
102 1564 2295
2812 64 2113
2113 64 2812
64 2113 2812
772 84 2010
2010 84 772
84 772 2010
1165 1500 1527
1500 1165 1527
1527 1165 1500
2506 1778 2308
1778 2308 2506
2308 1778 2506
313 206 717
717 206 313
206 313 717
296 752 1784
752 296 1784
1784 296 752
1246 1278 2830
2830 1246 1278
1278 1246 2830
1406 2480 2715
2715 1406 2480
2480 1406 2715
1388 807 1556
807 1388 1556
1556 807 1388
2671 1137 2514
1137 2514 2671
2514 1137 2671
918 205 817
205 817 918
817 205 918
70 1565 2195
1565 70 2195
2195 70 1565
1566 34 975
34 975 1566
975 34 1566
1823 56 1689
56 1689 1823
1689 56 1823
252 310 1621
310 252 1621
1621 252 310
2025 787 1749
1749 787 2025
787 1749 2025
1513 375 2419
375 1513 2419
2419 375 1513
2861 1277 2873
1277 2861 2873
2873 1277 2861
1040 63 1181
63 1040 1181
1181 63 1040
1104 1662 1747
1662 1104 1747
1747 1104 1662
2665 424 1172
424 1172 2665
1172 424 2665
288 1003 1839
1839 288 1003
1003 288 1839
1818 1553 2370
1553 1818 2370
2370 1553 1818
2056 1128 1601
1128 1601 2056
1601 1128 2056
298 1076 1777
1777 298 1076
1076 298 1777
2664 1411 1584
1411 1584 2664
1584 1411 2664
2311 2147 2829
2829 2147 2311
2147 2311 2829
2388 959 2999
2999 959 2388
959 2388 2999
157 446 1459
446 157 1459
1459 157 446
182 193 2860
193 182 2860
2860 182 193
2255 2658 2760
2760 2255 2658
2658 2255 2760
2114 2229 2597
2597 2114 2229
2229 2114 2597
71 431 2084
431 71 2084
2084 71 431
1802 672 2457
2457 672 1802
672 1802 2457
2834 1458 2913
2913 1458 2834
1458 2834 2913
812 240 855
240 812 855
855 240 812
1945 1260 2941
2941 1260 1945
1260 1945 2941
703 281 758
281 703 758
758 281 703
2429 687 2491
2491 687 2429
687 2429 2491
2743 27 1402
1402 27 2743
27 1402 2743
2559 1298 2632
1298 2559 2632
2632 1298 2559
1094 497 1070
497 1070 1094
1070 497 1094
1511 2507 2798
2507 1511 2798
2798 1511 2507
1509 226 816
816 226 1509
226 816 1509
2140 184 2661
2661 184 2140
184 2140 2661
721 1026 2441
1026 721 2441
2441 721 1026
211 330 400
400 211 330
330 211 400
647 415 1881
1881 415 647
415 647 1881
2499 491 2115
2115 491 2499
491 2115 2499
1516 1252 1858
1252 1516 1858
1858 1252 1516
2357 379 1615
379 1615 2357
1615 379 2357
253 237 2102
237 253 2102
2102 237 253
1062 1786 1964
1786 1062 1964
1964 1062 1786
1445 995 1814
1814 995 1445
995 1445 1814
1710 966 1961
966 1710 1961
1961 966 1710
2926 2504 2609
2609 2504 2926
2504 2609 2926
1243 616 2171
616 1243 2171
2171 616 1243
997 316 644
644 316 997
316 644 997
2626 873 877
877 873 2626
873 877 2626
448 1873 2099
2099 448 1873
1873 448 2099
57 162 1251
1251 57 162
162 57 1251
1063 158 2001
158 1063 2001
2001 158 1063
994 950 1486
1486 950 994
950 994 1486
2159 852 1558
852 1558 2159
1558 852 2159
1927 894 1438
894 1438 1927
1438 894 1927
2988 1154 2020
2020 1154 2988
1154 2020 2988
724 1638 2369
2369 724 1638
1638 724 2369
592 1738 2400
1738 592 2400
2400 592 1738
769 40 2603
40 769 2603
2603 40 769
1108 418 1934
418 1108 1934
1934 418 1108
79 1464 1520
1520 79 1464
1464 79 1520
970 1635 2742
1635 970 2742
2742 970 1635
2814 1654 1954
1654 1954 2814
1954 1654 2814
343 144 718
144 343 718
718 144 343
914 139 1191
1191 139 914
139 914 1191
2220 165 2783
2783 165 2220
165 2220 2783
1929 397 1254
1254 397 1929
397 1254 1929
2253 945 1395
1395 945 2253
945 1395 2253
2365 150 939
150 939 2365
939 150 2365
1460 826 1578
1578 826 1460
826 1460 1578
2800 568 988
988 568 2800
568 988 2800
1733 1569 2156
1569 1733 2156
2156 1569 1733
524 41 2994
41 524 2994
2994 41 524
376 54 880
54 376 880
880 54 376
1323 660 667
660 667 1323
667 660 1323
1597 535 756
756 535 1597
535 756 1597
2585 305 2648
305 2585 2648
2648 305 2585
610 788 2567
2567 610 788
788 610 2567
834 590 1409
590 834 1409
1409 590 834
629 1041 1382
1382 629 1041
1041 629 1382
1294 1992 2287
2287 1294 1992
1992 1294 2287
2914 1748 2736
2736 1748 2914
1748 2736 2914
696 783 2318
783 696 2318
2318 696 783
2627 1296 1867
1867 1296 2627
1296 1867 2627
117 985 1044
985 117 1044
1044 117 985
351 2049 2072
2049 351 2072
2072 351 2049
283 155 2647
2647 155 283
155 283 2647
1893 1678 1694
1694 1678 1893
1678 1694 1893
1832 2190 2532
2532 1832 2190
2190 1832 2532
684 121 183
183 121 684
121 183 684
793 436 2325
2325 436 793
436 793 2325
863 414 2395
2395 414 863
414 863 2395
451 227 856
856 227 451
227 451 856
1737 1194 2193
1194 1737 2193
2193 1194 1737
713 473 585
473 585 713
585 473 713
1142 951 1100
951 1100 1142
1100 951 1142
1365 1682 2356
1682 1365 2356
2356 1365 1682
2487 1163 1876
1876 1163 2487
1163 1876 2487
2883 743 2390
743 2390 2883
2390 743 2883
2688 389 2744
2744 389 2688
389 2688 2744
2083 336 2131
336 2083 2131
2131 336 2083
983 1394 2657
1394 983 2657
2657 983 1394
704 2197 2646
2646 704 2197
2197 704 2646
385 484 2649
2649 385 484
484 385 2649
593 2273 2905
2905 593 2273
2273 593 2905
2998 269 1118
269 1118 2998
1118 269 2998
1426 1590 1600
1590 1426 1600
1600 1426 1590
1641 1091 1398
1398 1091 1641
1091 1398 1641
2991 1117 1845
1117 1845 2991
1845 1117 2991
204 517 1865
1865 204 517
517 204 1865
1999 2607 2731
2731 1999 2607
2607 1999 2731
942 1047 2351
1047 942 2351
2351 942 1047
2367 2108 2149
2108 2149 2367
2149 2108 2367
384 2456 2789
2456 384 2789
2789 384 2456
2495 470 2890
2890 470 2495
470 2495 2890
2399 216 768
768 216 2399
216 768 2399
1968 757 2076
2076 757 1968
757 1968 2076
1387 148 2895
2895 148 1387
148 1387 2895
2164 572 1857
1857 572 2164
572 1857 2164
1196 94 526
526 94 1196
94 526 1196
1769 2173 2642
2173 1769 2642
2642 1769 2173
2250 126 685
126 685 2250
685 126 2250
2534 1711 2019
2019 1711 2534
1711 2019 2534
1072 1124 2377
2377 1072 1124
1124 1072 2377
2701 1099 2198
1099 2198 2701
2198 1099 2701
28 751 1087
751 28 1087
1087 28 751
2724 124 1990
1990 124 2724
124 1990 2724
2343 166 2467
166 2343 2467
2467 166 2343
2183 1269 1377
1377 1269 2183
1269 1377 2183
459 1253 1430
1253 459 1430
1430 459 1253
2018 425 467
425 467 2018
467 425 2018
2454 1173 2608
2608 1173 2454
1173 2454 2608
2638 145 657
657 145 2638
145 657 2638
909 904 2732
904 909 2732
2732 904 909
1271 1350 2249
1350 1271 2249
2249 1271 1350
867 1239 2333
2333 867 1239
1239 867 2333
1007 633 1449
1449 633 1007
633 1007 1449
1831 799 1469
1469 799 1831
799 1469 1831
1132 1309 2685
2685 1132 1309
1309 1132 2685
1557 212 1384
1384 212 1557
212 1384 1557
2344 186 1187
1187 186 2344
186 1187 2344
1156 645 1291
1291 645 1156
645 1156 1291
1774 824 1618
824 1618 1774
1618 824 1774
2975 2785 2832
2785 2832 2975
2832 2785 2975
565 495 2312
495 565 2312
2312 495 565
2573 1712 1877
1877 1712 2573
1712 1877 2573
2972 741 2776
741 2776 2972
2776 741 2972
2191 322 1634
322 1634 2191
1634 322 2191
1058 695 1032
1032 695 1058
695 1032 1058
2272 1971 2717
1971 2272 2717
2717 1971 2272
2971 1130 2015
2015 1130 2971
1130 2015 2971
461 1053 2401
1053 461 2401
2401 461 1053
404 1216 2670
2670 404 1216
1216 404 2670
2090 2123 2346
2346 2090 2123
2123 2090 2346
965 14 1988
14 965 1988
1988 14 965
2135 136 2065
136 2065 2135
2065 136 2135
229 69 1202
1202 69 229
69 229 1202
1508 1583 1762
1583 1508 1762
1762 1508 1583
559 314 1290
314 559 1290
1290 314 559
1366 106 1903
1903 106 1366
106 1366 1903
2262 180 2373
2373 180 2262
180 2262 2373
2641 395 2707
2707 395 2641
395 2641 2707
587 725 2862
725 587 2862
2862 587 725
73 792 1155
1155 73 792
792 73 1155
2722 604 2379
2379 604 2722
604 2379 2722
21 209 1330
209 21 1330
1330 21 209
300 1304 2474
2474 300 1304
1304 300 2474
2720 1843 2966
1843 2720 2966
2966 1843 2720
2866 48 1385
48 1385 2866
1385 48 2866
2228 1462 2708
2708 1462 2228
1462 2228 2708
297 2845 2879
2845 297 2879
2879 297 2845
1882 2186 2987
2186 1882 2987
2987 1882 2186
1297 1133 1642
1642 1133 1297
1133 1297 1642
1719 1006 1331
1331 1006 1719
1006 1331 1719
4 1693 1984
1693 4 1984
1984 4 1693
1383 1953 2138
2138 1383 1953
1953 1383 2138
1810 1628 2234
1628 1810 2234
2234 1628 1810
1512 1019 2360
2360 1019 1512
1019 1512 2360
1345 1055 2280
2280 1055 1345
1055 1345 2280
2281 577 2298
577 2281 2298
2298 577 2281
715 671 976
976 671 715
671 715 976
2711 541 2521
2521 541 2711
541 2521 2711
702 315 1914
1914 315 702
315 702 1914
2566 466 2221
466 2221 2566
2221 466 2566
496 923 2372
2372 496 923
923 496 2372
498 1157 2286
2286 498 1157
1157 498 2286
2306 1624 1681
1624 1681 2306
1681 1624 2306
1316 1525 2338
2338 1316 1525
1525 1316 2338
1340 228 1226
228 1226 1340
1226 228 1340
75 2117 2562
2562 75 2117
2117 75 2562
1695 714 1017
714 1017 1695
1017 714 1695
678 1416 2740
2740 678 1416
1416 678 2740
1797 2089 2572
2572 1797 2089
2089 1797 2572
732 333 1206
1206 333 732
333 732 1206
2424 1183 2700
1183 2424 2700
2700 1183 2424
2967 335 2466
2466 335 2967
335 2466 2967
765 2578 2745
2745 765 2578
2578 765 2745
1796 360 1471
360 1471 1796
1471 360 1796
1061 1702 2213
1702 1061 2213
2213 1061 1702
2039 129 419
129 419 2039
419 129 2039
443 35 1338
35 443 1338
1338 35 443
2493 478 2169
2169 478 2493
478 2169 2493
434 815 1874
1874 434 815
815 434 1874
813 759 2310
2310 759 813
759 813 2310
2818 819 2930
819 2818 2930
2930 819 2818
1170 1182 2604
1182 1170 2604
2604 1170 1182
1315 1759 2813
1759 1315 2813
2813 1315 1759
1985 133 1288
133 1288 1985
1288 133 1985
44 23 2875
23 44 2875
2875 23 44
413 1442 2332
1442 413 2332
2332 413 1442
2421 750 1237
750 1237 2421
1237 750 2421
2851 1568 1677
1568 1677 2851
1677 1568 2851
2571 1127 2637
1127 2571 2637
2637 1127 2571
1352 515 1446
515 1352 1446
1446 515 1352
2269 1289 2749
1289 2269 2749
2749 1289 2269
1081 140 1412
140 1081 1412
1412 140 1081
191 712 2767
2767 191 712
712 191 2767
1933 242 1594
242 1594 1933
1594 242 1933
1596 1372 1981
1981 1372 1596
1372 1596 1981
233 780 2398
780 233 2398
2398 233 780
662 1912 2902
2902 662 1912
1912 662 2902
536 1089 1287
1089 536 1287
1287 536 1089
777 210 981
210 777 981
981 210 777
2897 2517 2546
2546 2517 2897
2517 2546 2897
2976 1722 1804
1804 1722 2976
1722 1804 2976
589 2161 2348
2161 589 2348
2348 589 2161
1052 33 1150
1150 33 1052
33 1052 1150
514 661 2598
2598 514 661
661 514 2598
2786 1261 2693
1261 2693 2786
2693 1261 2786
1084 2278 2442
2442 1084 2278
2278 1084 2442
1496 1257 2285
1257 1496 2285
2285 1257 1496
2124 901 1475
901 1475 2124
1475 901 2124
916 665 2044
665 916 2044
2044 665 916
410 30 2012
2012 30 410
30 410 2012
2057 554 1960
1960 554 2057
554 1960 2057
2520 2219 2768
2219 2520 2768
2768 2219 2520
42 172 2440
172 42 2440
2440 42 172
1757 221 2896
221 1757 2896
2896 221 1757
282 196 857
857 196 282
196 282 857
2790 386 533
533 386 2790
386 533 2790
2081 899 1644
1644 899 2081
899 1644 2081
354 539 882
539 354 882
882 354 539
2345 1404 1425
1404 1425 2345
1425 1404 2345
444 130 1883
130 444 1883
1883 130 444
2728 197 576
197 576 2728
576 197 2728
1436 173 952
173 952 1436
952 173 1436
16 1035 2240
2240 16 1035
1035 16 2240
2618 979 1902
979 1902 2618
1902 979 2618
2530 584 1935
584 1935 2530
1935 584 2530
292 1217 2833
1217 292 2833
2833 292 1217
1901 552 2594
552 1901 2594
2594 552 1901
648 2392 2652
2392 648 2652
2652 648 2392
2525 898 1192
1192 898 2525
898 1192 2525
453 609 1878
1878 453 609
609 453 1878
2248 66 2777
66 2248 2777
2777 66 2248
930 729 1082
1082 729 930
729 930 1082
2980 1709 2074
2074 1709 2980
1709 2074 2980
417 1129 2889
1129 417 2889
2889 417 1129
2380 664 2192
2192 664 2380
664 2192 2380
2544 67 291
291 67 2544
67 291 2544
1675 1393 2314
2314 1393 1675
1393 1675 2314
2850 893 2000
893 2000 2850
2000 893 2850
2533 286 2973
2973 286 2533
286 2533 2973
1096 1193 1664
1664 1096 1193
1193 1096 1664
1225 1812 2359
1812 1225 2359
2359 1225 1812
1588 169 2554
169 1588 2554
2554 169 1588
1670 1151 1320
1151 1320 1670
1320 1151 1670
1631 294 1679
1679 294 1631
294 1631 1679
2854 132 2518
132 2518 2854
2518 132 2854
1995 878 1531
1531 878 1995
878 1531 1995
531 504 2205
504 531 2205
2205 504 531
1538 2201 2781
2781 1538 2201
2201 1538 2781
2639 1025 1299
1299 1025 2639
1025 1299 2639
897 47 2155
2155 47 897
47 897 2155
938 76 1562
1562 76 938
76 938 1562
699 650 2501
2501 650 699
650 699 2501
1532 2469 2630
2630 1532 2469
2469 1532 2630
1793 1840 1928
1840 1793 1928
1928 1793 1840
1188 2143 2485
2485 1188 2143
2143 1188 2485
2748 701 1517
701 1517 2748
1517 701 2748
1179 1772 2187
1772 1179 2187
2187 1179 1772
12 505 1092
1092 12 505
505 12 1092
2350 822 2655
822 2350 2655
2655 822 2350
118 1948 2831
1948 118 2831
2831 118 1948
1660 747 1949
1949 747 1660
747 1660 1949
1122 285 707
707 285 1122
285 707 1122
460 51 1667
1667 51 460
51 460 1667
1539 1152 2396
2396 1152 1539
1152 1539 2396
365 2835 2870
2835 365 2870
2870 365 2835
341 574 2304
574 341 2304
2304 341 574
692 373 1965
373 692 1965
1965 373 692
977 1751 2091
2091 977 1751
1751 977 2091
1353 1688 1732
1732 1353 1688
1688 1353 1732
2964 481 1369
481 1369 2964
1369 481 2964
1311 2471 2827
2471 1311 2827
2827 1311 2471
1281 811 2662
2662 811 1281
811 1281 2662
1494 761 2770
761 1494 2770
2770 761 1494
428 598 2362
598 428 2362
2362 428 598
1339 1801 2073
1801 1339 2073
2073 1339 1801
823 767 2610
2610 767 823
767 823 2610
1994 520 1869
520 1869 1994
1869 520 1994
134 1415 1651
1415 134 1651
1651 134 1415
791 146 537
537 146 791
146 537 791
557 501 1606
1606 501 557
501 557 1606
2528 1103 3000
1103 2528 3000
3000 1103 2528
654 214 954
954 214 654
214 654 954
2938 1554 2565
1554 2565 2938
2565 1554 2938
636 2349 2886
2886 636 2349
2349 636 2886
1850 688 1911
688 1850 1911
1911 688 1850
2882 494 2336
494 2336 2882
2336 494 2882
2483 571 1341
571 1341 2483
1341 571 2483
1065 1408 1859
1408 1065 1859
1859 1065 1408
1470 773 2448
2448 773 1470
773 1470 2448
1518 1358 2385
2385 1358 1518
1358 1518 2385
543 586 708
586 543 708
708 543 586
1939 2587 2906
2587 1939 2906
2906 1939 2587
2602 666 775
775 666 2602
666 775 2602
1790 10 1233
1233 10 1790
10 1233 1790
2194 829 2682
2682 829 2194
829 2194 2682
2853 617 1993
1993 617 2853
617 1993 2853
2378 1482 2040
1482 2040 2378
2040 1482 2378
2859 2294 2775
2294 2775 2859
2775 2294 2859
1190 1266 1306
1306 1190 1266
1266 1190 1306
107 640 2881
640 107 2881
2881 107 640
2450 613 2415
613 2415 2450
2415 613 2450
1957 683 964
964 683 1957
683 964 1957
1962 1900 2139
2139 1900 1962
1900 1962 2139
29 881 2944
881 29 2944
2944 29 881
8 1302 1946
1302 8 1946
1946 8 1302
895 2068 2704
2068 895 2704
2704 895 2068
2063 2650 2915
2650 2063 2915
2915 2063 2650
2588 223 1555
1555 223 2588
223 1555 2588
2536 320 2762
320 2536 2762
2762 320 2536
2582 368 2484
368 2484 2582
2484 368 2582
2021 265 1376
265 1376 2021
1376 265 2021
2738 2013 2595
2595 2013 2738
2013 2595 2738
1632 1248 2168
1248 1632 2168
2168 1248 1632
2202 1060 1351
1060 1351 2202
1351 1060 2202
1392 848 1357
848 1357 1392
1357 848 1392
90 1489 2257
2257 90 1489
1489 90 2257
2305 371 1429
371 1429 2305
1429 371 2305
2111 318 2512
318 2111 2512
2512 318 2111
1855 1620 2611
2611 1620 1855
1620 1855 2611
992 830 2623
2623 830 992
830 992 2623
2067 1619 2741
1619 2067 2741
2741 1619 2067
1004 1498 1705
1498 1004 1705
1705 1004 1498
2284 1671 2366
1671 2284 2366
2366 1671 2284
18 353 1038
353 18 1038
1038 18 353
651 13 325
325 13 651
13 325 651
2847 874 978
978 874 2847
874 978 2847
472 482 1692
1692 472 482
482 472 1692
2574 1005 2986
1005 2574 2986
2986 1005 2574
2844 1922 2993
2993 1922 2844
1922 2844 2993
530 1495 2668
2668 530 1495
1495 530 2668
2622 1068 2940
2940 1068 2622
1068 2622 2940
2261 1871 2319
2319 1871 2261
1871 2261 2319
1696 159 1726
1726 159 1696
159 1696 1726
762 1057 1346
1346 762 1057
1057 762 1346
1149 202 1201
1201 202 1149
202 1149 1201
110 352 746
746 110 352
352 110 746
820 480 1367
480 820 1367
1367 480 820
2328 426 2050
426 2050 2328
2050 426 2328
243 1178 1950
1178 243 1950
1950 243 1178
2151 230 2516
230 2151 2516
2516 230 2151
1318 2215 2916
2916 1318 2215
2215 1318 2916
2227 246 2231
246 2227 2231
2231 246 2227
1301 1666 2684
1666 1301 2684
2684 1301 1666
2590 2921 2945
2945 2590 2921
2921 2590 2945
892 411 2061
411 892 2061
2061 411 892
2579 2300 2430
2430 2300 2579
2300 2430 2579
785 521 2509
521 785 2509
2509 521 785
905 958 1743
1743 905 958
958 905 1743
2337 1059 1807
1059 1807 2337
1807 1059 2337
2277 396 921
921 396 2277
396 921 2277
2563 937 1079
1079 937 2563
937 1079 2563
1207 232 2355
232 1207 2355
2355 232 1207
189 1856 1872
1856 189 1872
1872 189 1856
2689 563 2260
2260 563 2689
563 2260 2689
2584 2224 2267
2267 2224 2584
2224 2267 2584
85 2080 2855
2855 85 2080
2080 85 2855
700 1800 2974
2974 700 1800
1800 700 2974
620 588 1422
588 620 1422
1422 588 620
1826 332 2439
2439 332 1826
332 1826 2439
1955 1410 2030
1410 1955 2030
2030 1410 1955
268 1413 2232
2232 268 1413
1413 268 2232
309 2087 2885
2087 309 2885
2885 309 2087
1463 185 2130
2130 185 1463
185 1463 2130
7 116 2928
2928 7 116
116 7 2928
194 275 1825
1825 194 275
275 194 1825
858 1236 2529
2529 858 1236
1236 858 2529
544 432 1447
432 544 1447
1447 432 544
1503 745 1502
1502 745 1503
745 1502 1503
192 53 1292
1292 53 192
53 192 1292
2893 1250 1646
1646 1250 2893
1250 1646 2893
1685 217 2718
2718 217 1685
217 1685 2718
2816 1571 2678
1571 2678 2816
2678 1571 2816
1282 1134 1983
1134 1282 1983
1983 1134 1282
1480 1161 1723
1723 1161 1480
1161 1480 1723
1842 1443 1746
1746 1443 1842
1443 1746 1842
370 868 1728
1728 370 868
868 370 1728
1611 388 2182
388 1611 2182
2182 388 1611
19 439 506
439 19 506
506 19 439
138 789 2613
789 138 2613
2613 138 789
2436 2003 2490
2490 2003 2436
2003 2436 2490
2757 195 1713
195 1713 2757
1713 195 2757
1546 2031 2942
2031 1546 2942
2942 1546 2031
2022 299 809
809 299 2022
299 809 2022
2858 331 1510
1510 331 2858
331 1510 2858
1354 844 1591
1591 844 1354
844 1354 1591
1343 803 821
803 821 1343
821 803 1343
2750 764 2698
2698 764 2750
764 2698 2750
2154 1242 2301
2301 1242 2154
1242 2154 2301
1768 2817 2963
2817 1768 2963
2963 1768 2817
1208 2026 2330
2026 1208 2330
2330 1208 2026
961 1880 2903
2903 961 1880
1880 961 2903
1623 1097 1828
1097 1623 1828
1828 1097 1623
1916 62 2962
2962 62 1916
62 1916 2962
111 1219 2462
2462 111 1219
1219 111 2462
2177 2291 2949
2291 2177 2949
2949 2177 2291
1756 1886 2804
1886 1756 2804
2804 1756 1886
1417 1167 1317
1317 1167 1417
1167 1317 1417
603 1505 2912
1505 603 2912
2912 603 1505
1773 2857 2946
2857 1773 2946
2946 1773 2857
956 1932 2796
1932 956 2796
2796 956 1932
2078 926 2872
2872 926 2078
926 2078 2872
2723 92 2545
92 2545 2723
2545 92 2723
561 810 1119
1119 561 810
810 561 1119
502 518 2464
518 502 2464
2464 502 518
1231 2353 2960
2353 1231 2960
2960 1231 2353
2069 115 2733
2733 115 2069
115 2069 2733
2644 1668 2543
2543 1668 2644
1668 2543 2644
1561 1706 2374
2374 1561 1706
1706 1561 2374
1822 2341 2600
2600 1822 2341
2341 1822 2600
2406 1401 1830
1401 1830 2406
1830 1401 2406
2309 1045 1630
1045 1630 2309
1630 1045 2309
984 1265 1836
1265 984 1836
1836 984 1265
1452 249 433
433 249 1452
249 433 1452
567 1776 2384
1776 567 2384
2384 567 1776
2969 1758 2982
1758 2969 2982
2982 1758 2969
321 65 631
631 65 321
65 321 631
2129 168 412
168 412 2129
412 168 2129
2927 81 2413
81 2413 2927
2413 81 2927
2612 251 1808
1808 251 2612
251 1808 2612
1229 1012 1598
1012 1229 1598
1598 1012 1229
2795 239 2023
2023 239 2795
239 2023 2795
364 919 2386
919 364 2386
2386 364 919
1380 1121 2924
2924 1121 1380
1121 1380 2924
1750 2035 2917
2917 1750 2035
2035 1750 2917
2203 875 2634
875 2203 2634
2634 875 2203
272 1418 2290
2290 272 1418
1418 272 2290
534 744 749
749 534 744
744 534 749
805 254 1050
254 805 1050
1050 254 805
2659 1637 1917
1637 1917 2659
1917 1637 2659
163 471 548
548 163 471
471 163 548
1604 2 2995
2995 2 1604
2 1604 2995
1542 2510 2891
2510 1542 2891
2891 1542 2510
1105 408 1021
408 1021 1105
1021 408 1105
1724 293 2178
2178 293 1724
293 1724 2178
1930 776 1890
1890 776 1930
776 1890 1930
2174 1000 2296
1000 2174 2296
2296 1000 2174
2259 456 2235
2235 456 2259
456 2235 2259
2157 1714 2482
1714 2157 2482
2482 1714 2157
2047 1528 2389
2389 1528 2047
1528 2047 2389
2773 1125 1931
1931 1125 2773
1125 1931 2773
2420 1829 2383
2383 1829 2420
1829 2383 2420
1734 213 394
394 213 1734
213 394 1734
907 1016 2939
1016 907 2939
2939 907 1016
2411 999 2828
999 2411 2828
2828 999 2411
642 1238 2631
2631 642 1238
1238 642 2631
401 1189 1986
1189 401 1986
1986 401 1189
2148 348 398
398 348 2148
348 398 2148
1761 72 1924
72 1761 1924
1924 72 1761
2970 555 1234
555 1234 2970
1234 555 2970
1795 1633 2024
1633 1795 2024
2024 1633 1795
235 489 2633
2633 235 489
489 235 2633
1780 2196 2299
2299 1780 2196
2196 1780 2299
2150 1120 2959
2959 1120 2150
1120 2150 2959
2447 493 1973
493 1973 2447
1973 493 2447
2761 872 1547
872 1547 2761
1547 872 2761
2094 705 2568
2568 705 2094
705 2094 2568
1166 1268 2489
1268 1166 2489
2489 1166 1268
445 2032 2616
2616 445 2032
2032 445 2616
160 1249 1652
1652 160 1249
1249 160 1652
2009 112 1913
112 1913 2009
1913 112 2009
1069 862 935
862 935 1069
935 862 1069
2589 760 1088
760 1088 2589
1088 760 2589
289 1847 2200
2200 289 1847
1847 289 2200
52 960 2575
2575 52 960
960 52 2575
1221 550 2239
550 1221 2239
2239 550 1221
2146 250 1116
1116 250 2146
250 1116 2146
1783 131 2526
2526 131 1783
131 1783 2526
949 452 1614
1614 452 949
452 949 1614
1106 1535 1963
1535 1106 1963
1963 1106 1535
109 1014 2407
1014 109 2407
2407 109 1014
104 1940 2027
2027 104 1940
1940 104 2027
178 1466 2996
1466 178 2996
2996 178 1466
912 231 986
986 231 912
231 912 986
257 1391 2339
1391 257 2339
2339 257 1391
2503 928 1437
1437 928 2503
928 1437 2503
77 430 2672
2672 77 430
430 77 2672
1884 2101 2737
2101 1884 2737
2737 1884 2101
623 2037 2418
2418 623 2037
2037 623 2418
366 674 1001
674 366 1001
1001 366 674
220 1811 2463
1811 220 2463
2463 220 1811
2316 17 847
17 847 2316
847 17 2316
1185 677 2095
677 1185 2095
2095 677 1185
308 1256 1414
1414 308 1256
1256 308 1414
86 2625 2712
2712 86 2625
2625 86 2712
479 1337 2449
1337 479 2449
2449 479 1337
625 347 1661
1661 347 625
347 625 1661
2683 1680 2238
1680 2238 2683
2238 1680 2683
1699 1002 1018
1018 1002 1699
1002 1018 1699
1474 329 2907
329 1474 2907
2907 329 1474
730 1009 2251
2251 730 1009
1009 730 2251
1691 659 1232
659 1232 1691
1232 659 1691
2172 31 2142
2142 31 2172
31 2142 2172
2556 580 2104
580 2104 2556
2104 580 2556
2416 1375 2848
1375 2416 2848
2848 1375 2416
1775 1579 1891
1891 1579 1775
1579 1775 1891
99 219 437
219 99 437
437 99 219
1665 1034 1870
1870 1034 1665
1034 1665 1870
356 1523 2874
2874 356 1523
1523 356 2874
1958 403 2070
403 1958 2070
2070 403 1958
2247 861 2033
861 2033 2247
2033 861 2247
2821 154 1544
154 1544 2821
1544 154 2821
1479 1907 2179
1907 1479 2179
2179 1479 1907
920 849 1972
849 920 1972
1972 849 920
1879 108 2621
2621 108 1879
108 1879 2621
851 88 933
933 88 851
88 851 933
876 843 1359
1359 843 876
843 876 1359
2950 156 2422
156 2422 2950
2422 156 2950
2116 2265 2444
2444 2116 2265
2265 2116 2444
1841 957 2452
2452 957 1841
957 1841 2452
2404 485 2103
2103 485 2404
485 2103 2404
2892 798 982
982 798 2892
798 982 2892
264 511 1980
511 264 1980
1980 264 511
927 361 2502
2502 361 927
361 927 2502
345 179 2811
179 345 2811
2811 179 345
1209 15 599
599 15 1209
15 599 1209
2016 934 2264
2264 934 2016
934 2016 2264
454 967 2555
2555 454 967
967 454 2555
2110 1817 2933
2933 1817 2110
1817 2110 2933
1073 406 1741
1741 406 1073
406 1073 1741
1008 1321 1937
1321 1008 1937
1937 1008 1321
853 594 1864
1864 594 853
594 853 1864
2836 39 2792
2792 39 2836
39 2792 2836
2552 888 1787
1787 888 2552
888 1787 2552
794 968 2591
968 794 2591
2591 794 968
639 1663 2263
2263 639 1663
1663 639 2263
1976 1629 2397
2397 1629 1976
1629 1976 2397
2252 991 1610
991 1610 2252
1610 991 2252
2838 200 1581
1581 200 2838
200 1581 2838
1978 1444 2036
2036 1444 1978
1444 1978 2036
608 1013 2133
2133 608 1013
1013 608 2133
170 1363 2002
1363 170 2002
2002 170 1363
2877 380 582
380 582 2877
582 380 2877
1042 551 1970
551 1042 1970
1970 551 1042
123 122 993
993 122 123
122 123 993
2242 2243 2266
2266 2242 2243
2243 2242 2266
1481 1608 2535
1608 1481 2535
2535 1481 1608
2636 998 1892
1892 998 2636
998 1892 2636
2955 1626 2806
1626 2806 2955
2806 1626 2955
2952 638 1740
638 1740 2952
1740 638 2952
2498 549 1537
549 1537 2498
1537 549 2498
2674 387 1639
387 1639 2674
1639 387 2674
596 1592 2175
1592 596 2175
2175 596 1592
871 2006 2936
2936 871 2006
2006 871 2936
1752 827 2793
2793 827 1752
827 1752 2793
1690 709 1381
1381 709 1690
709 1381 1690
2937 274 2206
2206 274 2937
274 2206 2937
2233 682 2841
2841 682 2233
682 2233 2841
2453 393 2911
393 2453 2911
2911 393 2453
1515 879 2163
879 1515 2163
2163 879 1515
579 1522 1799
1522 579 1799
1799 579 1522
234 1862 1909
1862 234 1909
1909 234 1862
1835 1056 2112
1056 1835 2112
2112 1056 1835
1779 591 948
591 948 1779
948 591 1779
2909 1258 1607
1607 1258 2909
1258 1607 2909
1255 2699 2894
2699 1255 2894
2894 1255 2699
1230 277 382
277 382 1230
382 277 1230
1967 529 602
529 602 1967
602 529 1967
2223 2729 2839
2839 2223 2729
2729 2223 2839
1024 673 1617
673 1024 1617
1617 673 1024
2455 1730 2887
2887 1730 2455
1730 2455 2887
2709 1153 1996
1153 1996 2709
1996 1153 2709
262 1322 1586
1322 262 1586
1586 262 1322
1110 1456 1636
1456 1110 1636
1636 1110 1456
290 566 1307
1307 290 566
566 290 1307
1379 218 1431
1431 218 1379
218 1379 1431
2270 215 1420
215 1420 2270
1420 215 2270
105 45 58
58 45 105
45 58 105
147 2268 2868
2868 147 2268
2268 147 2868
2979 328 421
421 328 2979
328 421 2979
1373 2125 2288
2125 1373 2288
2288 1373 2125
358 619 2051
619 358 2051
2051 358 619
1326 1049 2992
1049 1326 2992
2992 1049 1326
833 1400 2951
1400 833 2951
2951 833 1400
1548 2580 2923
2580 1548 2923
2923 1548 2580
1037 1739 2920
2920 1037 1739
1739 1037 2920
890 1396 1926
1926 890 1396
1396 890 1926
486 1335 2118
2118 486 1335
1335 486 2118
74 2184 2901
2184 74 2901
2901 74 2184
2321 367 903
367 903 2321
903 367 2321
870 334 2293
334 870 2293
2293 334 870
1023 910 1735
1735 910 1023
910 1023 1735
1312 1589 2807
2807 1312 1589
1589 1312 2807
943 1791 2079
1791 943 2079
2079 943 1791
441 679 2394
679 441 2394
2394 441 679
2244 1490 1545
1490 1545 2244
1545 1490 2244
222 151 2686
2686 151 222
151 222 2686
2968 723 1210
1210 723 2968
723 1210 2968
2899 2425 2468
2425 2468 2899
2468 2425 2899
1650 1465 2772
1465 1650 2772
2772 1465 1650
973 1203 1455
1203 973 1455
1455 973 1203
2438 1171 1868
1868 1171 2438
1171 1868 2438
1263 319 1653
1653 319 1263
319 1263 1653
635 1036 1112
1112 635 1036
1036 635 1112
1763 392 2176
2176 392 1763
392 1763 2176
2826 2323 2808
2323 2808 2826
2808 2323 2826
655 1370 1627
1627 655 1370
1370 655 1627
668 562 1078
562 668 1078
1078 562 668
2766 969 2705
969 2705 2766
2705 969 2766
1704 278 1487
1487 278 1704
278 1487 1704
512 516 1720
516 512 1720
1720 512 516
2823 2098 2810
2098 2810 2823
2810 2098 2823
507 2029 2119
2119 507 2029
2029 507 2119
1015 556 2041
556 1015 2041
2041 556 1015
359 256 1788
256 359 1788
1788 256 359
770 153 2297
153 770 2297
2297 153 770
1616 50 1781
50 1616 1781
1781 50 1616
32 80 832
80 32 832
832 32 80
2997 89 846
846 89 2997
89 846 2997
675 800 2876
800 675 2876
2876 675 800
1483 804 1029
804 1029 1483
1029 804 1483
1467 1854 2271
1854 1467 2271
2271 1467 1854
727 1766 2054
2054 727 1766
1766 727 2054
2479 955 2107
2107 955 2479
955 2107 2479
2486 850 1275
850 1275 2486
1275 850 2486
1736 164 1235
1235 164 1736
164 1235 1736
142 1162 1262
1162 142 1262
1262 142 1162
2042 1593 2725
2725 1593 2042
1593 2042 2725
831 1368 2426
1368 831 2426
2426 831 1368
736 190 932
190 736 932
932 190 736
694 208 1159
208 694 1159
1159 208 694
1805 5 2435
2435 5 1805
5 1805 2435
632 95 1427
1427 95 632
95 632 1427
2153 1439 2434
1439 2153 2434
2434 1439 2153
488 463 802
802 463 488
463 488 802
646 784 2052
784 646 2052
2052 646 784
247 176 2354
2354 176 247
176 247 2354
