17 16 261
261 16 17
16 17 261
238 220 255
255 220 238
220 238 255
10 29 100
100 10 29
29 10 100
19 236 249
236 19 249
249 19 236
167 206 278
278 167 206
206 167 278
108 122 145
145 108 122
122 108 145
188 60 222
60 188 222
222 60 188
159 57 117
57 117 159
117 57 159
195 127 282
127 195 282
282 127 195
65 74 156
156 65 74
74 65 156
179 38 228
38 179 228
228 38 179
110 6 23
6 23 110
23 6 110
279 158 240
158 240 279
240 158 279
140 8 142
8 140 142
142 8 140
24 36 71
71 24 36
36 24 71
226 88 285
285 88 226
88 226 285
111 50 69
69 50 111
50 69 111
47 91 230
230 47 91
91 47 230
79 275 288
275 79 288
288 79 275
93 43 119
119 43 93
43 93 119
61 94 173
94 61 173
173 61 94
114 25 267
25 114 267
267 25 114
20 68 199
68 20 199
199 20 68
232 51 260
51 232 260
260 51 232
170 78 165
78 165 170
165 78 170
97 102 129
129 97 102
102 97 129
9 172 223
172 9 223
223 9 172
277 27 169
169 27 277
27 169 277
30 120 181
120 30 181
181 30 120
272 39 194
194 39 272
39 194 272
48 37 55
55 37 48
37 48 55
276 247 254
247 254 276
254 247 276
72 66 262
66 72 262
262 66 72
293 92 284
284 92 293
92 284 293
90 86 192
86 90 192
192 86 90
14 82 87
82 14 87
87 14 82
259 132 152
152 132 259
132 152 259
163 4 217
4 163 217
217 4 163
178 218 250
218 178 250
250 178 218
146 121 141
141 121 146
121 141 146
233 135 196
135 196 233
196 135 233
176 154 180
154 176 180
180 154 176
231 41 124
41 124 231
124 41 231
296 96 134
134 96 296
96 134 296
85 7 157
7 85 157
157 7 85
219 162 265
162 219 265
265 162 219
143 64 116
116 64 143
64 116 143
174 133 280
133 174 280
280 133 174
1 186 235
186 1 235
235 1 186
300 216 273
273 216 300
216 273 300
149 148 292
292 148 149
148 149 292
77 80 144
80 77 144
144 77 80
258 109 215
215 109 258
109 215 258
185 5 193
5 185 193
193 5 185
28 15 201
201 15 28
15 28 201
12 75 224
224 12 75
75 12 224
212 22 73
22 73 212
73 22 212
95 161 164
164 95 161
161 95 164
98 99 105
105 98 99
99 98 105
153 32 204
204 32 153
32 153 204
31 213 294
213 31 294
294 31 213
21 171 189
189 21 171
171 21 189
139 103 200
103 139 200
200 103 139
209 211 295
211 209 295
295 209 211
202 118 245
245 118 202
118 202 245
221 67 264
264 67 221
67 221 264
253 177 183
183 177 253
177 183 253
187 155 257
257 155 187
155 187 257
62 137 244
137 62 244
244 62 137
214 106 271
271 106 214
106 214 271
290 203 286
286 203 290
203 286 290
52 147 197
197 52 147
147 52 197
299 40 175
40 175 299
175 40 299
242 2 76
76 2 242
2 76 242
289 63 291
63 289 291
291 63 289
234 190 252
190 234 252
252 190 234
128 104 266
104 128 266
266 104 128
160 34 83
34 83 160
83 34 160
281 113 268
268 113 281
113 268 281
70 208 210
210 70 208
208 70 210
239 54 246
246 54 239
54 239 246
248 131 241
131 241 248
241 131 248
166 18 283
18 166 283
283 18 166
44 136 269
269 44 136
136 44 269
125 3 229
3 125 229
229 3 125
274 56 112
112 56 274
56 112 274
298 138 168
138 168 298
168 138 298
45 107 237
237 45 107
107 45 237
89 225 256
256 89 225
225 89 256
49 26 227
227 26 49
26 49 227
11 130 251
130 11 251
251 11 130
42 150 207
150 42 207
207 42 150
270 182 198
198 182 270
182 198 270
35 101 243
243 35 101
101 35 243
53 191 287
287 53 191
191 53 287
58 84 184
84 58 184
184 58 84
297 123 126
126 123 297
123 126 297
13 81 115
115 13 81
81 13 115
59 151 263
263 59 151
151 59 263
205 33 46
33 46 205
46 33 205
