118 859 1054
1054 118 859
859 118 1054
519 2661 2732
2732 519 2661
2661 519 2732
98 2712 2913
2913 98 2712
2712 98 2913
88 1149 2627
2627 88 1149
1149 88 2627
590 1079 1792
1079 590 1792
1792 590 1079
1577 586 2074
2074 586 1577
586 1577 2074
576 1093 2694
2694 576 1093
1093 576 2694
2676 1702 1722
1702 1722 2676
1722 1702 2676
2052 943 1776
1776 943 2052
943 1776 2052
1017 602 2235
2235 602 1017
602 1017 2235
2735 1615 2170
1615 2170 2735
2170 1615 2735
887 1805 2462
1805 887 2462
2462 887 1805
598 1701 2189
1701 598 2189
2189 598 1701
2349 667 1004
1004 667 2349
667 1004 2349
2179 352 677
352 677 2179
677 352 2179
205 1238 2426
1238 205 2426
2426 205 1238
2186 2033 2502
2033 2186 2502
2502 2033 2186
2498 846 1637
1637 846 2498
846 1637 2498
1652 33 2689
2689 33 1652
33 1652 2689
2497 348 2292
2292 348 2497
348 2292 2497
1351 752 2980
752 1351 2980
2980 752 1351
479 101 446
446 101 479
101 446 479
2348 335 2057
2057 335 2348
335 2057 2348
1544 825 1669
825 1544 1669
1669 825 1544
2708 155 235
155 235 2708
235 155 2708
951 2009 2337
2009 951 2337
2337 951 2009
508 2556 2855
2855 508 2556
2556 508 2855
1872 965 2389
2389 965 1872
965 1872 2389
2014 630 897
630 897 2014
897 630 2014
1749 723 2237
2237 723 1749
723 1749 2237
1306 1756 2478
2478 1306 1756
1756 1306 2478
649 866 2677
2677 649 866
866 649 2677
2729 23 2570
2570 23 2729
23 2570 2729
1530 806 2609
806 1530 2609
2609 806 1530
2778 689 2533
2533 689 2778
689 2533 2778
2356 336 785
336 785 2356
785 336 2356
61 95 1950
1950 61 95
95 61 1950
2239 745 2858
2858 745 2239
745 2239 2858
1203 849 2413
849 1203 2413
2413 849 1203
1114 1750 2621
1750 1114 2621
2621 1114 1750
833 1101 1854
1854 833 1101
1101 833 1854
2368 1228 2514
2514 1228 2368
1228 2368 2514
1468 2053 2582
2053 1468 2582
2582 1468 2053
2202 1124 1500
1500 1124 2202
1124 1500 2202
2054 865 1165
1165 865 2054
865 1165 2054
1758 289 1240
1240 289 1758
289 1240 1758
856 525 2297
2297 525 856
525 856 2297
1908 150 1391
150 1391 1908
1391 150 1908
927 197 2050
2050 197 927
197 927 2050
1679 924 1024
1024 924 1679
924 1024 1679
1168 1396 2346
2346 1168 1396
1396 1168 2346
236 967 1518
967 236 1518
1518 236 967
15 458 1830
458 15 1830
1830 15 458
694 266 1314
266 694 1314
1314 266 694
1823 1265 2406
2406 1265 1823
1265 1823 2406
2342 1849 2192
2192 1849 2342
1849 2192 2342
497 646 890
646 497 890
890 497 646
2611 262 1671
262 1671 2611
1671 262 2611
2291 919 1708
919 1708 2291
1708 919 2291
843 1344 1479
1479 843 1344
1344 843 1479
2253 1260 1924
1260 1924 2253
1924 1260 2253
2477 1123 1241
1123 1241 2477
1241 1123 2477
730 2098 2709
2098 730 2709
2709 730 2098
2294 491 1100
491 1100 2294
1100 491 2294
151 1200 2364
2364 151 1200
1200 151 2364
2509 830 2296
830 2296 2509
2296 830 2509
383 1059 2761
1059 383 2761
2761 383 1059
2491 1665 2147
1665 2147 2491
2147 1665 2491
1957 1389 2258
2258 1389 1957
1389 1957 2258
2991 1080 1576
1080 1576 2991
1576 1080 2991
2824 1797 2607
1797 2607 2824
2607 1797 2824
2769 25 2823
25 2769 2823
2823 25 2769
2008 1069 2551
1069 2008 2551
2551 1069 2008
2710 191 2527
2527 191 2710
191 2527 2710
46 110 2663
2663 46 110
110 46 2663
1844 486 1277
486 1277 1844
1277 486 1844
813 1761 2931
2931 813 1761
1761 813 2931
1163 1519 2906
1519 1163 2906
2906 1163 1519
1759 1155 2175
2175 1155 1759
1155 1759 2175
443 1588 2463
2463 443 1588
1588 443 2463
2391 641 767
767 641 2391
641 767 2391
1057 68 2138
2138 68 1057
68 1057 2138
456 405 1956
405 456 1956
1956 405 456
900 640 1104
640 900 1104
1104 640 900
2771 1188 1627
1627 1188 2771
1188 1627 2771
1608 655 829
829 655 1608
655 829 1608
1248 643 1254
643 1248 1254
1254 643 1248
2576 8 2889
8 2576 2889
2889 8 2576
636 548 2559
2559 548 636
548 636 2559
1885 1180 2185
2185 1180 1885
1180 1885 2185
1968 274 1044
274 1044 1968
1044 274 1968
2583 950 1415
1415 950 2583
950 1415 2583
1194 572 2051
2051 572 1194
572 1194 2051
311 2067 2141
2141 311 2067
2067 311 2141
675 2004 2628
2628 675 2004
2004 675 2628
761 1563 2182
1563 761 2182
2182 761 1563
2219 372 1796
372 1796 2219
1796 372 2219
1361 18 873
873 18 1361
18 873 1361
349 935 1096
935 349 1096
1096 349 935
490 2326 2557
2326 490 2557
2557 490 2326
2173 588 2293
588 2173 2293
2293 588 2173
2649 1304 2015
1304 2015 2649
2015 1304 2649
1469 2012 2616
2616 1469 2012
2012 1469 2616
2685 506 831
506 831 2685
831 506 2685
1507 1891 2646
2646 1507 1891
1891 1507 2646
1660 754 2822
2822 754 1660
754 1660 2822
2895 852 2780
852 2780 2895
2780 852 2895
2966 1388 1528
1388 1528 2966
1528 1388 2966
1328 557 2066
557 1328 2066
2066 557 1328
2089 1565 2002
1565 2002 2089
2002 1565 2089
2031 1951 2996
2996 1951 2031
1951 2031 2996
1159 444 1664
1664 444 1159
444 1159 1664
1934 99 607
99 607 1934
607 99 1934
942 543 1639
1639 543 942
543 942 1639
2580 159 1698
159 1698 2580
1698 159 2580
1262 2415 2482
2482 1262 2415
2415 1262 2482
2377 233 2849
233 2377 2849
2849 233 2377
982 2209 2791
2791 982 2209
2209 982 2791
344 1589 2142
2142 344 1589
1589 344 2142
929 475 2981
2981 475 929
475 929 2981
2758 230 891
230 891 2758
891 230 2758
1975 329 2005
329 1975 2005
2005 329 1975
2304 1465 1497
1465 1497 2304
1497 1465 2304
1375 1052 1901
1052 1375 1901
1901 1052 1375
579 1403 1777
1403 579 1777
1777 579 1403
1595 2386 2643
2386 1595 2643
2643 1595 2386
54 1035 2827
1035 54 2827
2827 54 1035
1517 416 1892
416 1517 1892
1892 416 1517
844 96 424
96 424 844
424 96 844
1558 505 1097
505 1097 1558
1097 505 1558
1438 285 359
359 285 1438
285 359 1438
244 511 690
511 244 690
690 244 511
1728 620 1909
620 1728 1909
1909 620 1728
2695 700 1122
700 1122 2695
1122 700 2695
406 1656 1791
1791 406 1656
1656 406 1791
190 1945 1998
1998 190 1945
1945 190 1998
1347 1261 1883
1261 1347 1883
1883 1261 1347
2671 1858 2168
1858 2168 2671
2168 1858 2671
537 357 2856
2856 357 537
357 537 2856
2355 1621 2446
2446 1621 2355
1621 2355 2446
2838 186 2212
2212 186 2838
186 2212 2838
432 318 2679
318 432 2679
2679 318 432
1659 339 2898
339 1659 2898
2898 339 1659
2798 116 2832
116 2798 2832
2832 116 2798
1655 1981 2169
1981 1655 2169
2169 1655 1981
17 2401 2680
2401 17 2680
2680 17 2401
2587 651 1684
651 1684 2587
1684 651 2587
578 504 1574
504 578 1574
1574 504 578
2065 998 1733
998 1733 2065
1733 998 2065
2152 605 2327
2327 605 2152
605 2152 2327
784 1382 2552
2552 784 1382
1382 784 2552
1482 415 2489
2489 415 1482
415 1482 2489
2488 733 2760
733 2488 2760
2760 733 2488
1495 297 1810
297 1495 1810
1810 297 1495
1441 893 2843
2843 893 1441
893 1441 2843
1646 903 1931
903 1646 1931
1931 903 1646
652 1134 2534
1134 652 2534
2534 652 1134
1515 1490 1543
1543 1490 1515
1490 1515 1543
1562 378 1742
1742 378 1562
378 1562 1742
540 69 294
69 294 540
294 69 540
1036 669 2131
2131 669 1036
669 1036 2131
1034 845 2523
845 1034 2523
2523 845 1034
1213 10 1272
1272 10 1213
10 1213 1272
2399 84 279
279 84 2399
84 279 2399
1109 507 1876
1876 507 1109
507 1109 1876
1985 321 961
321 961 1985
961 321 1985
1769 31 743
31 743 1769
743 31 1769
1409 1685 2140
2140 1409 1685
1685 1409 2140
332 202 2790
2790 202 332
202 332 2790
1192 663 799
799 663 1192
663 799 1192
122 2866 2914
2866 122 2914
2914 122 2866
1808 1554 1928
1554 1808 1928
1928 1554 1808
237 1419 1974
1419 237 1974
1974 237 1419
1555 2132 2417
2132 1555 2417
2417 1555 2132
342 1190 2831
2831 342 1190
1190 342 2831
1790 2473 2842
2473 1790 2842
2842 1790 2473
3000 26 1933
26 1933 3000
1933 26 3000
561 1819 2112
1819 561 2112
2112 561 1819
399 877 2345
2345 399 877
877 399 2345
1606 2968 2974
2974 1606 2968
2968 1606 2974
938 94 2016
2016 94 938
94 938 2016
2930 736 1193
736 1193 2930
1193 736 2930
2900 293 947
947 293 2900
293 947 2900
82 331 2094
331 82 2094
2094 82 331
1922 678 1984
1984 678 1922
678 1922 1984
696 320 1549
320 696 1549
1549 320 696
1700 1133 1907
1907 1133 1700
1133 1700 1907
1455 398 1026
1026 398 1455
398 1026 1455
2623 177 1799
177 1799 2623
1799 177 2623
791 410 996
410 791 996
996 410 791
2210 1869 2788
2788 1869 2210
1869 2210 2788
2017 2042 2992
2042 2017 2992
2992 2017 2042
2369 185 2039
2039 185 2369
185 2039 2369
632 222 280
222 280 632
280 222 632
404 1599 1657
1599 404 1657
1657 404 1599
334 306 1642
1642 306 334
306 334 1642
1143 355 464
464 355 1143
355 464 1143
2396 634 1980
634 1980 2396
1980 634 2396
755 295 899
899 295 755
295 755 899
70 1775 2989
2989 70 1775
1775 70 2989
2006 591 2600
2600 591 2006
591 2006 2600
1312 1119 1560
1560 1119 1312
1119 1312 1560
1209 192 1405
1405 192 1209
192 1209 1405
2911 2286 2777
2777 2286 2911
2286 2777 2911
1234 75 629
75 629 1234
629 75 1234
1628 1278 1977
1977 1278 1628
1278 1628 1977
1485 1962 2727
2727 1485 1962
1962 1485 2727
2630 710 1771
710 1771 2630
1771 710 2630
180 239 390
239 180 390
390 180 239
756 1557 2975
1557 756 2975
2975 756 1557
1821 596 2910
596 1821 2910
2910 596 1821
396 769 2635
2635 396 769
769 396 2635
2340 702 2948
702 2340 2948
2948 702 2340
2105 1941 2572
1941 2105 2572
2572 1941 2105
1575 1693 2713
1693 1575 2713
2713 1575 1693
1591 1915 2613
2613 1591 1915
1915 1591 2613
1850 1452 2153
2153 1452 1850
1452 1850 2153
1995 920 1362
920 1362 1995
1362 920 1995
2907 213 1930
1930 213 2907
213 1930 2907
1033 2440 2705
2440 1033 2705
2705 1033 2440
892 875 934
934 875 892
875 892 934
402 739 1418
739 402 1418
1418 402 739
2435 1136 1889
1889 1136 2435
1136 1889 2435
1428 308 2049
308 1428 2049
2049 308 1428
414 346 1989
1989 346 414
346 414 1989
524 97 2095
97 524 2095
2095 97 524
1072 699 1016
1016 699 1072
699 1016 1072
2912 792 1840
792 1840 2912
1840 792 2912
608 1053 2540
1053 608 2540
2540 608 1053
1904 1778 2749
1778 1904 2749
2749 1778 1904
1839 63 2452
2452 63 1839
63 1839 2452
1184 128 207
207 128 1184
128 207 1184
45 1572 2605
2605 45 1572
1572 45 2605
862 265 471
265 471 862
471 265 862
1604 1481 2281
1481 1604 2281
2281 1481 1604
1864 2308 2650
2308 1864 2650
2650 1864 2308
2728 1795 2986
1795 2728 2986
2986 1795 2728
989 469 1259
1259 469 989
469 989 1259
452 1900 2354
2354 452 1900
1900 452 2354
731 728 2805
728 731 2805
2805 728 731
680 582 1039
1039 582 680
582 680 1039
1007 1449 2362
1449 1007 2362
2362 1007 1449
2516 501 2073
501 2073 2516
2073 501 2516
1923 711 1082
1082 711 1923
711 1082 1923
2495 146 1269
1269 146 2495
146 1269 2495
874 618 1416
618 874 1416
1416 618 874
2850 476 2681
2681 476 2850
476 2681 2850
781 395 2357
395 781 2357
2357 395 781
1372 661 1877
1877 661 1372
661 1372 1877
2247 1716 1816
1816 1716 2247
1716 1816 2247
1370 29 1299
29 1299 1370
1299 29 1370
2937 2178 2321
2321 2178 2937
2178 2321 2937
1494 928 974
928 974 1494
974 928 1494
1257 1225 1398
1398 1225 1257
1225 1257 1398
229 1246 1658
1658 229 1246
1246 229 1658
735 71 1379
1379 71 735
71 735 1379
1099 1162 2703
2703 1099 1162
1162 1099 2703
2644 394 1666
1666 394 2644
394 1666 2644
2573 1959 1983
1959 1983 2573
1983 1959 2573
2787 560 1971
560 1971 2787
1971 560 2787
1836 1624 2456
1624 1836 2456
2456 1624 1836
1170 419 2379
419 1170 2379
2379 419 1170
1762 403 2864
403 1762 2864
2864 403 1762
1991 1066 1966
1966 1066 1991
1066 1966 1991
2654 91 1141
1141 91 2654
91 1141 2654
2768 37 1427
1427 37 2768
37 1427 2768
1597 654 1283
1283 654 1597
654 1283 1597
1789 978 2940
978 1789 2940
2940 978 1789
797 412 1335
412 797 1335
1335 412 797
1012 242 2873
2873 242 1012
242 1012 2873
1688 637 1121
1121 637 1688
637 1121 1688
1086 429 658
658 429 1086
429 658 1086
515 1297 2184
2184 515 1297
1297 515 2184
1336 2390 2678
2390 1336 2678
2678 1336 2390
914 514 2176
514 914 2176
2176 514 914
1978 2436 2618
2618 1978 2436
2436 1978 2618
1223 455 1421
455 1223 1421
1421 455 1223
1906 1784 2693
2693 1784 1906
1784 1906 2693
966 2408 2897
2897 966 2408
2408 966 2897
1529 124 1550
124 1529 1550
1550 124 1529
2295 2226 2565
2226 2295 2565
2565 2226 2295
518 2347 2530
2347 518 2530
2530 518 2347
1365 623 2150
623 1365 2150
2150 623 1365
381 705 1712
1712 381 705
705 381 1712
2648 166 1610
1610 166 2648
166 1610 2648
2250 631 2248
2248 631 2250
631 2248 2250
2146 1077 1355
1355 1077 2146
1077 1355 2146
418 1043 1160
1043 418 1160
1160 418 1043
1224 495 2812
495 1224 2812
2812 495 1224
1767 971 2020
971 1767 2020
2020 971 1767
79 1196 2926
2926 79 1196
1196 79 2926
2532 1325 2603
1325 2532 2603
2603 1325 2532
292 2267 2669
2267 292 2669
2669 292 2267
1253 727 2419
727 1253 2419
2419 727 1253
1065 1478 2755
1478 1065 2755
2755 1065 1478
1842 976 1015
976 1015 1842
1015 976 1842
1967 906 2561
906 1967 2561
2561 906 1967
1030 386 581
581 386 1030
386 581 1030
1863 42 793
793 42 1863
42 793 1863
2922 1676 2270
2270 1676 2922
1676 2270 2922
2670 324 1582
324 1582 2670
1582 324 2670
1426 930 2815
930 1426 2815
2815 930 1426
1198 800 2698
2698 800 1198
800 1198 2698
380 55 1899
55 380 1899
1899 55 380
1807 137 621
621 137 1807
137 621 1807
2361 569 2229
2229 569 2361
569 2229 2361
532 577 1827
1827 532 577
577 532 1827
1235 24 2774
2774 24 1235
24 1235 2774
3 1153 2785
1153 3 2785
2785 3 1153
2384 2455 2539
2539 2384 2455
2455 2384 2539
1275 164 1071
1071 164 1275
164 1071 1275
1598 1976 2723
2723 1598 1976
1976 1598 2723
2918 47 1766
1766 47 2918
47 1766 2918
2759 1115 1404
1404 1115 2759
1115 1404 2759
422 1487 2952
2952 422 1487
1487 422 2952
1826 109 1734
109 1734 1826
1734 109 1826
436 1037 2626
2626 436 1037
1037 436 2626
2027 66 1603
66 1603 2027
1603 66 2027
729 1106 1926
1926 729 1106
1106 729 1926
1596 245 1400
1400 245 1596
245 1400 1596
2784 977 1546
1546 977 2784
977 1546 2784
434 896 1130
896 434 1130
1130 434 896
1453 1643 1944
1944 1453 1643
1643 1453 1944
2199 1730 2883
2883 1730 2199
1730 2199 2883
356 528 2046
528 356 2046
2046 356 528
231 435 1616
1616 231 435
435 231 1616
2682 522 1949
522 1949 2682
1949 522 2682
558 384 1703
1703 384 558
384 558 1703
2602 697 883
697 883 2602
883 697 2602
960 644 2515
2515 644 960
644 960 2515
2076 749 2018
2018 749 2076
749 2018 2076
2521 1197 2816
1197 2521 2816
2816 1197 2521
2979 225 1686
225 1686 2979
1686 225 2979
2003 1003 2334
1003 2003 2334
2334 1003 2003
2956 1631 2315
1631 2315 2956
2315 1631 2956
1483 1973 2853
2853 1483 1973
1973 1483 2853
568 1653 1867
1867 568 1653
1653 568 1867
1868 2084 2483
2483 1868 2084
2084 1868 2483
1737 288 2215
288 1737 2215
2215 288 1737
2741 1668 2925
2925 1668 2741
1668 2741 2925
1512 2251 2782
2782 1512 2251
2251 1512 2782
1045 156 1488
1488 156 1045
156 1045 1488
203 1 243
243 1 203
1 203 243
2151 2195 2481
2481 2151 2195
2195 2151 2481
2059 1118 2504
2504 1118 2059
1118 2059 2504
62 1835 2837
1835 62 2837
2837 62 1835
1623 179 2264
179 1623 2264
2264 179 1623
2801 1436 1929
1929 1436 2801
1436 1929 2801
2117 1095 1451
1095 1451 2117
1451 1095 2117
2802 1177 1316
1177 1316 2802
1316 1177 2802
2161 1172 2668
2668 1172 2161
1172 2161 2668
2007 299 353
353 299 2007
299 353 2007
2932 425 1085
1085 425 2932
425 1085 2932
2658 685 955
685 955 2658
955 685 2658
627 2363 2449
2363 627 2449
2449 627 2363
1187 616 2145
616 1187 2145
2145 616 1187
860 445 2870
445 860 2870
2870 445 860
1031 1571 2767
2767 1031 1571
1571 1031 2767
1001 1461 2660
1461 1001 2660
2660 1001 1461
2238 16 2035
16 2035 2238
2035 16 2238
1846 1943 2817
1943 1846 2817
2817 1846 1943
107 89 1625
1625 89 107
89 107 1625
1720 174 2687
2687 174 1720
174 1720 2687
325 100 600
100 325 600
600 100 325
2536 2617 2821
2617 2536 2821
2821 2536 2617
674 73 2200
73 674 2200
2200 73 674
2174 461 1408
1408 461 2174
461 1408 2174
1695 1689 1837
1837 1689 1695
1689 1695 1837
1326 2569 2795
2795 1326 2569
2569 1326 2795
1605 1140 2550
2550 1140 1605
1140 1605 2550
673 2612 2834
2834 673 2612
2612 673 2834
57 1062 1662
1062 57 1662
1662 57 1062
14 1185 1406
1406 14 1185
1185 14 1406
2562 881 2265
881 2265 2562
2265 881 2562
1898 1881 2524
1881 1898 2524
2524 1881 1898
1896 617 1356
1356 617 1896
617 1356 1896
2659 1027 2301
1027 2301 2659
2301 1027 2659
228 1535 1645
1645 228 1535
1535 228 1645
38 772 1078
772 38 1078
1078 38 772
2964 474 1456
474 1456 2964
1456 474 2964
2882 1654 2227
2227 1654 2882
1654 2227 2882
1570 494 864
494 864 1570
864 494 1570
447 2665 2836
2665 447 2836
2836 447 2665
1723 545 2096
2096 545 1723
545 1723 2096
2757 218 1249
218 1249 2757
1249 218 2757
2029 1822 2037
1822 2029 2037
2037 1822 2029
2508 1371 2298
1371 2298 2508
2298 1371 2508
717 257 1341
1341 257 717
257 717 1341
780 313 393
393 313 780
313 393 780
986 1780 2268
1780 986 2268
2268 986 1780
712 160 954
954 160 712
160 712 954
2044 642 848
848 642 2044
642 848 2044
2711 1126 1231
1126 1231 2711
1231 1126 2711
721 247 2460
2460 247 721
247 721 2460
2230 542 2336
2336 542 2230
542 2230 2336
1861 2647 2747
2747 1861 2647
2647 1861 2747
604 1521 2636
2636 604 1521
1521 604 2636
1161 22 1432
1432 22 1161
22 1161 1432
523 125 1367
1367 125 523
125 523 1367
1280 952 1601
1601 952 1280
952 1280 1601
19 1111 2529
2529 19 1111
1111 19 2529
2388 554 1770
554 1770 2388
1770 554 2388
1993 853 1358
1358 853 1993
853 1358 1993
1048 433 2700
433 1048 2700
2700 433 1048
2177 1713 2043
2043 1713 2177
1713 2043 2177
2957 2034 2468
2468 2034 2957
2034 2468 2957
2738 309 606
309 606 2738
606 309 2738
2525 421 2632
2632 421 2525
421 2525 2632
1739 871 2022
871 1739 2022
2022 871 1739
1144 1633 2197
1633 1144 2197
2197 1144 1633
2077 278 2114
2114 278 2077
278 2077 2114
1651 50 2068
50 1651 2068
2068 50 1651
911 660 2879
660 911 2879
2879 660 911
2542 1470 2537
2537 1470 2542
1470 2537 2542
330 379 2038
379 330 2038
2038 330 379
1680 90 428
90 428 1680
428 90 1680
963 1313 2840
1313 963 2840
2840 963 1313
1310 970 2220
970 1310 2220
2220 970 1310
2242 1953 2172
1953 2172 2242
2172 1953 2242
2927 4 2106
2106 4 2927
4 2106 2927
337 1222 2633
2633 337 1222
1222 337 2633
2811 937 2196
2196 937 2811
937 2196 2811
2638 1706 2424
2424 1706 2638
1706 2424 2638
1640 534 1650
1650 534 1640
534 1640 1650
1874 138 2380
138 1874 2380
2380 138 1874
695 1334 1526
1526 695 1334
1334 695 1526
1806 565 2485
565 1806 2485
2485 565 1806
1818 184 264
264 184 1818
184 264 1818
2640 682 2375
682 2375 2640
2375 682 2640
1201 312 2519
2519 312 1201
312 1201 2519
1040 1503 2982
2982 1040 1503
1503 1040 2982
1385 2275 2675
2275 1385 2675
2675 1385 2275
220 11 1815
11 220 1815
1815 11 220
1022 2111 2959
2959 1022 2111
2111 1022 2959
401 1132 1392
1392 401 1132
1132 401 1392
105 1443 2171
2171 105 1443
1443 105 2171
1038 888 923
888 923 1038
923 888 1038
2846 1337 2820
2820 1337 2846
1337 2820 2846
2691 823 2299
823 2299 2691
2299 823 2691
2578 1902 2854
2854 1902 2578
1902 2578 2854
2860 1291 1736
1291 1736 2860
1736 1291 2860
2085 2036 2139
2036 2085 2139
2139 2036 2085
834 72 2639
72 834 2639
2639 72 834
1499 1329 2040
2040 1329 1499
1329 1499 2040
2995 52 1266
52 1266 2995
1266 52 2995
2118 939 1424
1424 939 2118
939 1424 2118
1726 692 1210
692 1210 1726
1210 692 1726
1696 1779 2103
1779 1696 2103
2103 1696 1779
2045 770 2833
2833 770 2045
770 2045 2833
1435 104 999
104 999 1435
999 104 1435
200 367 2653
367 200 2653
2653 200 367
304 541 771
541 304 771
771 304 541
1151 544 1447
1447 544 1151
544 1151 1447
1128 1087 1402
1402 1087 1128
1087 1128 1402
2939 449 1675
449 1675 2939
1675 449 2939
1298 2341 2625
2625 1298 2341
2341 1298 2625
1757 1376 2325
2325 1376 1757
1376 1757 2325
2615 442 1263
1263 442 2615
442 1263 2615
2589 1536 2280
1536 2280 2589
2280 1536 2589
462 991 2731
991 462 2731
2731 462 991
2236 840 1551
840 1551 2236
1551 840 2236
898 1217 1292
1217 898 1292
1292 898 1217
375 2500 2756
2500 375 2756
2756 375 2500
760 408 2951
408 760 2951
2951 408 760
2610 2091 2522
2091 2522 2610
2522 2091 2610
979 798 1661
1661 798 979
798 979 1661
1353 587 706
587 706 1353
706 587 1353
732 111 1851
1851 111 732
111 732 1851
1369 241 2752
2752 241 1369
241 1369 2752
30 477 2762
2762 30 477
477 30 2762
584 1020 2011
1020 584 2011
2011 584 1020
1960 751 2060
2060 751 1960
751 1960 2060
1173 1964 2465
1964 1173 2465
2465 1173 1964
2412 1271 2923
2923 1271 2412
1271 2412 2923
820 219 2734
219 820 2734
2734 219 820
2683 821 2776
2776 821 2683
821 2683 2776
2528 212 2438
2438 212 2528
212 2438 2528
1480 2063 2958
2063 1480 2958
2958 1480 2063
1735 85 2585
2585 85 1735
85 1735 2585
2673 552 709
552 709 2673
709 552 2673
1611 1687 1873
1873 1611 1687
1687 1611 1873
909 256 2305
256 909 2305
2305 256 909
2792 310 1514
1514 310 2792
310 1514 2792
238 659 1473
659 238 1473
1473 238 659
2421 286 2090
2090 286 2421
286 2090 2421
686 933 1290
933 686 1290
1290 686 933
1522 488 759
488 759 1522
759 488 1522
2949 468 2724
2724 468 2949
468 2724 2949
1508 807 1320
1320 807 1508
807 1320 1508
594 647 1256
1256 594 647
647 594 1256
2201 1116 2908
2908 1116 2201
1116 2201 2908
1865 40 603
40 603 1865
603 40 1865
2180 496 1942
1942 496 2180
496 1942 2180
510 716 953
953 510 716
716 510 953
1793 484 1285
484 1285 1793
1285 484 1793
633 980 2420
980 633 2420
2420 633 980
1230 1148 2586
1148 1230 2586
2586 1148 1230
2409 1825 2458
2458 1825 2409
1825 2409 2458
905 305 2405
2405 305 905
305 905 2405
774 962 2162
2162 774 962
962 774 2162
2861 1626 2978
2978 1626 2861
1626 2861 2978
41 373 1094
373 41 1094
1094 41 373
65 420 1866
420 65 1866
1866 65 420
2479 746 2307
2307 746 2479
746 2307 2479
152 387 2157
2157 152 387
387 152 2157
481 2441 2596
2441 481 2596
2596 481 2441
2624 1569 2599
2599 1569 2624
1569 2599 2624
1709 1961 2269
1961 1709 2269
2269 1709 1961
74 1169 1710
1169 74 1710
1710 74 1169
2319 742 2720
2720 742 2319
742 2319 2720
2971 326 546
326 546 2971
546 326 2971
28 1918 2234
1918 28 2234
2234 28 1918
1258 619 1308
1308 619 1258
619 1258 1308
2418 855 1442
1442 855 2418
855 1442 2418
1138 1191 1895
1191 1138 1895
1895 1138 1191
2013 1309 1506
1309 1506 2013
1506 1309 2013
811 1394 2581
1394 811 2581
2581 811 1394
1573 1075 2303
2303 1075 1573
1075 1573 2303
1620 1824 2548
1824 1620 2548
2548 1620 1824
1276 2773 2924
2924 1276 2773
2773 1276 2924
407 1090 1433
1090 407 1433
1433 407 1090
2947 20 1919
1919 20 2947
20 1919 2947
2934 489 1152
1152 489 2934
489 1152 2934
2263 64 1323
1323 64 2263
64 1323 2263
1430 1871 2204
2204 1430 1871
1871 1430 2204
2387 889 1056
1056 889 2387
889 1056 2387
2256 837 1969
837 1969 2256
1969 837 2256
2277 750 1311
1311 750 2277
750 1311 2277
2598 1636 2183
2183 1636 2598
1636 2183 2598
2086 333 714
333 714 2086
714 333 2086
210 453 1214
1214 210 453
453 210 1214
454 734 1566
1566 454 734
734 454 1566
688 1074 1322
1322 688 1074
1074 688 1322
327 1434 2309
1434 327 2309
2309 327 1434
2584 666 2450
666 2450 2584
2450 666 2584
1252 1110 1862
1110 1252 1862
1862 1110 1252
2590 768 1463
1463 768 2590
768 1463 2590
2970 836 968
968 836 2970
836 968 2970
176 1471 2520
1471 176 2520
2520 176 1471
782 1244 1288
1288 782 1244
1244 782 1288
2350 440 2789
2789 440 2350
440 2350 2789
1466 371 1098
1098 371 1466
371 1098 1466
2048 908 1399
1399 908 2048
908 1399 2048
187 276 1859
1859 187 276
276 187 1859
51 1464 2246
1464 51 2246
2246 51 1464
1377 1243 1845
1845 1243 1377
1243 1377 1845
251 1788 2023
2023 251 1788
1788 251 2023
1315 1182 2284
2284 1182 1315
1182 1315 2284
388 263 1504
263 388 1504
1504 263 388
720 457 2459
457 720 2459
2459 457 720
2859 1510 2241
1510 2241 2859
2241 1510 2859
1175 215 2919
215 1175 2919
2919 215 1175
2206 132 246
246 132 2206
132 246 2206
2115 597 2928
2928 597 2115
597 2115 2928
36 2490 2851
2851 36 2490
2490 36 2851
1635 2261 2469
2261 1635 2469
2469 1635 2261
701 27 1131
27 701 1131
1131 27 701
1046 810 2343
810 1046 2343
2343 810 1046
1803 1208 1714
1208 1714 1803
1714 1208 1803
1366 194 838
838 194 1366
194 838 1366
154 2425 2998
2425 154 2998
2998 154 2425
209 1641 2766
2766 209 1641
1641 209 2766
363 1496 2905
2905 363 1496
1496 363 2905
2432 271 361
361 271 2432
271 361 2432
2 217 2411
217 2 2411
2411 2 217
2730 2190 2273
2273 2190 2730
2190 2273 2730
250 777 870
777 250 870
870 250 777
2807 413 2464
2464 413 2807
413 2464 2807
610 1927 2271
2271 610 1927
1927 610 2271
2472 302 1331
302 1331 2472
1331 302 2472
142 1893 2936
1893 142 2936
2936 142 1893
2715 478 867
867 478 2715
478 867 2715
2874 397 2439
397 2439 2874
2439 397 2874
9 827 2944
2944 9 827
827 9 2944
2211 1448 1538
1448 1538 2211
1538 1448 2211
2276 1070 1429
1070 1429 2276
1429 1070 2276
2278 550 2257
2257 550 2278
550 2257 2278
2511 1545 2555
2555 1545 2511
1545 2511 2555
134 382 2320
382 134 2320
2320 134 382
2566 171 1955
1955 171 2566
171 1955 2566
972 1580 2223
2223 972 1580
1580 972 2223
127 847 1638
1638 127 847
847 127 1638
1444 83 2218
2218 83 1444
83 1444 2218
2072 1156 1232
1156 1232 2072
1232 1156 2072
2358 917 2684
917 2358 2684
2684 917 2358
1814 493 2867
2867 493 1814
493 1814 2867
2642 612 1567
612 1567 2642
1567 612 2642
520 2848 2945
2848 520 2945
2945 520 2848
369 562 987
562 369 987
987 369 562
1364 193 1440
1440 193 1364
193 1364 1440
2193 1446 1699
1699 1446 2193
1446 1699 2193
1073 556 2568
2568 556 1073
556 1073 2568
2078 1593 2554
2554 1593 2078
1593 2078 2554
341 1986 2553
1986 341 2553
2553 341 1986
2750 2641 2960
2641 2750 2960
2960 2641 2750
1117 161 1870
1870 161 1117
161 1117 1870
1475 796 1798
1798 796 1475
796 1475 1798
2365 1590 2428
1590 2365 2428
2428 1590 2365
1725 1744 2510
1744 1725 2510
2510 1725 1744
1018 1492 2392
2392 1018 1492
1492 1018 2392
1068 267 1158
1158 267 1068
267 1068 1158
1634 485 1476
485 1476 1634
1476 485 1634
1207 2255 2826
2255 1207 2826
2826 1207 2255
2467 575 1279
1279 575 2467
575 1279 2467
392 2437 2994
2994 392 2437
2437 392 2994
1786 818 2374
818 1786 2374
2374 818 1786
347 316 2245
2245 316 347
316 347 2245
2429 204 2699
204 2429 2699
2699 204 2429
2120 499 1773
1773 499 2120
499 1773 2120
153 2740 2804
2740 153 2804
2804 153 2740
1211 741 2451
2451 741 1211
741 1211 2451
1632 140 1692
1692 140 1632
140 1632 1692
417 535 2266
535 417 2266
2266 417 535
362 1390 2447
2447 362 1390
1390 362 2447
1963 163 1092
163 1092 1963
1092 163 1963
814 1333 2881
1333 814 2881
2881 814 1333
1853 139 1060
1060 139 1853
139 1060 1853
778 1732 2887
2887 778 1732
1732 778 2887
1644 1694 2316
1694 1644 2316
2316 1644 1694
1437 1972 2010
2010 1437 1972
1972 1437 2010
880 763 2753
2753 763 880
763 880 2753
2300 272 1578
1578 272 2300
272 1578 2300
2108 513 2318
513 2108 2318
2318 513 2108
2560 78 2839
2839 78 2560
78 2560 2839
1330 255 624
624 255 1330
255 624 1330
1743 115 601
115 601 1743
601 115 1743
2652 1727 2904
2904 1727 2652
1727 2652 2904
1164 120 2575
120 1164 2575
2575 120 1164
2862 737 1204
737 1204 2862
1204 737 2862
2087 839 2868
2868 839 2087
839 2087 2868
2954 915 2378
2378 915 2954
915 2378 2954
2240 726 2901
726 2240 2901
2901 726 2240
1501 1581 2228
2228 1501 1581
1581 1501 2228
959 460 512
512 460 959
460 512 959
287 794 1527
794 287 1527
1527 287 794
2965 6 869
6 869 2965
869 6 2965
2064 804 2082
804 2064 2082
2082 804 2064
2634 1242 1619
1242 1619 2634
1619 1242 2634
788 526 748
526 748 788
748 526 788
2445 992 1715
992 1715 2445
1715 992 2445
1047 1678 2666
2666 1047 1678
1678 1047 2666
1880 167 1768
1768 167 1880
167 1768 1880
1009 2311 2333
2333 1009 2311
2311 1009 2333
389 2116 2692
2116 389 2692
2692 389 2116
858 1000 2876
2876 858 1000
1000 858 2876
2591 34 2535
2535 34 2591
34 2535 2591
2382 693 826
826 693 2382
693 826 2382
1948 580 2987
580 1948 2987
2987 580 1948
912 350 1342
1342 350 912
350 912 1342
2770 1076 2400
2400 1076 2770
1076 2400 2770
529 1368 2024
1368 529 2024
2024 529 1368
1970 563 1287
1287 563 1970
563 1287 1970
2167 949 2330
2330 949 2167
949 2167 2330
2288 1425 2232
2232 1425 2288
1425 2232 2288
1852 1585 2496
1585 1852 2496
2496 1585 1852
2376 895 1533
895 1533 2376
1533 895 2376
2672 1083 1307
1307 1083 2672
1083 1307 2672
366 609 622
622 366 609
609 366 622
1997 1251 1414
1251 1414 1997
1414 1251 1997
351 291 2224
291 351 2224
2224 291 351
1721 740 944
740 944 1721
944 740 1721
521 1493 2457
1493 521 2457
2457 521 1493
2434 1999 2366
1999 2366 2434
2366 1999 2434
2071 671 1457
671 1457 2071
1457 671 2071
882 614 1178
1178 614 882
614 882 1178
232 2394 2969
2969 232 2394
2394 232 2969
762 2109 2188
2188 762 2109
2109 762 2188
1681 1021 1139
1021 1139 1681
1139 1021 1681
1411 872 2984
872 1411 2984
2984 872 1411
1765 2259 2370
2259 1765 2370
2370 1765 2259
684 281 997
997 281 684
281 684 997
2938 1284 2310
1284 2310 2938
2310 1284 2938
2990 275 2110
275 2110 2990
2110 275 2990
2393 108 2739
108 2393 2739
2739 108 2393
2733 650 2194
2194 650 2733
650 2194 2733
2896 1294 2877
2877 1294 2896
1294 2877 2896
824 1460 2047
1460 824 2047
2047 824 1460
53 539 946
946 53 539
539 53 946
984 1486 2852
1486 984 2852
2852 984 1486
2124 757 2410
757 2124 2410
2410 757 2124
1772 1195 1843
1843 1195 1772
1195 1772 1843
135 657 1301
657 135 1301
1301 135 657
1300 1855 2191
1855 1300 2191
2191 1300 1855
931 738 983
738 931 983
983 738 931
1498 1802 2149
1802 1498 2149
2149 1498 1802
1878 2765 2967
2765 1878 2967
2967 1878 2765
1293 1763 2664
1763 1293 2664
2664 1293 1763
722 828 1509
1509 722 828
828 722 1509
227 878 2448
2448 227 878
878 227 2448
1146 1683 2164
2164 1146 1683
1683 1146 2164
2222 1250 1841
1250 1841 2222
1841 1250 2222
430 668 885
668 430 885
885 430 668
1520 172 2993
2993 172 1520
172 1520 2993
703 724 1477
1477 703 724
724 703 1477
1672 277 2742
277 1672 2742
2742 277 1672
480 1439 1833
1833 480 1439
1439 480 1833
921 328 1459
328 921 1459
1459 328 921
2100 1717 2857
1717 2100 2857
2857 1717 2100
2871 670 683
683 670 2871
670 683 2871
1041 1063 2312
1063 1041 2312
2312 1041 1063
1524 1393 2313
2313 1393 1524
1393 1524 2313
1516 1011 2134
1011 1516 2134
2134 1011 1516
2902 969 1812
969 1812 2902
1812 969 2902
1857 368 2461
368 1857 2461
2461 368 1857
1346 1894 2317
2317 1346 1894
1894 1346 2317
1848 766 2571
766 1848 2571
2571 766 1848
2574 1010 1450
1010 1450 2574
1450 1010 2574
216 283 2279
283 216 2279
2279 216 283
196 1025 1731
1731 196 1025
1025 196 1731
2233 2287 2331
2287 2233 2331
2331 2233 2287
2819 1205 1738
1738 1205 2819
1205 1738 2819
2000 795 2674
795 2000 2674
2674 795 2000
1719 175 1417
175 1417 1719
1417 175 1719
2503 198 553
198 553 2503
553 198 2503
2359 2875 2884
2884 2359 2875
2875 2359 2884
2786 625 1157
625 1157 2786
1157 625 2786
254 835 2620
2620 254 835
835 254 2620
473 130 400
400 130 473
130 400 473
60 2487 2892
2487 60 2892
2892 60 2487
1785 1613 2606
2606 1613 1785
1613 1785 2606
2198 1903 2332
1903 2198 2332
2332 1903 2198
527 360 1176
1176 360 527
360 527 1176
1088 1462 1781
1462 1088 1781
1781 1088 1462
136 409 1183
409 136 1183
1183 136 409
1548 533 536
536 533 1548
533 536 1548
2941 1740 2395
2395 1740 2941
1740 2395 2941
2799 672 2121
2121 672 2799
672 2121 2799
1360 2397 2977
2397 1360 2977
2977 1360 2397
2069 995 2254
995 2069 2254
2254 995 2069
842 639 2903
639 842 2903
2903 639 842
358 2414 2531
2531 358 2414
2414 358 2531
1886 1137 2274
2274 1137 1886
1137 1886 2274
2339 948 2056
948 2056 2339
2056 948 2339
1281 385 2207
385 1281 2207
2207 385 1281
121 1834 2688
2688 121 1834
1834 121 2688
2962 259 1697
259 1697 2962
1697 259 2962
1568 1630 2891
1630 1568 2891
2891 1568 1630
1911 322 2841
322 1911 2841
2841 322 1911
483 2136 2878
2136 483 2878
2878 483 2136
2779 1594 2604
1594 2604 2779
2604 1594 2779
993 1081 2721
2721 993 1081
1081 993 2721
1755 2344 2505
2344 1755 2505
2505 1755 2344
13 178 725
725 13 178
178 13 725
815 1401 2055
1401 815 2055
2055 815 1401
211 2470 2545
2470 211 2545
2545 211 2470
2597 472 1511
472 1511 2597
1511 472 2597
1005 2019 2800
2800 1005 2019
2019 1005 2800
2513 157 2629
157 2513 2629
2629 157 2513
1774 253 2813
253 1774 2813
2813 253 1774
1154 1587 1897
1897 1154 1587
1587 1154 1897
173 764 1395
1395 173 764
764 173 1395
1339 1691 2306
1691 1339 2306
2306 1339 1691
1215 1935 2079
2079 1215 1935
1935 1215 2079
1553 113 162
113 162 1553
162 113 1553
2028 188 676
188 676 2028
676 188 2028
2453 2486 2716
2716 2453 2486
2486 2453 2716
940 832 1383
832 940 1383
1383 832 940
2614 2021 2407
2407 2021 2614
2021 2407 2614
2781 681 2092
2092 681 2781
681 2092 2781
273 1648 1667
1667 273 1648
1648 273 1667
1267 2398 2526
2398 1267 2526
2526 1267 2398
1940 808 1220
808 1220 1940
1220 808 1940
789 133 2372
2372 133 789
133 789 2372
941 817 2814
817 941 2814
2814 817 941
1921 851 2221
2221 851 1921
851 1921 2221
1794 183 2894
183 1794 2894
2894 183 1794
470 303 1412
1412 303 470
303 470 1412
284 426 1888
426 284 1888
1888 284 426
1602 143 531
143 531 1602
531 143 1602
2745 802 2564
2564 802 2745
802 2564 2745
269 2433 2619
2619 269 2433
2433 269 2619
467 571 2593
571 467 2593
2593 467 571
2963 1127 1413
1413 1127 2963
1127 1413 2963
2159 956 1112
1112 956 2159
956 1112 2159
1467 1751 1884
1884 1467 1751
1751 1467 1884
2493 2381 2863
2381 2493 2863
2863 2381 2493
2422 498 2205
498 2205 2422
2205 498 2422
2722 226 1718
226 1718 2722
1718 226 2722
593 1838 2872
2872 593 1838
1838 593 2872
1422 81 1707
81 1422 1707
1707 81 1422
1537 664 698
664 698 1537
698 664 1537
2213 451 1420
1420 451 2213
451 1420 2213
964 1882 2492
2492 964 1882
1882 964 2492
2282 926 2631
2631 926 2282
926 2282 2631
2328 1729 1938
1938 1729 2328
1729 1938 2328
2696 1914 2075
2075 1914 2696
1914 2075 2696
1108 816 981
816 981 1108
981 816 1108
566 129 170
170 129 566
129 170 566
2818 936 1348
1348 936 2818
936 1348 2818
2594 945 1167
945 1167 2594
1167 945 2594
551 638 2718
638 551 2718
2718 551 638
1491 1996 2260
2260 1491 1996
1996 1491 2260
1270 76 707
707 76 1270
76 707 1270
32 2701 2909
2701 32 2909
2909 32 2701
1058 307 2158
2158 307 1058
307 1058 2158
902 783 2430
783 902 2430
2430 783 902
2985 516 1748
516 1748 2985
1748 516 2985
1916 595 863
595 863 1916
863 595 1916
314 1103 1305
1305 314 1103
1103 314 1305
1221 1218 2797
1218 1221 2797
2797 1218 1221
786 131 1350
1350 131 786
131 786 1350
765 258 2404
2404 258 765
258 765 2404
2808 994 2973
994 2808 2973
2973 994 2808
775 1321 1782
1321 775 1782
1782 775 1321
1559 1753 2657
1753 1559 2657
2657 1559 1753
2704 2290 2953
2953 2290 2704
2290 2704 2953
376 249 1801
249 376 1801
1801 249 376
503 465 2645
465 503 2645
2645 465 503
1925 438 886
438 886 1925
886 438 1925
282 1754 2916
2916 282 1754
1754 282 2916
2123 2558 2726
2726 2123 2558
2558 2123 2726
1809 1091 2129
2129 1091 1809
1091 1809 2129
687 319 459
319 459 687
459 319 687
559 841 1820
1820 559 841
841 559 1820
1212 1181 2030
1181 1212 2030
2030 1181 1212
2214 2181 2547
2181 2214 2547
2547 2181 2214
1458 270 2137
2137 270 1458
270 1458 2137
648 411 1690
1690 411 648
411 648 1690
1787 1612 1811
1612 1787 1811
1811 1612 1787
2351 517 1910
517 1910 2351
1910 517 2351
1800 1135 1932
1135 1800 1932
1932 1135 1800
1745 423 2983
2983 423 1745
423 1745 2983
2216 500 2329
500 2216 2329
2329 500 2216
1622 290 822
822 290 1622
290 822 1622
1445 1381 1525
1381 1445 1525
1525 1381 1445
2097 2385 2783
2385 2097 2783
2783 2097 2385
80 1084 2825
1084 80 2825
2825 80 1084
918 181 2143
181 918 2143
2143 181 918
1831 879 2748
2748 879 1831
879 1831 2748
1489 1255 1387
1255 1387 1489
1387 1255 1489
2546 850 2506
2506 850 2546
850 2506 2546
2844 1113 2764
2764 1113 2844
1113 2764 2844
2717 809 1357
809 1357 2717
1357 809 2717
2130 114 492
492 114 2130
114 492 2130
301 7 92
92 7 301
7 92 301
547 86 2104
2104 86 547
86 547 2104
145 530 2165
530 145 2165
2165 145 530
1505 300 340
300 340 1505
340 300 1505
39 1166 1746
1746 39 1166
1166 39 1746
876 704 907
704 876 907
907 704 876
2714 589 2588
589 2588 2714
2588 589 2714
1206 317 894
317 894 1206
894 317 1206
1061 93 2955
93 1061 2955
2955 93 1061
1186 592 1028
592 1028 1186
1028 592 1186
5 365 2494
2494 5 365
365 5 2494
2133 1105 1216
1105 1216 2133
1216 1105 2133
195 2706 2942
2942 195 2706
2706 195 2942
2499 482 776
776 482 2499
482 776 2499
1332 812 1233
1233 812 1332
812 1233 1332
1747 1454 2915
1454 1747 2915
2915 1454 1747
1179 744 2972
2972 744 1179
744 1179 2972
1407 645 2443
645 1407 2443
2443 645 1407
2869 1013 2061
2061 1013 2869
1013 2061 2869
1705 958 1472
1472 958 1705
958 1472 1705
2099 1890 1917
1917 1890 2099
1890 1917 2099
1513 2736 2829
2829 1513 2736
2736 1513 2829
450 296 1946
296 450 1946
1946 296 450
779 2322 2338
2322 779 2338
2338 779 2322
585 102 2127
102 585 2127
2127 102 585
2403 169 2893
169 2403 2893
2893 169 2403
56 165 1199
1199 56 165
165 56 1199
2622 1564 1764
1764 1564 2622
1564 1764 2622
427 1349 1832
1832 427 1349
1349 427 1832
439 112 1552
1552 112 439
112 439 1552
141 1523 1988
1523 141 1988
1988 141 1523
1317 119 126
119 126 1317
126 119 1317
1752 932 985
985 932 1752
932 985 1752
1386 377 2383
2383 377 1386
377 1386 2383
925 364 2751
364 925 2751
2751 364 925
665 861 2217
2217 665 861
861 665 2217
573 1229 2886
1229 573 2886
2886 573 1229
719 206 1237
206 719 1237
1237 206 719
615 2126 2933
2126 615 2933
2933 615 2126
2402 2474 2997
2474 2402 2997
2997 2402 2474
1150 1860 2083
1860 1150 2083
2083 1150 1860
868 1887 2203
2203 868 1887
1887 868 2203
1378 1008 1617
1008 1378 1617
1617 1008 1378
753 77 1245
77 753 1245
1245 77 753
583 574 2592
2592 574 583
574 583 2592
1954 2431 2920
2431 1954 2920
2920 1954 2431
2208 437 1354
1354 437 2208
437 1354 2208
635 1534 2988
2988 635 1534
1534 635 2988
2888 252 502
252 502 2888
502 252 2888
884 2101 2943
2101 884 2943
2943 884 2101
1431 147 1363
147 1363 1431
1363 147 1431
2163 1724 2335
1724 2163 2335
2335 1724 2163
1474 2062 2690
2062 1474 2690
2690 1474 2062
59 1541 1649
1541 59 1649
1649 59 1541
1586 2032 2154
2032 1586 2154
2154 1586 2032
48 1540 2746
2746 48 1540
1540 48 2746
1303 260 1856
260 1303 1856
1856 260 1303
2371 1663 1987
1987 1663 2371
1663 1987 2371
2225 248 1236
248 1236 2225
1236 248 2225
338 391 1542
391 338 1542
1542 338 391
323 1002 2160
2160 323 1002
1002 323 2160
1607 149 1145
149 1145 1607
1145 149 1607
1502 1682 2088
2088 1502 1682
1682 1502 2088
2373 431 2707
431 2373 2707
2707 431 2373
2252 805 2289
2289 805 2252
805 2252 2289
2058 221 1042
221 1042 2058
1042 221 2058
234 1359 2719
2719 234 1359
1359 234 2719
2921 2544 2651
2651 2544 2921
2544 2651 2921
1029 1556 2929
1556 1029 2929
2929 1029 1556
2113 1282 2367
2367 1282 2113
1282 2113 2367
2314 35 1990
35 1990 2314
1990 35 2314
2976 1327 1338
1338 1327 2976
1327 1338 2976
1875 656 2166
2166 656 1875
656 1875 2166
1600 374 2093
374 1600 2093
2093 374 1600
441 1939 2847
1939 441 2847
2847 441 1939
2686 708 1397
1397 708 2686
708 1397 2686
21 653 691
653 21 691
691 21 653
990 487 628
487 628 990
628 487 990
463 1352 2601
2601 463 1352
1352 463 2601
87 747 1913
747 87 1913
1913 87 747
2041 1067 2244
1067 2041 2244
2244 1067 2041
1295 2324 2744
2744 1295 2324
2324 1295 2744
1247 1384 1847
1847 1247 1384
1384 1247 1847
1711 2070 2285
2070 1711 2285
2285 1711 2070
1583 2541 2737
2541 1583 2737
2737 1583 2541
975 2323 2865
2865 975 2323
2323 975 2865
2025 1219 1239
1219 1239 2025
1239 1219 2025
1226 148 2444
148 1226 2444
2444 148 1226
2637 49 2830
2830 49 2637
49 2637 2830
2480 916 2135
916 2135 2480
2135 916 2480
123 2122 2880
2122 123 2880
2880 123 2122
2272 988 1828
1828 988 2272
988 1828 2272
1147 662 1741
1741 662 1147
662 1147 1741
2796 1089 1829
1089 1829 2796
1829 1089 2796
1264 538 613
613 538 1264
538 613 1264
1374 1992 2128
1992 1374 2128
2128 1374 1992
2302 1289 2667
2667 1289 2302
1289 2302 2667
1584 201 679
201 679 1584
679 201 1584
2517 1107 1647
1647 1107 2517
1107 1647 2517
2806 803 1618
1618 803 2806
803 1618 2806
1760 1302 1817
1302 1760 1817
1817 1302 1760
2577 1380 1912
1912 1380 2577
1380 1912 2577
1936 1189 2655
1189 1936 2655
2655 1189 1936
1125 268 2466
268 1125 2466
2466 268 1125
1592 182 1129
1129 182 1592
182 1129 1592
2950 2249 2595
2595 2249 2950
2249 2595 2950
1539 2775 2794
2775 1539 2794
2794 1539 2775
2763 199 2360
199 2360 2763
2360 199 2763
1813 103 2518
2518 103 1813
103 1813 2518
1340 1547 2999
2999 1340 1547
1547 1340 2999
773 509 564
509 564 773
564 509 773
158 1704 2442
2442 158 1704
1704 158 2442
2476 1049 1484
1049 1484 2476
1484 1049 2476
801 1579 1614
1614 801 1579
1579 801 1614
2080 117 1345
117 1345 2080
1345 117 2080
626 1019 1324
1324 626 1019
1019 626 1324
1343 1174 2549
1174 1343 2549
2549 1174 1343
2828 1629 2416
1629 2416 2828
2416 1629 2828
2454 106 2772
2772 106 2454
106 2454 2772
2187 1051 2563
1051 2187 2563
2563 1051 2187
2484 224 713
713 224 2484
224 713 2484
1965 1673 1937
1673 1937 1965
1937 1673 1965
1994 2081 2608
2608 1994 2081
2081 1994 2608
1273 567 904
904 567 1273
567 904 1273
2890 2125 2793
2793 2125 2890
2125 2793 2890
973 2107 2803
2107 973 2803
