6720 6827 24113
6827 6720 24113
24113 6720 6827
6445 12396 28193
12396 6445 28193
28193 6445 12396
20527 14472 28446
28446 14472 20527
14472 20527 28446
13360 2313 16363
16363 2313 13360
2313 13360 16363
4432 8202 20409
8202 4432 20409
20409 4432 8202
26813 4272 20815
4272 20815 26813
20815 4272 26813
17378 17920 24321
17920 17378 24321
24321 17378 17920
322 12932 23643
23643 322 12932
12932 322 23643
3176 755 10166
755 3176 10166
10166 755 3176
18890 12908 28934
28934 12908 18890
12908 18890 28934
10728 21937 27371
21937 10728 27371
27371 10728 21937
29788 21151 27814
21151 27814 29788
27814 21151 29788
20545 9296 19463
9296 19463 20545
19463 9296 20545
18695 13069 13343
13069 13343 18695
13343 13069 18695
19065 3843 11197
3843 11197 19065
11197 3843 19065
10807 793 29756
793 10807 29756
29756 793 10807
26373 24294 26850
24294 26373 26850
26850 24294 26373
23934 2868 8987
8987 2868 23934
2868 8987 23934
13333 1958 26988
1958 13333 26988
26988 1958 13333
7238 4605 12453
4605 7238 12453
12453 4605 7238
27482 8341 18757
18757 8341 27482
8341 18757 27482
19325 1850 22632
1850 19325 22632
22632 1850 19325
9429 13246 18917
18917 9429 13246
13246 9429 18917
19571 23602 25765
25765 19571 23602
23602 19571 25765
8652 6664 20563
6664 8652 20563
20563 6664 8652
15010 10000 23394
23394 10000 15010
10000 15010 23394
21567 5095 23560
23560 5095 21567
5095 21567 23560
7582 6033 18528
6033 7582 18528
18528 6033 7582
27438 18471 25940
25940 18471 27438
18471 25940 27438
6363 2175 6894
2175 6363 6894
6894 2175 6363
26397 692 6277
6277 692 26397
692 6277 26397
16941 11367 20314
11367 16941 20314
20314 11367 16941
10701 14418 19221
19221 10701 14418
14418 10701 19221
10074 14994 18338
18338 10074 14994
14994 10074 18338
7067 12594 28505
28505 7067 12594
12594 7067 28505
29189 23378 27415
23378 27415 29189
27415 23378 29189
610 7164 24114
7164 610 24114
24114 610 7164
3473 18325 27432
18325 3473 27432
27432 3473 18325
24670 2497 27829
27829 2497 24670
2497 24670 27829
19015 22109 24435
22109 19015 24435
24435 19015 22109
1877 2000 26391
2000 1877 26391
26391 1877 2000
28956 2101 17430
17430 2101 28956
2101 17430 28956
8691 22528 22576
22528 8691 22576
22576 8691 22528
14501 4376 6453
4376 6453 14501
6453 4376 14501
27730 16024 23027
16024 23027 27730
23027 16024 27730
13608 8219 12621
8219 12621 13608
12621 8219 13608
6805 3560 28773
28773 3560 6805
3560 6805 28773
21663 368 19130
368 19130 21663
19130 368 21663
17 7048 22124
22124 17 7048
7048 17 22124
27309 13809 20289
13809 20289 27309
20289 13809 27309
4531 392 8744
392 4531 8744
8744 392 4531
25487 25983 26596
25983 25487 26596
26596 25487 25983
20397 5549 15400
5549 15400 20397
15400 5549 20397
27190 1375 19115
19115 1375 27190
1375 19115 27190
4311 14385 27833
14385 4311 27833
27833 4311 14385
20762 13569 28612
13569 20762 28612
28612 13569 20762
4254 9096 19891
19891 4254 9096
9096 4254 19891
23749 12250 12476
12250 12476 23749
12476 12250 23749
17422 17529 17589
17529 17422 17589
17589 17422 17529
16499 2968 27691
27691 2968 16499
2968 16499 27691
23171 10260 11165
10260 11165 23171
11165 10260 23171
12729 10080 19600
19600 10080 12729
10080 12729 19600
21865 2711 4165
2711 4165 21865
4165 2711 21865
14468 6694 29110
29110 6694 14468
6694 14468 29110
8791 5359 7160
5359 7160 8791
7160 5359 8791
26199 9989 11155
11155 9989 26199
9989 11155 26199
12314 15123 29378
29378 12314 15123
15123 12314 29378
13364 7920 29329
7920 13364 29329
29329 7920 13364
7767 12883 23771
23771 7767 12883
12883 7767 23771
26166 190 24913
24913 190 26166
190 24913 26166
12104 13694 25515
25515 12104 13694
13694 12104 25515
25990 19618 19619
19619 19618 25990
19618 19619 25990
10004 6129 29386
6129 10004 29386
29386 6129 10004
4960 23935 24078
23935 4960 24078
24078 4960 23935
23203 17682 29641
29641 17682 23203
17682 23203 29641
27884 16876 24065
16876 24065 27884
24065 16876 27884
11828 13088 21821
13088 11828 21821
21821 11828 13088
17889 11102 18912
11102 17889 18912
18912 11102 17889
17990 5755 10296
10296 5755 17990
5755 10296 17990
12695 15062 15301
15301 12695 15062
15062 12695 15301
23513 12150 29891
29891 12150 23513
12150 23513 29891
20218 473 5805
473 5805 20218
5805 473 20218
28545 8135 19719
19719 8135 28545
8135 19719 28545
12930 15040 17518
17518 12930 15040
15040 12930 17518
21064 9070 17866
9070 17866 21064
17866 9070 21064
22159 5260 18412
18412 5260 22159
5260 18412 22159
27703 9444 20723
20723 9444 27703
9444 20723 27703
26556 10256 17184
10256 17184 26556
17184 10256 26556
6709 4673 11340
11340 4673 6709
4673 6709 11340
8466 27808 29484
29484 8466 27808
27808 8466 29484
13965 2923 28646
2923 13965 28646
28646 2923 13965
3206 679 839
679 839 3206
839 679 3206
11729 19566 22357
22357 11729 19566
19566 11729 22357
6262 5379 21479
21479 5379 6262
5379 6262 21479
12918 3375 8374
8374 3375 12918
3375 8374 12918
24725 19010 19699
19010 19699 24725
19699 19010 24725
12672 5831 6251
6251 5831 12672
5831 6251 12672
28256 8554 26453
26453 8554 28256
8554 26453 28256
16661 6443 25820
25820 6443 16661
6443 16661 25820
25469 4292 22120
4292 22120 25469
22120 4292 25469
11344 14398 27254
14398 11344 27254
27254 11344 14398
22142 8704 10796
10796 8704 22142
8704 10796 22142
21631 2691 3388
3388 2691 21631
2691 3388 21631
19555 1587 27678
27678 1587 19555
1587 19555 27678
28813 23918 29309
23918 28813 29309
29309 23918 28813
5684 6463 14204
6463 5684 14204
14204 5684 6463
27966 6878 7513
6878 7513 27966
7513 6878 27966
21168 27767 29973
29973 21168 27767
27767 21168 29973
3570 9711 27407
9711 3570 27407
27407 3570 9711
25754 1959 26033
26033 1959 25754
1959 25754 26033
9095 5035 10966
5035 9095 10966
10966 5035 9095
29928 18440 23110
18440 23110 29928
23110 18440 29928
1465 18913 20971
20971 1465 18913
18913 1465 20971
12906 2610 17493
2610 12906 17493
17493 2610 12906
6759 3627 22324
22324 3627 6759
3627 6759 22324
3635 13263 21031
13263 3635 21031
21031 3635 13263
6224 6661 6915
6661 6224 6915
6915 6224 6661
7699 17687 24526
24526 7699 17687
17687 7699 24526
27777 7521 26414
26414 7521 27777
7521 26414 27777
23386 2514 24151
2514 23386 24151
24151 2514 23386
17631 28948 29435
29435 17631 28948
28948 17631 29435
5722 4024 20968
20968 4024 5722
4024 5722 20968
8563 1576 6487
1576 6487 8563
6487 1576 8563
22742 6065 27858
6065 22742 27858
27858 6065 22742
15437 9227 23042
9227 15437 23042
23042 9227 15437
18248 5584 5795
5795 5584 18248
5584 5795 18248
29580 4346 17488
17488 4346 29580
4346 17488 29580
22850 1123 15041
15041 1123 22850
1123 15041 22850
15252 22031 27737
22031 15252 27737
27737 15252 22031
19175 8713 11362
11362 8713 19175
8713 11362 19175
21766 15479 23303
23303 15479 21766
15479 21766 23303
26084 23383 28975
23383 26084 28975
28975 23383 26084
1861 21517 26925
26925 1861 21517
21517 1861 26925
29178 11699 25889
11699 25889 29178
25889 11699 29178
952 4056 24083
4056 952 24083
24083 952 4056
1185 11921 24655
11921 1185 24655
24655 1185 11921
15335 1947 13929
13929 1947 15335
1947 13929 15335
15759 20789 27871
27871 15759 20789
20789 15759 27871
24747 22367 26574
22367 24747 26574
26574 22367 24747
12527 8416 8483
8483 8416 12527
8416 8483 12527
20996 8117 18608
8117 18608 20996
18608 8117 20996
4630 23015 26976
26976 4630 23015
23015 4630 26976
29870 7460 8588
8588 7460 29870
7460 8588 29870
23893 17410 18648
18648 17410 23893
17410 18648 23893
17588 2349 14315
2349 14315 17588
14315 2349 17588
15487 5523 8168
5523 8168 15487
8168 5523 15487
28074 9826 23281
9826 23281 28074
23281 9826 28074
21593 107 1206
107 1206 21593
1206 107 21593
27125 22889 29725
29725 22889 27125
22889 27125 29725
28630 5964 22358
5964 22358 28630
22358 5964 28630
3786 17145 21565
21565 3786 17145
17145 3786 21565
17815 1490 24697
1490 17815 24697
24697 1490 17815
10440 14545 20203
14545 10440 20203
20203 10440 14545
23462 22473 25727
25727 22473 23462
22473 23462 25727
16197 2261 12884
12884 2261 16197
2261 12884 16197
15164 7014 22619
7014 15164 22619
22619 7014 15164
25363 12306 20950
20950 12306 25363
12306 20950 25363
25009 7956 26902
26902 7956 25009
7956 25009 26902
15528 7216 22636
7216 15528 22636
22636 7216 15528
16603 16560 18218
16560 16603 18218
18218 16560 16603
18135 10217 16583
16583 10217 18135
10217 16583 18135
21455 4632 19569
4632 19569 21455
19569 4632 21455
21261 6084 26857
6084 21261 26857
26857 6084 21261
20660 11641 17214
17214 11641 20660
11641 17214 20660
6370 25801 29286
29286 6370 25801
25801 6370 29286
12511 5354 28118
28118 5354 12511
5354 12511 28118
14049 19881 23288
19881 14049 23288
23288 14049 19881
22278 7840 25020
25020 7840 22278
7840 22278 25020
24266 11488 27688
27688 11488 24266
11488 24266 27688
17532 14728 21671
14728 17532 21671
21671 14728 17532
4407 5530 6136
5530 4407 6136
6136 4407 5530
4548 29256 29954
29256 4548 29954
29954 4548 29256
24793 10735 17981
10735 17981 24793
17981 10735 24793
6706 503 15174
503 6706 15174
15174 503 6706
17733 3036 24386
24386 3036 17733
3036 17733 24386
25570 12262 29656
12262 25570 29656
29656 12262 25570
26729 17793 18974
17793 18974 26729
18974 17793 26729
29421 23758 27530
23758 27530 29421
27530 23758 29421
8650 23345 28738
28738 8650 23345
23345 8650 28738
1766 12556 25554
25554 1766 12556
12556 1766 25554
26109 3655 16841
3655 16841 26109
16841 3655 26109
26572 1103 2304
1103 2304 26572
2304 1103 26572
11624 9020 29086
9020 11624 29086
29086 9020 11624
10628 7822 16487
7822 10628 16487
16487 7822 10628
1189 10812 18003
18003 1189 10812
10812 1189 18003
13495 18029 27860
27860 13495 18029
18029 13495 27860
10342 20753 26933
26933 10342 20753
20753 10342 26933
16050 5683 19831
5683 16050 19831
19831 5683 16050
2629 5489 19563
19563 2629 5489
5489 2629 19563
16260 160 19128
19128 160 16260
160 16260 19128
13634 12285 29018
12285 13634 29018
29018 12285 13634
21030 2554 26820
2554 21030 26820
26820 2554 21030
15124 20769 20919
20919 15124 20769
20769 15124 20919
15311 520 24355
520 15311 24355
24355 520 15311
21801 4282 17240
17240 4282 21801
4282 17240 21801
7911 15042 29704
29704 7911 15042
15042 7911 29704
17939 3986 23033
3986 17939 23033
23033 3986 17939
23919 7353 28310
28310 7353 23919
7353 23919 28310
12776 20215 25849
20215 12776 25849
25849 12776 20215
18249 16393 26086
16393 18249 26086
26086 16393 18249
24845 15544 17653
17653 15544 24845
15544 17653 24845
19404 14290 18295
18295 14290 19404
14290 18295 19404
1599 9137 20925
9137 1599 20925
20925 1599 9137
20591 9462 18228
18228 9462 20591
9462 18228 20591
27412 1561 9408
1561 9408 27412
9408 1561 27412
12110 3101 18893
3101 12110 18893
18893 3101 12110
3580 317 6274
317 3580 6274
6274 317 3580
9512 10595 25464
10595 9512 25464
25464 9512 10595
25529 4123 26897
4123 25529 26897
26897 4123 25529
27750 3234 21958
3234 21958 27750
21958 3234 27750
19172 10322 24071
24071 10322 19172
10322 19172 24071
8951 9859 18366
9859 8951 18366
18366 8951 9859
11855 2289 13034
13034 2289 11855
2289 11855 13034
2008 9691 10651
9691 2008 10651
10651 2008 9691
15176 11233 29334
11233 15176 29334
29334 11233 15176
5448 315 22519
22519 315 5448
315 5448 22519
29664 3433 23406
23406 3433 29664
3433 23406 29664
26240 8264 15542
8264 15542 26240
15542 8264 26240
29653 3873 22667
3873 22667 29653
22667 3873 29653
25610 1720 17372
17372 1720 25610
1720 17372 25610
22153 12051 23991
23991 12051 22153
12051 22153 23991
17434 14302 19347
14302 17434 19347
19347 14302 17434
22411 4731 20831
4731 20831 22411
20831 4731 22411
903 3537 5303
5303 903 3537
3537 903 5303
24282 18422 21247
18422 21247 24282
21247 18422 24282
13063 5213 20961
5213 13063 20961
20961 5213 13063
14541 2592 8966
8966 2592 14541
2592 8966 14541
1395 16678 21287
16678 1395 21287
21287 1395 16678
18377 2506 27230
27230 2506 18377
2506 18377 27230
28050 9626 26930
9626 26930 28050
26930 9626 28050
28191 25969 26350
26350 25969 28191
25969 26350 28191
12898 9703 18781
18781 9703 12898
9703 12898 18781
25398 2249 15436
2249 15436 25398
15436 2249 25398
5857 10399 11781
10399 5857 11781
11781 5857 10399
1000 11987 21134
11987 1000 21134
21134 1000 11987
16928 537 3574
537 3574 16928
3574 537 16928
17120 26274 28040
26274 17120 28040
28040 17120 26274
2141 2254 8432
8432 2141 2254
2254 2141 8432
27478 14793 19779
14793 19779 27478
19779 14793 27478
26595 26588 29772
29772 26588 26595
26588 26595 29772
18637 561 1332
1332 561 18637
561 1332 18637
14815 11069 16301
16301 11069 14815
11069 14815 16301
23584 403 28200
403 23584 28200
28200 403 23584
16511 2212 16822
2212 16511 16822
16822 2212 16511
24029 14808 28227
14808 24029 28227
28227 14808 24029
1392 23990 29251
29251 1392 23990
23990 1392 29251
25131 13356 26769
26769 13356 25131
13356 25131 26769
17187 6595 11356
6595 11356 17187
11356 6595 17187
14974 2309 28270
28270 2309 14974
2309 14974 28270
5839 8883 23026
8883 5839 23026
23026 5839 8883
20746 7707 18243
18243 7707 20746
7707 18243 20746
11827 7054 7459
7459 7054 11827
7054 7459 11827
27141 25537 28261
25537 27141 28261
28261 25537 27141
28780 10933 22998
22998 10933 28780
10933 22998 28780
8855 12630 21424
21424 8855 12630
12630 8855 21424
24210 22943 27025
27025 22943 24210
22943 24210 27025
10091 7539 16277
16277 7539 10091
7539 10091 16277
29203 12791 22870
12791 22870 29203
22870 12791 29203
27291 8738 29379
29379 8738 27291
8738 27291 29379
24336 19608 21490
19608 21490 24336
21490 19608 24336
25760 11893 27149
27149 11893 25760
11893 25760 27149
8057 11325 27556
11325 8057 27556
27556 8057 11325
6865 596 13079
13079 596 6865
596 6865 13079
3131 11598 27609
27609 3131 11598
11598 3131 27609
15201 10265 29751
29751 10265 15201
10265 15201 29751
27185 18309 22022
22022 18309 27185
18309 22022 27185
19501 4147 18880
18880 4147 19501
4147 18880 19501
23331 1700 13286
1700 13286 23331
13286 1700 23331
2857 12430 15543
12430 2857 15543
15543 2857 12430
21058 2240 22266
22266 2240 21058
2240 21058 22266
16255 23327 26760
26760 16255 23327
23327 16255 26760
28589 21103 21130
21130 21103 28589
21103 21130 28589
12203 7971 16048
7971 12203 16048
16048 7971 12203
15995 14274 28654
28654 14274 15995
14274 15995 28654
4127 13486 18286
18286 4127 13486
13486 4127 18286
6748 4353 24868
24868 4353 6748
4353 6748 24868
6691 883 5469
5469 883 6691
883 5469 6691
4968 22 11317
11317 22 4968
22 4968 11317
18734 18810 19453
18810 18734 19453
19453 18734 18810
22887 12215 19625
19625 12215 22887
12215 19625 22887
6503 25067 28510
28510 6503 25067
25067 6503 28510
23250 10885 19336
19336 10885 23250
10885 19336 23250
27865 6284 6451
6284 6451 27865
6451 6284 27865
25805 8903 27544
8903 25805 27544
27544 8903 25805
26185 4641 10301
10301 4641 26185
4641 10301 26185
21533 17294 20297
17294 20297 21533
20297 17294 21533
6413 10606 12090
10606 6413 12090
12090 6413 10606
13043 19820 28264
28264 13043 19820
19820 13043 28264
17613 3588 28031
3588 17613 28031
28031 3588 17613
3996 13093 25546
25546 3996 13093
13093 3996 25546
18404 16579 19926
16579 18404 19926
19926 16579 18404
4973 15790 17951
17951 4973 15790
15790 4973 17951
5784 13754 22637
13754 5784 22637
22637 5784 13754
21323 21646 23241
23241 21323 21646
21646 21323 23241
5978 1925 23439
1925 5978 23439
23439 1925 5978
21032 14676 19853
14676 19853 21032
19853 14676 21032
1970 25313 26746
26746 1970 25313
25313 1970 26746
8206 4809 8324
8324 4809 8206
4809 8206 8324
7011 16971 17447
16971 7011 17447
17447 7011 16971
23638 14929 26664
26664 14929 23638
14929 23638 26664
23738 113 25972
25972 113 23738
113 23738 25972
25577 6056 9947
6056 9947 25577
9947 6056 25577
29705 446 16453
446 16453 29705
16453 446 29705
28746 10471 10682
10682 10471 28746
10471 10682 28746
10371 7358 14277
14277 7358 10371
7358 10371 14277
6064 13795 24058
24058 6064 13795
13795 6064 24058
329 12691 24557
12691 329 24557
24557 329 12691
23784 10266 28068
10266 23784 28068
28068 10266 23784
7724 2041 29698
29698 2041 7724
2041 7724 29698
1262 220 19686
19686 220 1262
220 1262 19686
4437 6133 18445
18445 4437 6133
6133 4437 18445
10005 17052 26569
26569 10005 17052
17052 10005 26569
23209 6141 16741
6141 16741 23209
16741 6141 23209
20309 662 10397
662 10397 20309
10397 662 20309
15158 16723 24075
24075 15158 16723
16723 15158 24075
18121 21789 25806
25806 18121 21789
21789 18121 25806
17085 2658 15347
2658 15347 17085
15347 2658 17085
4974 17891 18858
17891 4974 18858
18858 4974 17891
1583 1265 27651
1265 1583 27651
27651 1265 1583
13851 3060 25349
3060 13851 25349
25349 3060 13851
10361 9968 17700
17700 9968 10361
9968 10361 17700
10839 12959 28591
12959 10839 28591
28591 10839 12959
5447 24916 25015
25015 5447 24916
24916 5447 25015
15379 3681 22166
3681 15379 22166
22166 3681 15379
11597 7723 21154
21154 7723 11597
7723 11597 21154
2946 22308 25351
22308 2946 25351
25351 2946 22308
18660 3411 14048
3411 14048 18660
14048 3411 18660
17509 10062 16373
10062 16373 17509
16373 10062 17509
26805 14558 18446
18446 14558 26805
14558 18446 26805
27616 14923 20507
14923 20507 27616
20507 14923 27616
1537 1682 8425
1682 1537 8425
8425 1537 1682
28202 6096 25853
25853 6096 28202
6096 25853 28202
27924 14242 22787
14242 22787 27924
22787 14242 27924
1383 4389 19969
19969 1383 4389
4389 1383 19969
12575 9389 9916
9389 9916 12575
9916 9389 12575
28174 25721 28516
28516 25721 28174
25721 28174 28516
8648 19601 20901
19601 8648 20901
20901 8648 19601
9252 6900 25810
6900 9252 25810
25810 6900 9252
13005 14207 27064
27064 13005 14207
14207 13005 27064
7450 14729 24486
14729 7450 24486
24486 7450 14729
21178 9116 20726
9116 20726 21178
20726 9116 21178
3417 12308 12727
12727 3417 12308
12308 3417 12727
20157 5047 15660
5047 15660 20157
15660 5047 20157
162 6092 28338
28338 162 6092
6092 162 28338
21258 20509 21108
21108 20509 21258
20509 21108 21258
19756 10353 10474
10353 10474 19756
10474 10353 19756
9653 9544 18976
18976 9544 9653
9544 9653 18976
18728 28695 29027
28695 18728 29027
29027 18728 28695
14205 7769 27475
7769 14205 27475
27475 7769 14205
16683 18961 23969
23969 16683 18961
18961 16683 23969
11608 7501 19187
7501 11608 19187
19187 7501 11608
1274 8900 10014
10014 1274 8900
8900 1274 10014
17315 2420 2919
2919 2420 17315
2420 2919 17315
6893 10254 28152
10254 6893 28152
28152 6893 10254
11949 13259 29287
13259 11949 29287
29287 11949 13259
5084 3882 3929
3929 3882 5084
3882 3929 5084
3240 17817 18483
18483 3240 17817
17817 3240 18483
14616 21601 28306
28306 14616 21601
21601 14616 28306
4817 20197 23352
20197 4817 23352
23352 4817 20197
22306 13426 20817
20817 13426 22306
13426 20817 22306
20166 12946 23837
23837 12946 20166
12946 20166 23837
17549 20974 26600
20974 17549 26600
26600 17549 20974
5751 17435 29446
29446 5751 17435
17435 5751 29446
21638 1646 27231
27231 1646 21638
1646 21638 27231
20532 250 28315
28315 250 20532
250 20532 28315
22376 28465 29885
28465 22376 29885
29885 22376 28465
25791 11829 11946
11829 11946 25791
11946 11829 25791
12899 1615 18530
1615 12899 18530
18530 1615 12899
14215 3759 3879
3759 3879 14215
3879 3759 14215
8375 10804 20155
10804 8375 20155
20155 8375 10804
500 5692 26741
5692 500 26741
26741 500 5692
1049 4339 15420
4339 1049 15420
15420 1049 4339
16315 12707 23085
12707 16315 23085
23085 12707 16315
6355 648 2576
2576 648 6355
648 2576 6355
14244 13285 19208
19208 13285 14244
13285 14244 19208
24821 10652 28818
28818 10652 24821
10652 24821 28818
18736 13773 23192
23192 13773 18736
13773 18736 23192
6762 2607 27439
27439 2607 6762
2607 6762 27439
17531 12628 15057
15057 12628 17531
12628 15057 17531
13610 27489 29206
27489 13610 29206
29206 13610 27489
8363 7436 27685
7436 8363 27685
27685 7436 8363
14964 6615 8542
8542 6615 14964
6615 8542 14964
9708 24371 29143
24371 9708 29143
29143 9708 24371
29262 14689 26125
14689 26125 29262
26125 14689 29262
28899 1416 21069
1416 21069 28899
21069 1416 28899
20493 8002 23819
23819 8002 20493
8002 20493 23819
16759 11878 23340
11878 16759 23340
23340 11878 16759
9740 1238 22315
22315 1238 9740
1238 9740 22315
227 6663 29589
6663 227 29589
29589 227 6663
5602 11521 19579
11521 5602 19579
19579 5602 11521
6866 7291 8911
8911 6866 7291
7291 6866 8911
26113 23146 27158
27158 23146 26113
23146 26113 27158
3677 5510 10429
5510 3677 10429
10429 3677 5510
1155 7169 11301
7169 1155 11301
11301 1155 7169
22361 1357 16724
16724 1357 22361
1357 16724 22361
682 12573 19203
19203 682 12573
12573 682 19203
5975 13756 25842
25842 5975 13756
13756 5975 25842
64 3333 12902
3333 64 12902
12902 64 3333
23576 15682 23349
23349 15682 23576
15682 23349 23576
12427 16360 22052
22052 12427 16360
16360 12427 22052
27136 1126 20140
1126 20140 27136
20140 1126 27136
16704 3116 5529
3116 5529 16704
5529 3116 16704
24406 20051 23223
23223 20051 24406
20051 23223 24406
28490 432 7129
7129 432 28490
432 7129 28490
17082 2961 29476
2961 17082 29476
29476 2961 17082
20525 8560 13991
13991 8560 20525
8560 13991 20525
6357 1881 2312
2312 1881 6357
1881 2312 6357
29821 5152 11668
5152 11668 29821
11668 5152 29821
19155 1989 12319
12319 1989 19155
1989 12319 19155
17896 17566 21385
17566 17896 21385
21385 17566 17896
26289 1074 20703
1074 20703 26289
20703 1074 26289
1228 2637 21405
21405 1228 2637
2637 1228 21405
1949 20194 24353
20194 1949 24353
24353 1949 20194
28171 3119 26853
3119 26853 28171
26853 3119 28171
22871 3992 15011
3992 15011 22871
15011 3992 22871
19512 9677 14767
9677 14767 19512
14767 9677 19512
4299 1517 19125
1517 4299 19125
19125 1517 4299
10769 11056 16889
16889 10769 11056
11056 10769 16889
28178 4273 13881
13881 4273 28178
4273 13881 28178
10122 393 2197
2197 393 10122
393 2197 10122
17268 8080 24104
8080 17268 24104
24104 8080 17268
15364 11825 27852
11825 15364 27852
27852 11825 15364
6818 1141 15758
15758 1141 6818
1141 6818 15758
5850 18859 24919
18859 5850 24919
24919 5850 18859
14285 1444 10426
1444 10426 14285
10426 1444 14285
19344 17556 19058
19058 17556 19344
17556 19058 19344
4876 24292 26582
24292 4876 26582
26582 4876 24292
27237 19715 27891
27891 19715 27237
19715 27237 27891
10230 14884 24016
24016 10230 14884
14884 10230 24016
13158 2402 28569
2402 13158 28569
28569 2402 13158
16358 12524 12961
12961 12524 16358
12524 12961 16358
10609 2122 3292
2122 3292 10609
3292 2122 10609
13919 338 11895
338 11895 13919
11895 338 13919
225 25250 28988
28988 225 25250
25250 225 28988
388 14252 27779
14252 388 27779
27779 388 14252
25690 5040 7602
5040 7602 25690
7602 5040 25690
5580 2942 4349
4349 2942 5580
2942 4349 5580
281 12451 18212
12451 281 18212
18212 281 12451
13339 20292 28507
20292 13339 28507
28507 13339 20292
10416 10032 29952
29952 10032 10416
10032 10416 29952
29793 17851 28199
28199 17851 29793
17851 28199 29793
27087 7121 7666
7666 7121 27087
7121 7666 27087
11535 13473 27462
27462 11535 13473
13473 11535 27462
1007 10681 28980
10681 1007 28980
28980 1007 10681
28495 9678 12904
9678 12904 28495
12904 9678 28495
26344 8689 20340
20340 8689 26344
8689 20340 26344
19388 3693 18659
3693 18659 19388
18659 3693 19388
19034 11609 24127
11609 19034 24127
24127 11609 19034
28114 6379 6997
6379 6997 28114
6997 6379 28114
5956 749 22247
22247 749 5956
749 5956 22247
14266 10531 26730
10531 14266 26730
26730 10531 14266
25897 6095 6872
6872 6095 25897
6095 6872 25897
8108 10151 18964
10151 8108 18964
18964 8108 10151
15610 5225 8937
5225 8937 15610
8937 5225 15610
3615 8568 14718
8568 3615 14718
14718 3615 8568
24144 2174 7902
7902 2174 24144
2174 7902 24144
8499 13316 26629
26629 8499 13316
13316 8499 26629
23482 6421 19760
6421 19760 23482
19760 6421 23482
13562 14959 26089
26089 13562 14959
14959 13562 26089
13216 7420 26215
7420 13216 26215
26215 7420 13216
12558 1114 25698
1114 12558 25698
25698 1114 12558
23221 9983 16338
16338 9983 23221
9983 16338 23221
7535 15804 25303
15804 7535 25303
25303 7535 15804
24451 3965 6118
3965 6118 24451
6118 3965 24451
26307 3089 26761
26761 3089 26307
3089 26307 26761
1983 19895 20115
20115 1983 19895
19895 1983 20115
12105 17789 25539
17789 12105 25539
25539 12105 17789
5474 3948 14175
14175 3948 5474
3948 5474 14175
6384 6169 9203
9203 6169 6384
6169 6384 9203
1325 7884 9582
9582 1325 7884
7884 1325 9582
1497 10462 21302
21302 1497 10462
10462 1497 21302
26954 6983 13353
13353 6983 26954
6983 13353 26954
28088 4530 23631
4530 23631 28088
23631 4530 28088
17515 5675 24677
5675 17515 24677
24677 5675 17515
22926 11713 28931
11713 22926 28931
28931 11713 22926
27782 19621 20295
19621 20295 27782
20295 19621 27782
24235 12783 28798
12783 24235 28798
28798 12783 24235
24864 9953 23115
9953 23115 24864
23115 9953 24864
2948 1112 26058
26058 1112 2948
1112 2948 26058
12721 15384 25566
15384 12721 25566
25566 12721 15384
1994 5517 8878
5517 1994 8878
8878 1994 5517
8115 1282 3649
1282 3649 8115
3649 1282 8115
8834 17059 17813
17059 8834 17813
17813 8834 17059
27362 11370 21664
21664 11370 27362
11370 21664 27362
562 18018 19842
18018 562 19842
19842 562 18018
817 14485 17775
14485 817 17775
17775 817 14485
258 1196 3242
3242 258 1196
1196 258 3242
24240 845 29017
845 24240 29017
29017 845 24240
7301 1191 18096
1191 7301 18096
18096 1191 7301
10011 3467 19664
3467 10011 19664
19664 3467 10011
22057 8594 14253
8594 14253 22057
14253 8594 22057
17709 20506 28888
20506 17709 28888
28888 17709 20506
10127 390 2499
390 2499 10127
2499 390 10127
22703 1697 5288
5288 1697 22703
1697 5288 22703
28207 14958 26514
26514 14958 28207
14958 26514 28207
27978 1015 18190
18190 1015 27978
1015 18190 27978
17517 12182 27663
12182 17517 27663
27663 12182 17517
3988 4518 25384
25384 3988 4518
4518 3988 25384
2218 12031 28766
12031 2218 28766
28766 2218 12031
22820 2145 12678
12678 2145 22820
2145 12678 22820
17057 8008 23091
8008 17057 23091
23091 8008 17057
13868 5897 28947
5897 13868 28947
28947 5897 13868
27431 22050 25915
22050 25915 27431
25915 22050 27431
19233 7481 9776
9776 7481 19233
7481 9776 19233
18396 6779 11026
11026 6779 18396
6779 11026 18396
10692 7367 7543
7367 7543 10692
7543 7367 10692
27952 3775 21025
3775 21025 27952
21025 3775 27952
1334 2642 22079
2642 1334 22079
22079 1334 2642
1519 7665 17676
17676 1519 7665
7665 1519 17676
18398 20110 23967
20110 18398 23967
23967 18398 20110
10333 14449 27594
27594 10333 14449
14449 10333 27594
24966 20147 22840
22840 20147 24966
20147 22840 24966
373 2456 17992
2456 373 17992
17992 373 2456
19657 10925 28805
28805 10925 19657
10925 19657 28805
2909 20163 29310
20163 2909 29310
29310 2909 20163
7408 12833 17452
12833 7408 17452
17452 7408 12833
11031 5810 21387
21387 5810 11031
5810 11031 21387
11221 1419 13250
13250 1419 11221
1419 11221 13250
19382 13275 22846
13275 19382 22846
22846 13275 19382
13523 7970 20133
20133 7970 13523
7970 13523 20133
3406 9013 15519
15519 3406 9013
9013 3406 15519
26655 22391 24028
24028 22391 26655
22391 24028 26655
19033 3770 9699
3770 9699 19033
9699 3770 19033
13612 25167 27330
27330 13612 25167
25167 13612 27330
26651 23850 26934
26934 23850 26651
23850 26651 26934
39 594 20877
20877 39 594
594 39 20877
12500 262 28011
28011 262 12500
262 12500 28011
12263 17557 26375
17557 12263 26375
26375 12263 17557
1849 12852 13240
13240 1849 12852
12852 1849 13240
6574 23786 28667
23786 6574 28667
28667 6574 23786
3922 22542 22853
22853 3922 22542
22542 3922 22853
21843 9546 11146
11146 9546 21843
9546 11146 21843
16414 1929 9753
9753 1929 16414
1929 9753 16414
9288 16697 25171
16697 9288 25171
25171 9288 16697
4540 10240 23886
23886 4540 10240
10240 4540 23886
13670 18330 25400
25400 13670 18330
18330 13670 25400
19704 3245 15655
15655 3245 19704
3245 15655 19704
8661 5737 14875
14875 5737 8661
5737 8661 14875
17695 7093 28423
7093 17695 28423
28423 7093 17695
18350 3384 18716
18716 3384 18350
3384 18350 18716
25910 363 20103
20103 363 25910
363 20103 25910
28993 16907 19751
19751 16907 28993
16907 19751 28993
21395 12316 23727
23727 12316 21395
12316 21395 23727
28260 7180 26832
26832 7180 28260
7180 26832 28260
15287 10082 18397
10082 15287 18397
18397 10082 15287
13554 9107 12595
12595 9107 13554
9107 12595 13554
29193 5387 16578
5387 16578 29193
16578 5387 29193
28920 7846 14704
14704 7846 28920
7846 14704 28920
6477 5971 24528
5971 6477 24528
24528 5971 6477
4921 5712 13012
13012 4921 5712
5712 4921 13012
3040 5788 8614
5788 3040 8614
8614 3040 5788
13185 4805 19135
4805 13185 19135
19135 4805 13185
4210 16806 27346
16806 4210 27346
27346 4210 16806
8367 12940 21554
12940 8367 21554
21554 8367 12940
18557 20498 22330
22330 18557 20498
20498 18557 22330
15289 2299 2853
2299 2853 15289
2853 2299 15289
4318 6077 7995
7995 4318 6077
6077 4318 7995
13984 4305 26283
26283 4305 13984
4305 13984 26283
29211 23502 26539
23502 26539 29211
26539 23502 29211
23847 8491 18764
8491 18764 23847
18764 8491 23847
20906 16467 21374
16467 20906 21374
21374 16467 20906
4822 10918 16306
10918 4822 16306
16306 4822 10918
3995 6317 17930
6317 3995 17930
17930 3995 6317
2561 5438 19928
5438 2561 19928
19928 2561 5438
1693 5720 7141
7141 1693 5720
5720 1693 7141
11084 466 10239
466 10239 11084
10239 466 11084
9615 2347 6641
2347 6641 9615
6641 2347 9615
5064 20100 20714
20100 5064 20714
20714 5064 20100
6222 9642 24517
9642 6222 24517
24517 6222 9642
570 5372 25685
25685 570 5372
5372 570 25685
14578 19360 27654
19360 14578 27654
27654 14578 19360
9682 15988 29376
15988 9682 29376
29376 9682 15988
28341 10221 10808
10808 10221 28341
10221 10808 28341
25543 8535 26951
8535 25543 26951
26951 8535 25543
16418 815 8378
815 8378 16418
8378 815 16418
5408 2453 25653
25653 2453 5408
2453 5408 25653
26083 1443 7674
7674 1443 26083
1443 7674 26083
11037 19201 21325
19201 11037 21325
21325 11037 19201
5028 6425 21532
21532 5028 6425
6425 5028 21532
22058 12607 26695
12607 22058 26695
26695 12607 22058
11824 6713 14368
14368 6713 11824
6713 11824 14368
11553 974 16410
16410 974 11553
974 11553 16410
23469 14869 18857
14869 18857 23469
18857 14869 23469
23871 2285 7152
7152 2285 23871
2285 7152 23871
25107 4155 28147
28147 4155 25107
4155 25107 28147
26417 17864 20599
20599 17864 26417
17864 20599 26417
7092 10963 13763
10963 7092 13763
13763 7092 10963
15981 12587 17314
12587 15981 17314
17314 12587 15981
12189 3600 13847
3600 12189 13847
13847 3600 12189
24064 21499 28791
28791 21499 24064
21499 24064 28791
26425 4650 7224
4650 7224 26425
7224 4650 26425
23937 9406 16042
16042 9406 23937
9406 16042 23937
14052 23929 28288
28288 14052 23929
23929 14052 28288
10092 1006 24360
24360 1006 10092
1006 10092 24360
20868 4972 25510
4972 20868 25510
25510 4972 20868
4668 7993 24643
24643 4668 7993
7993 4668 24643
16726 14346 16044
14346 16044 16726
16044 14346 16726
24068 268 1248
268 1248 24068
1248 268 24068
14535 11 6955
11 6955 14535
6955 11 14535
24323 5928 28674
28674 5928 24323
5928 24323 28674
5012 4844 25928
25928 4844 5012
4844 5012 25928
768 7338 27836
7338 768 27836
27836 768 7338
13846 19309 20483
19309 13846 20483
20483 13846 19309
13913 1108 14605
1108 13913 14605
14605 1108 13913
13843 29371 29867
29867 13843 29371
29371 13843 29867
499 9317 12831
9317 499 12831
12831 499 9317
17867 8282 29927
29927 8282 17867
8282 17867 29927
23682 19312 27533
19312 23682 27533
27533 19312 23682
21986 12828 14754
12828 14754 21986
14754 12828 21986
28686 5923 24183
5923 24183 28686
24183 5923 28686
23496 14232 17861
17861 14232 23496
14232 17861 23496
4260 2672 2714
2714 2672 4260
2672 2714 4260
27983 6441 10527
10527 6441 27983
6441 10527 27983
13584 257 3051
3051 257 13584
257 3051 13584
21357 11262 13157
11262 13157 21357
13157 11262 21357
16223 8664 20716
8664 16223 20716
20716 8664 16223
22621 7610 15293
15293 7610 22621
7610 15293 22621
21066 4125 28464
28464 4125 21066
4125 21066 28464
1992 9999 18465
18465 1992 9999
9999 1992 18465
3287 511 11701
11701 511 3287
511 3287 11701
8203 1549 11879
1549 8203 11879
11879 1549 8203
24499 15015 24202
15015 24202 24499
24202 15015 24499
12255 6662 14403
6662 12255 14403
14403 6662 12255
21005 12566 16187
12566 16187 21005
16187 12566 21005
3829 13516 23306
23306 3829 13516
13516 3829 23306
4241 26048 26677
26677 4241 26048
26048 4241 26677
8236 9336 12256
9336 8236 12256
12256 8236 9336
8739 7452 22860
22860 7452 8739
7452 8739 22860
17219 10469 14174
10469 14174 17219
14174 10469 17219
16754 9084 9271
9084 9271 16754
9271 9084 16754
8308 7919 9555
9555 7919 8308
7919 8308 9555
16298 24468 29332
24468 16298 29332
29332 16298 24468
7197 5041 22769
22769 5041 7197
5041 7197 22769
13103 7583 14001
7583 13103 14001
14001 7583 13103
28242 7772 22138
22138 7772 28242
7772 22138 28242
12546 18748 20402
18748 12546 20402
20402 12546 18748
19311 5790 29764
5790 19311 29764
29764 5790 19311
21 462 26277
26277 21 462
462 21 26277
5624 26075 29550
26075 5624 29550
29550 5624 26075
5089 12334 13577
12334 5089 13577
13577 5089 12334
14987 8409 25425
25425 8409 14987
8409 14987 25425
14673 943 21823
21823 943 14673
943 14673 21823
28389 9391 18536
18536 9391 28389
9391 18536 28389
12207 18186 21685
21685 12207 18186
18186 12207 21685
15130 7700 26597
7700 15130 26597
26597 7700 15130
3006 9913 28717
9913 3006 28717
28717 3006 9913
15132 9833 16323
9833 15132 16323
16323 9833 15132
4571 26317 28384
26317 4571 28384
28384 4571 26317
1453 5797 25599
5797 1453 25599
25599 1453 5797
12893 22275 28005
28005 12893 22275
22275 12893 28005
60 11800 15575
15575 60 11800
11800 60 15575
3860 8031 21659
8031 3860 21659
21659 3860 8031
26191 11107 27464
11107 26191 27464
27464 11107 26191
41 14936 25631
25631 41 14936
14936 41 25631
16867 8873 14703
14703 8873 16867
8873 14703 16867
11682 10617 26021
26021 10617 11682
10617 11682 26021
2199 4932 26990
26990 2199 4932
4932 2199 26990
12840 16390 25962
25962 12840 16390
16390 12840 25962
1254 15837 22642
15837 1254 22642
22642 1254 15837
24620 8656 16332
8656 16332 24620
16332 8656 24620
20495 22794 25476
22794 20495 25476
25476 20495 22794
9092 209 29174
209 9092 29174
29174 209 9092
1203 7918 9341
7918 1203 9341
9341 1203 7918
19380 4801 8854
8854 4801 19380
4801 8854 19380
3349 656 3055
656 3055 3349
3055 656 3349
29239 12613 14512
14512 12613 29239
12613 14512 29239
11695 6624 22255
6624 11695 22255
22255 6624 11695
1998 1346 26445
1346 1998 26445
26445 1346 1998
13806 11440 14088
14088 11440 13806
11440 13806 14088
15768 3898 9468
9468 3898 15768
3898 9468 15768
27741 13009 16684
16684 13009 27741
13009 16684 27741
22704 17803 23035
17803 22704 23035
23035 17803 22704
6245 1284 5925
1284 5925 6245
5925 1284 6245
1307 14037 17196
14037 1307 17196
17196 1307 14037
12606 10762 12246
12246 10762 12606
10762 12246 12606
13839 4479 26176
4479 13839 26176
26176 4479 13839
21715 6467 9404
9404 6467 21715
6467 9404 21715
21503 14160 19787
19787 14160 21503
14160 19787 21503
6125 24741 27671
24741 6125 27671
27671 6125 24741
23347 8844 26770
26770 8844 23347
8844 23347 26770
18124 306 29595
29595 306 18124
306 18124 29595
7006 3325 12962
3325 7006 12962
12962 3325 7006
3307 4214 22532
4214 3307 22532
22532 3307 4214
23142 12362 28532
12362 23142 28532
28532 12362 23142
11035 4156 22320
4156 11035 22320
22320 4156 11035
24102 9024 15621
15621 9024 24102
9024 15621 24102
7470 15659 23932
15659 7470 23932
23932 7470 15659
19237 15578 17654
17654 15578 19237
15578 17654 19237
24313 7258 7897
7258 7897 24313
7897 7258 24313
7598 3268 28508
3268 7598 28508
28508 3268 7598
10695 7678 20705
7678 10695 20705
20705 7678 10695
6573 7275 10101
7275 6573 10101
10101 6573 7275
1178 16476 26047
16476 1178 26047
26047 1178 16476
12376 28438 29761
28438 12376 29761
29761 12376 28438
2113 17168 25879
17168 2113 25879
25879 2113 17168
11506 3733 7778
7778 3733 11506
3733 7778 11506
26944 12416 12737
12416 12737 26944
12737 12416 26944
9175 7737 19025
19025 7737 9175
7737 9175 19025
2733 6886 15271
6886 2733 15271
15271 2733 6886
1575 18336 19018
18336 1575 19018
19018 1575 18336
19341 13096 22760
22760 13096 19341
13096 19341 22760
8088 14344 24198
14344 8088 24198
24198 8088 14344
5428 2944 12387
12387 2944 5428
2944 5428 12387
19354 7748 15372
15372 7748 19354
7748 15372 19354
20131 16758 22959
16758 20131 22959
22959 16758 20131
1061 3763 25199
25199 1061 3763
3763 1061 25199
3941 9220 18327
9220 3941 18327
18327 3941 9220
3736 10458 28102
10458 3736 28102
28102 3736 10458
10273 7866 8908
8908 7866 10273
7866 8908 10273
25933 11004 25236
25236 11004 25933
11004 25236 25933
21983 4233 4835
4835 4233 21983
4233 4835 21983
12493 7080 15395
7080 12493 15395
15395 7080 12493
13859 8122 19950
19950 8122 13859
8122 13859 19950
9735 8315 12330
12330 8315 9735
8315 9735 12330
2516 13607 21202
13607 2516 21202
21202 2516 13607
29645 12864 25694
25694 12864 29645
12864 25694 29645
13993 5265 12196
12196 5265 13993
5265 12196 13993
24079 7438 22004
22004 7438 24079
7438 22004 24079
4602 13963 25776
25776 4602 13963
13963 4602 25776
18262 20308 24841
24841 18262 20308
20308 18262 24841
25706 2265 15327
2265 15327 25706
15327 2265 25706
22615 2882 21693
2882 21693 22615
21693 2882 22615
634 17843 19377
17843 634 19377
19377 634 17843
9884 465 20841
465 9884 20841
20841 465 9884
20315 5281 5717
5717 5281 20315
5281 5717 20315
17750 11010 22108
22108 11010 17750
11010 17750 22108
14709 11956 24237
24237 11956 14709
11956 14709 24237
6021 15658 25138
25138 6021 15658
15658 6021 25138
16695 20701 21840
20701 16695 21840
21840 16695 20701
2060 6969 19109
6969 2060 19109
19109 2060 6969
16279 4664 14972
4664 14972 16279
14972 4664 16279
5427 5198 20639
5198 5427 20639
20639 5198 5427
12886 2768 12723
2768 12723 12886
12723 2768 12886
10428 6536 23138
6536 10428 23138
23138 6536 10428
25614 3601 9925
9925 3601 25614
3601 9925 25614
12007 3031 29139
3031 12007 29139
29139 3031 12007
2674 9383 22739
9383 2674 22739
22739 2674 9383
16293 17182 29640
29640 16293 17182
17182 16293 29640
29924 18312 25261
25261 18312 29924
18312 25261 29924
26490 2066 27920
2066 26490 27920
27920 2066 26490
19523 13076 21079
13076 19523 21079
21079 13076 19523
7921 21563 22957
21563 7921 22957
22957 7921 21563
15600 4067 9579
9579 4067 15600
4067 9579 15600
5957 5526 7227
7227 5526 5957
5526 5957 7227
25174 8796 17443
8796 17443 25174
17443 8796 25174
7837 5654 9447
5654 7837 9447
9447 5654 7837
26775 1884 20661
1884 20661 26775
20661 1884 26775
18925 396 29810
396 18925 29810
29810 396 18925
4268 12817 18053
12817 4268 18053
18053 4268 12817
14065 49 23334
23334 49 14065
49 14065 23334
28821 20109 26401
26401 20109 28821
20109 26401 28821
3830 9572 27646
27646 3830 9572
9572 3830 27646
14329 21944 22268
22268 14329 21944
21944 14329 22268
27565 6841 19733
6841 19733 27565
19733 6841 27565
479 3740 9111
3740 479 9111
9111 479 3740
3782 8193 28627
28627 3782 8193
8193 3782 28627
27345 11674 27145
11674 27145 27345
27145 11674 27345
5366 3707 20352
3707 5366 20352
20352 3707 5366
20932 4654 23927
4654 20932 23927
23927 4654 20932
7364 15143 19063
19063 7364 15143
15143 7364 19063
17022 889 11293
11293 889 17022
889 11293 17022
8814 10798 26329
10798 8814 26329
26329 8814 10798
442 9221 29016
29016 442 9221
9221 442 29016
19864 11650 14502
11650 14502 19864
14502 11650 19864
27985 10466 28700
28700 10466 27985
10466 27985 28700
27169 6702 29043
6702 27169 29043
29043 6702 27169
17043 19452 21578
21578 17043 19452
19452 17043 21578
4482 13357 29384
13357 4482 29384
29384 4482 13357
10432 6052 9437
6052 9437 10432
9437 6052 10432
10689 18691 24536
18691 10689 24536
24536 10689 18691
13509 9756 20330
9756 13509 20330
20330 9756 13509
17616 2971 19661
19661 2971 17616
2971 17616 19661
1428 4115 18103
18103 1428 4115
4115 1428 18103
21798 10566 17418
17418 10566 21798
10566 17418 21798
9304 4158 21759
21759 4158 9304
4158 9304 21759
29781 5079 22655
22655 5079 29781
5079 22655 29781
7845 14012 14581
14012 7845 14581
14581 7845 14012
16063 197 22798
22798 197 16063
197 16063 22798
20347 21010 25840
21010 20347 25840
25840 20347 21010
2191 5632 13622
13622 2191 5632
5632 2191 13622
24014 15411 16457
15411 16457 24014
16457 15411 24014
28590 13101 26498
13101 26498 28590
26498 13101 28590
17298 804 15712
804 15712 17298
15712 804 17298
18604 5661 14532
14532 5661 18604
5661 14532 18604
24225 17331 24977
24977 17331 24225
17331 24225 24977
23948 4804 20666
4804 20666 23948
20666 4804 23948
5640 1241 24955
1241 5640 24955
24955 1241 5640
22111 1623 29360
1623 22111 29360
29360 1623 22111
27469 5002 16188
5002 16188 27469
16188 5002 27469
15509 2391 11625
11625 2391 15509
2391 11625 15509
