271 191 261
191 261 271
261 191 271
97 17 202
202 17 97
17 97 202
285 21 272
272 21 285
21 272 285
186 7 77
7 77 186
77 7 186
211 99 109
109 99 211
99 109 211
116 5 149
5 116 149
149 5 116
268 58 248
248 58 268
58 248 268
173 178 179
178 173 179
179 173 178
6 145 228
145 6 228
228 6 145
102 95 172
172 95 102
95 102 172
255 140 182
182 140 255
140 182 255
205 181 190
181 190 205
190 181 205
2 44 166
44 2 166
166 2 44
244 91 300
91 244 300
300 91 244
104 162 250
162 104 250
250 104 162
296 50 120
120 50 296
50 120 296
203 113 180
113 180 203
180 113 203
279 107 227
107 227 279
227 107 279
243 110 131
131 110 243
110 131 243
235 12 257
12 235 257
257 12 235
206 128 246
128 206 246
246 128 206
125 274 282
282 125 274
274 125 282
164 197 226
226 164 197
197 164 226
219 132 187
187 132 219
132 187 219
137 1 92
92 1 137
1 92 137
117 36 183
183 36 117
36 117 183
200 61 277
61 200 277
277 61 200
171 59 236
236 59 171
59 171 236
160 134 262
134 160 262
262 134 160
65 112 124
124 65 112
112 65 124
144 240 278
278 144 240
240 144 278
270 135 218
135 218 270
218 135 270
256 29 223
29 223 256
223 29 256
176 101 170
101 170 176
170 101 176
189 71 283
283 71 189
71 189 283
156 53 153
153 53 156
53 153 156
49 31 259
31 49 259
259 31 49
130 35 122
122 35 130
35 122 130
118 148 215
215 118 148
148 118 215
232 27 264
27 232 264
264 27 232
161 56 76
76 56 161
56 76 161
286 231 249
249 231 286
231 249 286
198 3 265
265 3 198
3 198 265
281 159 225
159 225 281
225 159 281
266 90 174
90 174 266
174 90 266
297 83 141
141 83 297
83 141 297
185 96 276
96 185 276
276 96 185
106 138 290
290 106 138
138 106 290
194 74 220
74 194 220
220 74 194
298 18 214
214 18 298
18 214 298
210 139 217
139 210 217
217 139 210
151 23 267
23 151 267
267 23 151
237 136 177
136 177 237
177 136 237
89 70 152
152 70 89
70 89 152
233 9 73
9 73 233
73 9 233
11 157 222
222 11 157
157 11 222
167 46 169
46 167 169
169 46 167
147 55 230
55 147 230
230 55 147
41 64 299
64 41 299
299 41 64
78 252 291
252 78 291
291 78 252
67 100 273
100 67 273
273 67 100
292 60 175
175 60 292
60 175 292
221 52 105
105 52 221
52 105 221
165 20 86
86 20 165
20 86 165
158 247 288
247 158 288
288 158 247
24 45 93
45 24 93
93 24 45
209 68 216
68 209 216
216 68 209
284 195 229
229 195 284
195 229 284
193 16 188
188 16 193
16 188 193
103 37 163
163 37 103
37 103 163
245 258 294
294 245 258
258 245 294
208 26 81
26 81 208
81 26 208
42 184 207
207 42 184
184 42 207
4 47 155
155 4 47
47 4 155
19 48 142
142 19 48
48 19 142
123 66 238
66 123 238
238 66 123
241 51 289
51 241 289
289 51 241
80 251 275
251 80 275
275 80 251
69 119 201
201 69 119
119 69 201
199 28 126
28 126 199
126 28 199
280 87 242
242 87 280
87 242 280
212 121 234
121 212 234
234 121 212
25 40 111
40 25 111
111 25 40
295 143 260
260 143 295
143 260 295
154 115 127
127 115 154
115 127 154
253 287 293
293 253 287
287 253 293
196 34 43
34 43 196
43 34 196
72 129 239
239 72 129
129 72 239
269 85 98
85 98 269
98 85 269
75 8 10
8 10 75
10 8 75
213 14 15
15 14 213
14 15 213
204 57 146
57 146 204
146 57 204
108 114 263
263 108 114
114 108 263
88 32 84
32 84 88
84 32 88
22 150 168
150 22 168
168 22 150
133 38 62
38 62 133
62 38 133
30 13 94
94 13 30
13 30 94
54 224 254
254 54 224
224 54 254
33 63 192
192 33 63
63 33 192
82 39 79
79 39 82
39 79 82
