54373 20381 137574
20381 54373 137574
137574 20381 54373
128575 23020 36063
36063 23020 128575
23020 36063 128575
55842 13907 38484
13907 38484 55842
38484 13907 55842
81094 54220 139249
54220 81094 139249
139249 54220 81094
103559 59692 146718
146718 59692 103559
59692 103559 146718
99274 11253 85255
85255 11253 99274
11253 85255 99274
40586 41866 59148
59148 40586 41866
41866 40586 59148
41324 5753 105665
105665 5753 41324
5753 41324 105665
140410 23923 100835
100835 23923 140410
23923 100835 140410
86646 3186 94431
94431 3186 86646
3186 86646 94431
75179 11076 88312
11076 75179 88312
88312 11076 75179
126925 72116 129065
129065 72116 126925
72116 126925 129065
5582 9212 52514
52514 5582 9212
9212 5582 52514
30108 114334 148695
114334 30108 148695
148695 30108 114334
49393 41846 85848
41846 49393 85848
85848 41846 49393
145260 106082 144347
106082 144347 145260
144347 106082 145260
31526 2070 145096
2070 31526 145096
145096 2070 31526
114149 1853 91856
91856 1853 114149
1853 91856 114149
45157 85295 143582
143582 45157 85295
85295 45157 143582
57508 78019 146309
146309 57508 78019
78019 57508 146309
135393 31824 43603
31824 43603 135393
43603 31824 135393
131945 19703 88092
19703 88092 131945
88092 19703 131945
132257 54512 126084
126084 54512 132257
54512 126084 132257
63148 3642 48848
3642 48848 63148
48848 3642 63148
74390 31291 118499
118499 31291 74390
31291 74390 118499
3118 118100 130724
130724 3118 118100
118100 3118 130724
11227 82413 99377
82413 11227 99377
99377 11227 82413
73571 94291 149693
149693 73571 94291
94291 73571 149693
34478 8263 17502
17502 8263 34478
8263 17502 34478
75272 32015 105624
32015 75272 105624
105624 32015 75272
86213 100064 148141
148141 86213 100064
100064 86213 148141
137027 14816 19682
14816 19682 137027
19682 14816 137027
50369 97608 101624
101624 50369 97608
97608 50369 101624
31354 7807 123539
123539 7807 31354
7807 31354 123539
149288 38831 60677
60677 38831 149288
38831 60677 149288
35318 51312 88652
51312 35318 88652
88652 35318 51312
10509 4007 26552
26552 4007 10509
4007 10509 26552
119722 79336 125735
125735 79336 119722
79336 119722 125735
15386 52149 108773
52149 15386 108773
108773 15386 52149
139958 75362 104011
75362 104011 139958
104011 75362 139958
101186 12148 145910
145910 12148 101186
12148 101186 145910
65469 982 34608
34608 982 65469
982 34608 65469
105641 84544 110344
84544 105641 110344
110344 84544 105641
110568 51091 86893
51091 86893 110568
86893 51091 110568
140218 72636 149936
149936 72636 140218
72636 140218 149936
126363 52500 52890
52500 52890 126363
52890 52500 126363
77877 26442 33730
26442 33730 77877
33730 26442 77877
136758 62208 86004
86004 62208 136758
62208 86004 136758
2040 41603 56944
41603 2040 56944
56944 2040 41603
27490 8146 89932
89932 8146 27490
8146 27490 89932
84717 80608 128633
80608 84717 128633
128633 80608 84717
97334 6770 144674
6770 97334 144674
144674 6770 97334
71654 44160 95821
95821 44160 71654
44160 71654 95821
11090 25854 89182
89182 11090 25854
25854 11090 89182
109548 96600 102009
96600 102009 109548
102009 96600 109548
140753 68036 106879
106879 68036 140753
68036 106879 140753
70086 5272 24068
5272 24068 70086
24068 5272 70086
71862 6 96910
6 71862 96910
96910 6 71862
2113 35405 145501
145501 2113 35405
35405 2113 145501
133133 67309 73481
67309 73481 133133
73481 67309 133133
1315 84742 136114
84742 1315 136114
136114 1315 84742
120161 87391 148573
87391 120161 148573
148573 87391 120161
34039 58194 127746
127746 34039 58194
58194 34039 127746
109059 42311 140355
42311 109059 140355
140355 42311 109059
81745 32613 41938
41938 32613 81745
32613 41938 81745
101096 60022 86218
86218 60022 101096
60022 86218 101096
149320 85268 137429
85268 137429 149320
137429 85268 149320
90877 19800 141190
19800 90877 141190
141190 19800 90877
165 36915 66058
66058 165 36915
36915 165 66058
121433 50031 116066
116066 50031 121433
50031 116066 121433
127800 102340 104865
104865 102340 127800
102340 104865 127800
78850 35260 80173
80173 35260 78850
35260 78850 80173
35894 2687 49347
2687 35894 49347
49347 2687 35894
52520 52142 88106
88106 52142 52520
52142 52520 88106
51050 62303 134060
134060 51050 62303
62303 51050 134060
120424 23679 47027
47027 23679 120424
23679 47027 120424
47835 81747 138315
138315 47835 81747
81747 47835 138315
116272 29545 138540
29545 116272 138540
138540 29545 116272
124223 89425 112097
112097 89425 124223
89425 112097 124223
48543 27245 145095
145095 27245 48543
27245 48543 145095
77976 79270 110465
79270 77976 110465
110465 77976 79270
87741 34507 118947
118947 34507 87741
34507 87741 118947
26083 25858 26469
26469 25858 26083
25858 26083 26469
53659 68048 127891
68048 53659 127891
127891 53659 68048
49294 64076 88402
88402 49294 64076
64076 49294 88402
100415 33202 74252
74252 33202 100415
33202 74252 100415
140314 31066 31686
31686 31066 140314
31066 31686 140314
102519 45554 99230
45554 99230 102519
99230 45554 102519
93006 8216 121339
8216 93006 121339
121339 8216 93006
85687 47714 74072
47714 74072 85687
74072 47714 85687
133059 9877 88975
88975 9877 133059
9877 88975 133059
94309 77070 136544
77070 94309 136544
136544 77070 94309
34402 55089 112522
55089 34402 112522
112522 34402 55089
96958 1657 134030
1657 96958 134030
134030 1657 96958
55674 37324 117989
37324 55674 117989
117989 37324 55674
11103 97169 117128
117128 11103 97169
97169 11103 117128
96306 122290 144776
144776 96306 122290
122290 96306 144776
131126 108206 122802
122802 108206 131126
108206 122802 131126
56520 15781 104496
15781 56520 104496
104496 15781 56520
36195 6693 115635
6693 36195 115635
115635 6693 36195
67018 8652 79236
79236 8652 67018
8652 67018 79236
36311 19275 140854
140854 19275 36311
19275 36311 140854
141368 20079 36355
36355 20079 141368
20079 36355 141368
767 131881 145787
131881 767 145787
145787 767 131881
105048 24020 88224
24020 88224 105048
88224 24020 105048
69870 15081 21683
15081 21683 69870
21683 15081 69870
37191 56007 93637
56007 37191 93637
93637 37191 56007
138550 50675 89749
50675 89749 138550
89749 50675 138550
143581 123561 145856
145856 123561 143581
123561 143581 145856
22474 36271 124103
36271 22474 124103
124103 22474 36271
61094 21008 63387
21008 61094 63387
63387 21008 61094
92684 8078 110353
8078 92684 110353
110353 8078 92684
132509 87589 110736
87589 110736 132509
110736 87589 132509
135202 80310 113921
80310 113921 135202
113921 80310 135202
135439 121749 141002
141002 121749 135439
121749 135439 141002
142596 90996 100373
100373 90996 142596
90996 100373 142596
64783 119236 120523
119236 64783 120523
120523 64783 119236
69760 38411 118285
38411 69760 118285
118285 38411 69760
43798 77776 93295
77776 43798 93295
93295 43798 77776
81639 4443 71644
71644 4443 81639
4443 71644 81639
28155 50265 149515
50265 28155 149515
149515 28155 50265
54568 26600 99818
26600 54568 99818
99818 26600 54568
141235 84509 122564
84509 122564 141235
122564 84509 141235
145778 95275 134099
95275 134099 145778
134099 95275 145778
112031 7065 60970
7065 60970 112031
60970 7065 112031
139955 82740 132429
82740 132429 139955
132429 82740 139955
38180 53529 138237
138237 38180 53529
53529 38180 138237
60607 16669 106672
16669 60607 106672
106672 16669 60607
18048 79544 144677
144677 18048 79544
79544 18048 144677
54743 36986 64967
36986 54743 64967
64967 36986 54743
3221 147063 149502
147063 3221 149502
149502 3221 147063
11000 78261 147060
147060 11000 78261
78261 11000 147060
139605 74048 118341
74048 118341 139605
118341 74048 139605
61015 24391 102515
102515 24391 61015
24391 61015 102515
147891 3883 56523
3883 56523 147891
56523 3883 147891
9584 32102 111969
32102 9584 111969
111969 9584 32102
46627 382 146307
146307 382 46627
382 46627 146307
26807 104041 135965
104041 26807 135965
135965 26807 104041
44609 131348 147292
147292 44609 131348
131348 44609 147292
118152 9960 130618
9960 118152 130618
130618 9960 118152
119324 49547 72759
49547 72759 119324
72759 49547 119324
83045 71673 108150
108150 71673 83045
71673 83045 108150
41385 10214 129072
129072 10214 41385
10214 41385 129072
75565 22346 124910
22346 75565 124910
124910 22346 75565
18688 51878 149595
51878 18688 149595
149595 18688 51878
66937 84716 133021
133021 66937 84716
84716 66937 133021
60761 42868 113758
42868 60761 113758
113758 42868 60761
105740 59615 105145
59615 105145 105740
105145 59615 105740
126435 31347 69786
69786 31347 126435
31347 69786 126435
116434 51553 73678
73678 51553 116434
51553 73678 116434
60440 33121 148495
148495 33121 60440
33121 60440 148495
111971 5485 107399
5485 107399 111971
107399 5485 111971
119050 62583 99835
62583 99835 119050
99835 62583 119050
36153 122946 133235
122946 36153 133235
133235 36153 122946
113157 21475 36799
21475 36799 113157
36799 21475 113157
79700 22330 89709
89709 22330 79700
22330 79700 89709
77126 46684 110723
46684 77126 110723
110723 46684 77126
1968 70708 105576
70708 1968 105576
105576 1968 70708
121476 102522 127526
102522 121476 127526
127526 102522 121476
92 9674 125763
125763 92 9674
9674 92 125763
120348 6979 61052
61052 6979 120348
6979 61052 120348
17798 123374 141915
141915 17798 123374
123374 17798 141915
56124 3721 84018
3721 56124 84018
84018 3721 56124
129750 9269 19319
19319 9269 129750
9269 19319 129750
84998 48465 84826
84826 48465 84998
48465 84826 84998
23594 51207 135656
135656 23594 51207
51207 23594 135656
145940 16612 68916
68916 16612 145940
16612 68916 145940
122459 2530 143785
143785 2530 122459
2530 122459 143785
39631 21104 112737
112737 21104 39631
21104 39631 112737
117799 47565 140775
140775 47565 117799
47565 117799 140775
121617 134024 134702
134702 121617 134024
134024 121617 134702
31118 36886 40259
40259 31118 36886
36886 31118 40259
19725 50344 104216
104216 19725 50344
50344 19725 104216
72040 51077 104131
51077 72040 104131
104131 51077 72040
146491 13313 24302
24302 13313 146491
13313 24302 146491
131148 56781 88867
56781 88867 131148
88867 56781 131148
17015 88167 140612
140612 17015 88167
88167 17015 140612
119608 70367 138514
138514 70367 119608
70367 119608 138514
129292 64410 103840
103840 64410 129292
64410 103840 129292
31885 27185 121728
121728 27185 31885
27185 31885 121728
11453 12825 126753
126753 11453 12825
12825 11453 126753
6097 67161 149542
67161 6097 149542
149542 6097 67161
58548 58947 112454
112454 58548 58947
58947 58548 112454
86579 42918 131046
42918 86579 131046
131046 42918 86579
41763 6427 87180
6427 41763 87180
87180 6427 41763
61961 103158 117859
117859 61961 103158
103158 61961 117859
120146 91908 137740
137740 91908 120146
91908 120146 137740
55546 47421 53763
53763 47421 55546
47421 53763 55546
139382 63988 82677
63988 82677 139382
82677 63988 139382
71374 10014 99733
99733 10014 71374
10014 71374 99733
146454 21940 24666
24666 21940 146454
21940 24666 146454
104664 81950 146387
81950 104664 146387
146387 81950 104664
48484 80418 124221
124221 48484 80418
80418 48484 124221
59382 75437 113059
75437 59382 113059
113059 59382 75437
54881 82848 138908
82848 54881 138908
138908 54881 82848
98657 41440 48982
48982 41440 98657
41440 48982 98657
91826 29441 100901
100901 29441 91826
29441 91826 100901
140335 40501 99820
99820 40501 140335
40501 99820 140335
27359 42403 51129
51129 27359 42403
42403 27359 51129
99342 56676 66873
66873 56676 99342
56676 66873 99342
76067 4673 62822
62822 4673 76067
4673 62822 76067
52099 35160 52495
35160 52099 52495
52495 35160 52099
37506 119179 122284
119179 37506 122284
122284 37506 119179
139905 111191 134893
134893 111191 139905
111191 134893 139905
57601 31198 136581
136581 31198 57601
31198 57601 136581
24048 87517 121432
87517 24048 121432
121432 24048 87517
47616 78809 116461
116461 47616 78809
78809 47616 116461
82026 105253 114967
114967 82026 105253
105253 82026 114967
148828 76641 141218
141218 76641 148828
76641 141218 148828
61444 24951 45844
45844 24951 61444
24951 45844 61444
48537 32213 42130
42130 32213 48537
32213 42130 48537
103128 52909 64436
52909 64436 103128
64436 52909 103128
6633 7410 28572
28572 6633 7410
7410 6633 28572
27116 42415 91427
42415 27116 91427
91427 27116 42415
140977 331 146196
146196 331 140977
331 140977 146196
138304 36188 73119
73119 36188 138304
36188 73119 138304
141491 53372 67708
53372 67708 141491
67708 53372 141491
64481 42737 61784
42737 61784 64481
61784 42737 64481
33114 27570 77567
77567 27570 33114
27570 33114 77567
23079 55131 100837
100837 23079 55131
55131 23079 100837
43957 45563 121737
45563 43957 121737
121737 43957 45563
114920 65362 136118
136118 65362 114920
65362 114920 136118
8357 89686 127888
89686 8357 127888
127888 8357 89686
75401 23744 67494
67494 23744 75401
23744 67494 75401
139851 116533 117224
117224 116533 139851
116533 117224 139851
131095 79851 128393
79851 128393 131095
128393 79851 131095
18110 1745 32605
32605 1745 18110
1745 18110 32605
21122 92970 125406
92970 21122 125406
125406 21122 92970
77050 61456 97881
97881 61456 77050
61456 77050 97881
71262 17099 140366
17099 71262 140366
140366 17099 71262
51501 2 88644
88644 2 51501
2 51501 88644
93242 59948 104485
59948 93242 104485
104485 59948 93242
58182 8156 14059
14059 8156 58182
8156 14059 58182
42555 68107 81626
68107 42555 81626
81626 42555 68107
95746 30879 109369
109369 30879 95746
30879 95746 109369
131533 37485 67674
37485 67674 131533
67674 37485 131533
51784 24366 90525
24366 51784 90525
90525 24366 51784
129612 89404 127522
127522 89404 129612
89404 127522 129612
1659 57591 111756
111756 1659 57591
57591 1659 111756
81981 10172 33221
33221 10172 81981
10172 33221 81981
38612 141982 144832
141982 38612 144832
144832 38612 141982
35806 144676 144717
144676 35806 144717
144717 35806 144676
108416 18338 43747
43747 18338 108416
18338 43747 108416
135655 40633 115687
40633 115687 135655
115687 40633 135655
119719 105081 126066
126066 105081 119719
105081 119719 126066
115691 28464 118772
28464 115691 118772
118772 28464 115691
62815 23404 58303
58303 23404 62815
23404 58303 62815
134663 147287 149922
147287 134663 149922
149922 134663 147287
49046 89962 132897
132897 49046 89962
89962 49046 132897
64132 78424 110175
78424 64132 110175
110175 64132 78424
57655 50006 79155
79155 50006 57655
50006 57655 79155
23370 12286 99302
12286 23370 99302
99302 12286 23370
73653 76475 119646
119646 73653 76475
76475 73653 119646
5376 45026 67430
45026 5376 67430
67430 5376 45026
89347 48230 54035
54035 48230 89347
48230 54035 89347
131370 70053 114933
114933 70053 131370
70053 114933 131370
57807 36733 70855
70855 36733 57807
36733 57807 70855
18483 99125 112901
99125 18483 112901
112901 18483 99125
77853 90329 99903
99903 77853 90329
90329 77853 99903
17041 12703 125294
12703 17041 125294
125294 12703 17041
106032 41389 98742
41389 98742 106032
98742 41389 106032
809 86235 130854
86235 809 130854
130854 809 86235
47484 79816 100811
79816 47484 100811
100811 47484 79816
45520 37648 55850
55850 37648 45520
37648 45520 55850
15971 72310 87970
72310 15971 87970
87970 15971 72310
187 1115 78927
1115 187 78927
78927 187 1115
23117 98178 137789
137789 23117 98178
98178 23117 137789
136381 28088 51951
28088 51951 136381
51951 28088 136381
81637 83159 106225
83159 81637 106225
106225 81637 83159
12855 53664 72295
53664 12855 72295
72295 12855 53664
72242 89320 123976
89320 72242 123976
123976 72242 89320
4596 55677 64971
55677 4596 64971
64971 4596 55677
105099 34721 82686
34721 82686 105099
82686 34721 105099
142792 87753 103594
87753 103594 142792
103594 87753 142792
77680 55401 72340
55401 72340 77680
72340 55401 77680
20347 68204 95315
95315 20347 68204
68204 20347 95315
110693 73631 80700
73631 80700 110693
80700 73631 110693
67458 3803 85466
3803 67458 85466
85466 3803 67458
115014 47601 54016
54016 47601 115014
47601 54016 115014
138589 21238 129748
21238 129748 138589
129748 21238 138589
104400 9865 132342
9865 104400 132342
132342 9865 104400
37423 31728 66750
66750 31728 37423
31728 37423 66750
104816 88249 111319
111319 88249 104816
88249 104816 111319
77555 37941 131646
131646 37941 77555
37941 77555 131646
98705 105188 145179
105188 98705 145179
145179 98705 105188
26025 61304 116843
116843 26025 61304
61304 26025 116843
46797 27387 117191
27387 46797 117191
117191 27387 46797
6891 26841 87056
26841 6891 87056
87056 6891 26841
119538 31868 84930
31868 84930 119538
84930 31868 119538
133233 62712 117438
117438 62712 133233
62712 117438 133233
149447 50423 131424
131424 50423 149447
50423 131424 149447
112913 4668 15293
15293 4668 112913
4668 15293 112913
72339 88853 123001
123001 72339 88853
88853 72339 123001
23374 20455 71946
20455 23374 71946
71946 20455 23374
62538 25843 137923
137923 25843 62538
25843 62538 137923
50382 15391 57453
15391 50382 57453
57453 15391 50382
144817 10269 121307
121307 10269 144817
10269 121307 144817
63171 105994 126553
105994 63171 126553
126553 63171 105994
11502 18980 50306
50306 11502 18980
18980 11502 50306
42554 62739 73962
73962 42554 62739
62739 42554 73962
130667 15589 48560
48560 15589 130667
15589 48560 130667
92471 62835 126373
126373 62835 92471
62835 92471 126373
127975 78806 86617
78806 86617 127975
86617 78806 127975
42744 68391 133835
133835 42744 68391
68391 42744 133835
34235 78640 90559
90559 34235 78640
78640 34235 90559
127683 15043 141381
15043 127683 141381
141381 15043 127683
89556 55496 84841
55496 84841 89556
84841 55496 89556
46355 65630 130787
65630 46355 130787
130787 46355 65630
117725 32952 78962
32952 78962 117725
78962 32952 117725
12334 37317 88019
37317 12334 88019
88019 12334 37317
62830 5680 62061
62061 5680 62830
5680 62061 62830
48039 36149 104996
104996 36149 48039
36149 48039 104996
30249 16110 24246
24246 16110 30249
16110 24246 30249
119283 44667 104817
44667 104817 119283
104817 44667 119283
132390 35290 53104
53104 35290 132390
35290 53104 132390
109411 42149 99362
99362 42149 109411
42149 99362 109411
108976 101375 143112
101375 108976 143112
143112 101375 108976
82481 38688 119122
119122 38688 82481
38688 82481 119122
21307 7932 70604
70604 7932 21307
7932 21307 70604
68455 2098 4320
4320 2098 68455
2098 4320 68455
81623 104215 118520
118520 81623 104215
104215 81623 118520
80642 18440 93477
18440 80642 93477
93477 18440 80642
29608 21882 53860
21882 29608 53860
53860 21882 29608
20578 72181 90975
72181 20578 90975
90975 20578 72181
7151 3451 118659
118659 3451 7151
3451 7151 118659
93660 47727 126130
126130 47727 93660
47727 93660 126130
115518 31627 69500
31627 69500 115518
69500 31627 115518
96253 90517 134742
134742 90517 96253
90517 96253 134742
85197 3757 73787
3757 73787 85197
73787 3757 85197
46568 4057 129579
4057 46568 129579
129579 4057 46568
15414 89515 108344
108344 15414 89515
89515 15414 108344
120396 24061 88812
88812 24061 120396
24061 88812 120396
145648 958 44379
958 44379 145648
44379 958 145648
132103 63880 140048
140048 63880 132103
63880 132103 140048
131532 95 57941
57941 95 131532
95 57941 131532
5314 87369 115388
115388 5314 87369
87369 5314 115388
21250 43376 91825
43376 21250 91825
91825 21250 43376
91879 60817 110620
60817 91879 110620
110620 60817 91879
80535 106821 138888
106821 80535 138888
138888 80535 106821
98885 60283 140840
140840 60283 98885
60283 98885 140840
134104 98701 117001
98701 117001 134104
117001 98701 134104
48947 5557 103192
103192 5557 48947
5557 48947 103192
34641 38346 121203
121203 34641 38346
38346 34641 121203
32480 752 12007
752 12007 32480
12007 752 32480
61158 19303 26503
26503 19303 61158
19303 26503 61158
9588 38937 83533
38937 9588 83533
83533 9588 38937
74335 54611 137183
54611 74335 137183
137183 54611 74335
101329 93840 145354
145354 93840 101329
93840 101329 145354
67417 19558 127402
19558 67417 127402
127402 19558 67417
40947 52290 89895
52290 40947 89895
89895 40947 52290
33418 111887 146408
111887 33418 146408
146408 33418 111887
38752 1133 109561
1133 38752 109561
109561 1133 38752
15941 27241 101795
101795 15941 27241
27241 15941 101795
41421 5093 64054
64054 5093 41421
5093 41421 64054
126976 5888 86817
86817 5888 126976
5888 86817 126976
95373 894 117491
117491 894 95373
894 95373 117491
97609 74144 134267
134267 74144 97609
74144 97609 134267
61576 90434 129099
129099 61576 90434
90434 61576 129099
34780 3828 39905
3828 34780 39905
39905 3828 34780
30551 83590 85368
83590 30551 85368
85368 30551 83590
29661 42838 88378
42838 29661 88378
88378 29661 42838
58325 35218 86418
86418 35218 58325
35218 58325 86418
3225 12145 129258
12145 3225 129258
129258 3225 12145
85725 24494 48822
48822 24494 85725
24494 48822 85725
121774 79431 131920
131920 79431 121774
79431 121774 131920
96774 98247 108938
98247 96774 108938
108938 96774 98247
88518 82815 131752
131752 82815 88518
82815 88518 131752
136395 105531 105875
105875 105531 136395
105531 105875 136395
73278 4712 46074
46074 4712 73278
4712 46074 73278
102098 16734 141102
16734 102098 141102
141102 16734 102098
77596 38663 110850
38663 77596 110850
110850 38663 77596
35467 95972 108232
95972 35467 108232
108232 35467 95972
111935 123404 139018
123404 111935 139018
139018 111935 123404
123326 15291 22290
22290 15291 123326
15291 22290 123326
70404 117310 140668
117310 70404 140668
140668 70404 117310
24559 4705 145053
145053 4705 24559
4705 24559 145053
50742 30284 50856
50856 30284 50742
30284 50742 50856
25442 27744 41809
41809 25442 27744
27744 25442 41809
73841 25826 141953
141953 25826 73841
25826 73841 141953
66857 28341 28890
28890 28341 66857
28341 28890 66857
29033 40899 69343
69343 29033 40899
40899 29033 69343
8716 5060 23460
5060 8716 23460
23460 5060 8716
8971 30265 138907
30265 8971 138907
138907 8971 30265
127020 23314 94200
94200 23314 127020
23314 94200 127020
118946 17105 141341
17105 118946 141341
141341 17105 118946
89898 112041 129808
112041 89898 129808
129808 89898 112041
140454 97363 99542
97363 99542 140454
99542 97363 140454
51288 25275 116194
116194 25275 51288
25275 51288 116194
76488 33720 103597
33720 76488 103597
103597 33720 76488
53800 51638 115898
51638 53800 115898
115898 51638 53800
147844 26845 69058
26845 69058 147844
69058 26845 147844
120839 90450 130622
130622 90450 120839
90450 120839 130622
77771 91686 143100
91686 77771 143100
143100 77771 91686
72019 56644 118920
118920 56644 72019
56644 72019 118920
144154 25181 137734
137734 25181 144154
25181 137734 144154
127644 53845 129708
53845 127644 129708
129708 53845 127644
127452 39623 48341
48341 39623 127452
39623 48341 127452
46952 72443 132300
72443 46952 132300
132300 46952 72443
140600 46913 131311
131311 46913 140600
46913 131311 140600
69445 46266 129419
129419 46266 69445
46266 69445 129419
46516 22109 66488
22109 46516 66488
66488 22109 46516
79801 23811 63364
23811 63364 79801
63364 23811 79801
50010 79313 103545
103545 50010 79313
79313 50010 103545
83615 73322 141994
73322 83615 141994
141994 73322 83615
38623 5213 43606
5213 38623 43606
43606 5213 38623
60955 75649 124328
124328 60955 75649
75649 60955 124328
120047 65835 121956
121956 65835 120047
65835 120047 121956
11792 53197 116515
53197 11792 116515
116515 11792 53197
16236 49478 120447
120447 16236 49478
49478 16236 120447
35269 128381 145181
145181 35269 128381
128381 35269 145181
91202 96546 108472
108472 91202 96546
96546 91202 108472
15070 13750 88210
88210 13750 15070
13750 15070 88210
7379 60097 108470
108470 7379 60097
60097 7379 108470
101614 94725 110534
94725 101614 110534
110534 94725 101614
93024 98386 139753
139753 93024 98386
98386 93024 139753
48606 88382 90067
90067 48606 88382
88382 48606 90067
62819 127314 129320
129320 62819 127314
127314 62819 129320
88242 20795 65812
20795 65812 88242
65812 20795 88242
23569 5928 63072
63072 5928 23569
5928 23569 63072
22350 34966 66970
66970 22350 34966
34966 22350 66970
81429 125617 145653
145653 81429 125617
125617 81429 145653
59536 83672 148243
83672 59536 148243
148243 59536 83672
70038 5078 40792
5078 40792 70038
40792 5078 70038
46017 20875 76580
20875 46017 76580
76580 20875 46017
8672 75176 106098
75176 8672 106098
106098 8672 75176
4311 59093 76787
59093 4311 76787
76787 4311 59093
55856 81998 148622
81998 55856 148622
148622 55856 81998
16012 95729 108840
108840 16012 95729
95729 16012 108840
53066 34059 52821
34059 52821 53066
52821 34059 53066
43365 46832 120239
120239 43365 46832
46832 43365 120239
61131 60310 135054
60310 61131 135054
135054 60310 61131
82043 96553 149814
149814 82043 96553
96553 82043 149814
49288 17151 61195
61195 17151 49288
17151 49288 61195
94710 96040 142734
96040 94710 142734
142734 94710 96040
119644 53677 103063
53677 103063 119644
103063 53677 119644
56191 61379 136244
61379 56191 136244
136244 56191 61379
115463 11570 113182
11570 113182 115463
113182 11570 115463
63576 29922 30964
30964 29922 63576
29922 30964 63576
93054 107122 113263
107122 93054 113263
113263 93054 107122
40408 32235 95839
95839 32235 40408
32235 40408 95839
86922 27472 112437
27472 86922 112437
112437 27472 86922
12116 80400 115353
115353 12116 80400
80400 12116 115353
11367 30500 58353
58353 11367 30500
30500 11367 58353
73424 15988 24847
24847 15988 73424
15988 24847 73424
75184 137765 148111
137765 75184 148111
148111 75184 137765
53669 88231 96496
96496 53669 88231
88231 53669 96496
108139 65240 104666
65240 104666 108139
104666 65240 108139
95216 44485 85755
85755 44485 95216
44485 85755 95216
85907 58024 89893
89893 58024 85907
58024 85907 89893
147078 39287 76517
39287 76517 147078
76517 39287 147078
136937 37964 134192
134192 37964 136937
37964 134192 136937
39869 59669 81454
59669 39869 81454
81454 39869 59669
105560 85975 108435
85975 105560 108435
108435 85975 105560
23354 25958 116146
25958 23354 116146
116146 23354 25958
59024 61595 140895
140895 59024 61595
61595 59024 140895
137131 107654 109965
109965 107654 137131
107654 109965 137131
91345 11713 30840
30840 11713 91345
11713 30840 91345
43045 33469 53364
53364 33469 43045
33469 43045 53364
117511 26221 73566
73566 26221 117511
26221 73566 117511
7180 8129 70908
8129 7180 70908
70908 7180 8129
611 51299 92775
92775 611 51299
51299 611 92775
29104 26859 71665
71665 26859 29104
26859 29104 71665
2594 82152 92807
92807 2594 82152
82152 2594 92807
94946 28148 78634
78634 28148 94946
28148 78634 94946
6591 59214 124264
59214 6591 124264
124264 6591 59214
102552 112196 122853
112196 102552 122853
122853 102552 112196
24869 23637 63772
23637 24869 63772
63772 23637 24869
45048 42935 141070
42935 45048 141070
141070 42935 45048
54682 1307 73697
73697 1307 54682
1307 54682 73697
87893 30204 117502
30204 87893 117502
117502 30204 87893
2436 67198 111827
111827 2436 67198
67198 2436 111827
138704 12050 140588
140588 12050 138704
12050 138704 140588
135451 61336 118753
118753 61336 135451
61336 118753 135451
103465 18237 145372
18237 103465 145372
145372 18237 103465
47757 29504 118382
29504 47757 118382
118382 29504 47757
86282 2186 99802
99802 2186 86282
2186 86282 99802
11852 22672 35836
35836 11852 22672
22672 11852 35836
117258 13874 49164
49164 13874 117258
13874 49164 117258
1797 73551 90750
73551 1797 90750
90750 1797 73551
34560 14039 27811
14039 27811 34560
27811 14039 34560
140414 2448 15603
2448 15603 140414
15603 2448 140414
42844 104875 133232
133232 42844 104875
104875 42844 133232
8589 58204 120802
58204 8589 120802
120802 8589 58204
13155 43105 136462
136462 13155 43105
43105 13155 136462
3001 76302 145362
145362 3001 76302
76302 3001 145362
62661 28242 78768
28242 62661 78768
78768 28242 62661
138858 32995 147167
147167 32995 138858
32995 138858 147167
10706 26075 68158
68158 10706 26075
26075 10706 68158
75085 34631 43079
43079 34631 75085
34631 43079 75085
88828 5981 94422
5981 88828 94422
94422 5981 88828
9867 15137 124581
124581 9867 15137
15137 9867 124581
7213 7102 32972
7102 7213 32972
32972 7102 7213
76222 107671 125835
107671 76222 125835
125835 76222 107671
90585 18869 147144
147144 18869 90585
18869 90585 147144
120464 38549 42452
42452 38549 120464
38549 42452 120464
105159 67693 128945
128945 67693 105159
67693 105159 128945
101306 30043 132369
132369 30043 101306
30043 101306 132369
73855 28147 28253
28147 28253 73855
28253 28147 73855
20004 79527 118832
79527 20004 118832
118832 20004 79527
105252 92356 95924
95924 92356 105252
92356 95924 105252
36578 75446 111701
111701 36578 75446
75446 36578 111701
145728 84772 91504
91504 84772 145728
84772 91504 145728
103367 46158 73178
73178 46158 103367
46158 73178 103367
11168 34743 52362
52362 11168 34743
34743 11168 52362
125272 37826 92054
37826 92054 125272
92054 37826 125272
86957 72811 132957
72811 86957 132957
132957 72811 86957
18484 7409 149731
7409 18484 149731
149731 7409 18484
35800 64155 141879
64155 35800 141879
141879 35800 64155
50513 99711 141640
141640 50513 99711
99711 50513 141640
137255 19447 99757
99757 19447 137255
19447 99757 137255
38561 100154 114137
100154 38561 114137
114137 38561 100154
70100 42412 148842
148842 42412 70100
42412 70100 148842
11025 100158 147187
100158 11025 147187
147187 11025 100158
147645 93145 95494
93145 95494 147645
95494 93145 147645
67951 46519 95125
95125 46519 67951
46519 67951 95125
111727 6906 113260
6906 111727 113260
113260 6906 111727
134492 97874 149966
97874 134492 149966
149966 97874 134492
132205 106396 134764
106396 132205 134764
134764 106396 132205
12006 23815 28025
28025 12006 23815
23815 12006 28025
25924 1526 14833
14833 1526 25924
1526 14833 25924
123049 48228 78928
78928 48228 123049
48228 78928 123049
149856 55344 62833
62833 55344 149856
55344 62833 149856
86875 54822 98984
54822 86875 98984
98984 54822 86875
110268 28090 78166
78166 28090 110268
28090 78166 110268
7371 51796 72495
51796 7371 72495
72495 7371 51796
142199 102232 110410
110410 102232 142199
102232 110410 142199
73743 25627 39080
25627 39080 73743
39080 25627 73743
48644 22105 125068
22105 48644 125068
125068 22105 48644
105817 1864 115034
115034 1864 105817
1864 105817 115034
33854 11572 94668
94668 11572 33854
11572 33854 94668
12347 70055 132456
132456 12347 70055
70055 12347 132456
12939 111890 149341
149341 12939 111890
111890 12939 149341
16256 3872 64379
3872 16256 64379
64379 3872 16256
144766 33235 146301
33235 144766 146301
146301 33235 144766
91882 44339 143643
143643 44339 91882
44339 91882 143643
12914 3197 127164
127164 3197 12914
3197 12914 127164
21494 34836 90443
90443 21494 34836
34836 21494 90443
43460 8392 14311
14311 8392 43460
8392 14311 43460
131796 55789 89339
89339 55789 131796
55789 89339 131796
91012 98776 124695
98776 91012 124695
124695 91012 98776
24160 49554 55992
49554 24160 55992
55992 24160 49554
136677 14647 28779
14647 28779 136677
28779 14647 136677
92689 5822 78592
78592 5822 92689
5822 78592 92689
66492 51808 106293
106293 51808 66492
51808 66492 106293
57717 89664 99248
99248 57717 89664
89664 57717 99248
115670 58587 124234
58587 115670 124234
124234 58587 115670
137542 13398 89956
13398 89956 137542
89956 13398 137542
112815 81761 130899
130899 81761 112815
81761 112815 130899
56156 126716 131375
126716 56156 131375
131375 56156 126716
33369 9111 84106
84106 9111 33369
9111 33369 84106
62480 21809 49330
49330 21809 62480
21809 49330 62480
62276 53720 59893
59893 53720 62276
53720 59893 62276
93361 1235 2572
2572 1235 93361
1235 2572 93361
67408 78781 146967
146967 67408 78781
78781 67408 146967
34463 47160 49951
49951 34463 47160
47160 34463 49951
58053 81712 90810
90810 58053 81712
81712 58053 90810
23794 90205 104079
104079 23794 90205
90205 23794 104079
62044 103396 136157
136157 62044 103396
103396 62044 136157
41331 35699 141967
35699 41331 141967
141967 35699 41331
140623 8361 34725
8361 34725 140623
34725 8361 140623
2787 57849 125947
125947 2787 57849
57849 2787 125947
45126 105115 142865
142865 45126 105115
105115 45126 142865
26373 11128 76992
11128 26373 76992
76992 11128 26373
51483 62916 145174
62916 51483 145174
145174 51483 62916
140082 119499 130474
119499 130474 140082
130474 119499 140082
1300 39342 77106
77106 1300 39342
39342 1300 77106
105975 15561 32009
32009 15561 105975
15561 32009 105975
138384 2440 141717
141717 2440 138384
2440 138384 141717
25485 18384 84621
18384 25485 84621
84621 18384 25485
104387 35483 147319
147319 35483 104387
35483 104387 147319
30230 72730 136266
72730 30230 136266
136266 30230 72730
25578 35447 50959
35447 25578 50959
50959 25578 35447
129247 43958 87197
87197 43958 129247
43958 87197 129247
13776 3429 133034
3429 13776 133034
133034 3429 13776
13713 104989 147457
147457 13713 104989
104989 13713 147457
43878 19400 29030
29030 19400 43878
19400 29030 43878
118247 91354 114440
91354 114440 118247
114440 91354 118247
46705 29489 94690
94690 29489 46705
29489 46705 94690
141726 22034 56195
22034 56195 141726
56195 22034 141726
63793 111037 115703
115703 63793 111037
111037 63793 115703
100573 82410 102645
82410 100573 102645
102645 82410 100573
47444 11619 136010
136010 11619 47444
11619 47444 136010
68938 44912 65143
65143 44912 68938
44912 65143 68938
117136 11966 58421
58421 11966 117136
11966 58421 117136
121779 33650 123569
123569 33650 121779
33650 121779 123569
76694 64963 120176
120176 64963 76694
64963 76694 120176
52445 68154 94993
68154 52445 94993
94993 52445 68154
95865 79373 87624
87624 79373 95865
79373 87624 95865
121205 79831 115642
79831 115642 121205
115642 79831 121205
129601 7508 87341
87341 7508 129601
7508 87341 129601
53684 4939 63757
63757 4939 53684
4939 53684 63757
114780 27786 45435
27786 45435 114780
45435 27786 114780
4163 9155 22399
22399 4163 9155
9155 4163 22399
148262 2090 91781
91781 2090 148262
2090 91781 148262
102829 35216 96946
35216 96946 102829
96946 35216 102829
76273 110421 133537
110421 76273 133537
133537 76273 110421
104053 24885 43427
43427 24885 104053
24885 43427 104053
27436 43967 111426
111426 27436 43967
43967 27436 111426
38860 12274 46953
12274 38860 46953
46953 12274 38860
28312 8151 42808
42808 8151 28312
8151 28312 42808
34275 13797 123799
123799 13797 34275
13797 34275 123799
146279 67023 83036
67023 83036 146279
83036 67023 146279
4234 2776 118009
118009 2776 4234
2776 4234 118009
28578 43532 106878
43532 28578 106878
106878 28578 43532
55781 46890 49359
49359 46890 55781
46890 49359 55781
51942 49149 54985
49149 51942 54985
54985 49149 51942
128142 23077 41239
41239 23077 128142
23077 41239 128142
117689 30333 122578
30333 117689 122578
122578 30333 117689
63685 74974 86645
74974 63685 86645
86645 63685 74974
18957 16360 111612
16360 18957 111612
111612 16360 18957
139900 15482 90408
15482 90408 139900
90408 15482 139900
59324 72311 149422
72311 59324 149422
149422 59324 72311
53144 16927 34159
34159 16927 53144
16927 34159 53144
79026 86158 111261
86158 79026 111261
111261 79026 86158
52807 139146 145574
139146 52807 145574
145574 52807 139146
108868 26931 30512
30512 26931 108868
26931 30512 108868
148873 44300 86568
44300 86568 148873
86568 44300 148873
61891 74223 81019
81019 61891 74223
74223 61891 81019
138939 130165 130510
130510 130165 138939
130165 130510 138939
25305 97592 97616
97592 25305 97616
97616 25305 97592
42106 98675 142628
98675 42106 142628
142628 42106 98675
25831 50353 69804
69804 25831 50353
50353 25831 69804
22268 91619 105557
105557 22268 91619
91619 22268 105557
105887 36557 114197
36557 105887 114197
114197 36557 105887
62373 93465 121208
121208 62373 93465
93465 62373 121208
107675 46371 76011
76011 46371 107675
46371 76011 107675
7486 77045 119294
77045 7486 119294
119294 7486 77045
126920 15347 57561
57561 15347 126920
15347 57561 126920
118682 1744 2549
1744 2549 118682
2549 1744 118682
148288 54138 149913
54138 148288 149913
149913 54138 148288
94013 239 147724
239 94013 147724
147724 239 94013
92092 36233 75246
36233 75246 92092
75246 36233 92092
43916 17886 79247
17886 43916 79247
79247 17886 43916
105153 18585 29280
18585 29280 105153
29280 18585 105153
108790 62200 111606
111606 62200 108790
62200 108790 111606
46814 73386 116251
116251 46814 73386
73386 46814 116251
123181 47982 99604
99604 47982 123181
47982 99604 123181
22512 36587 105388
105388 22512 36587
36587 22512 105388
36657 16228 117888
117888 16228 36657
16228 36657 117888
88204 6265 27174
6265 27174 88204
27174 6265 88204
26441 75320 97320
75320 26441 97320
97320 26441 75320
68464 94221 139102
94221 68464 139102
139102 68464 94221
54480 12787 35600
12787 35600 54480
35600 12787 54480
115700 87026 129694
87026 115700 129694
129694 87026 115700
106822 25423 139174
25423 106822 139174
139174 25423 106822
40784 110630 130004
130004 40784 110630
110630 40784 130004
64033 17666 143990
17666 64033 143990
143990 17666 64033
104843 25896 49869
25896 49869 104843
49869 25896 104843
26708 19121 135308
135308 19121 26708
19121 26708 135308
28488 37702 97942
37702 28488 97942
97942 28488 37702
64542 45693 84130
45693 64542 84130
84130 45693 64542
88486 3470 118065
3470 88486 118065
118065 3470 88486
127622 64048 123740
123740 64048 127622
64048 123740 127622
32091 30748 67214
67214 30748 32091
30748 32091 67214
133255 46372 144760
144760 46372 133255
46372 133255 144760
142814 36770 55952
55952 36770 142814
36770 55952 142814
30516 44942 47773
47773 30516 44942
44942 30516 47773
66112 66949 92478
66949 66112 92478
92478 66112 66949
90664 36523 121438
121438 36523 90664
36523 90664 121438
46602 6779 68315
6779 46602 68315
68315 6779 46602
93133 17463 128954
128954 17463 93133
17463 93133 128954
28342 32896 71351
71351 28342 32896
32896 28342 71351
143435 70544 77390
70544 77390 143435
77390 70544 143435
93634 8918 114055
8918 93634 114055
114055 8918 93634
68800 34941 120766
120766 34941 68800
34941 68800 120766
24642 29228 58716
29228 24642 58716
58716 24642 29228
60839 55118 120013
55118 60839 120013
120013 55118 60839
38107 20724 95845
95845 20724 38107
20724 38107 95845
70693 66531 121418
66531 70693 121418
121418 66531 70693
8850 68777 85832
68777 8850 85832
85832 8850 68777
44719 57668 129902
129902 44719 57668
57668 44719 129902
92603 94467 142759
142759 92603 94467
94467 92603 142759
78959 37830 43500
37830 43500 78959
43500 37830 78959
1206 96882 143799
143799 1206 96882
96882 1206 143799
45374 13288 36301
13288 36301 45374
36301 13288 45374
32947 54594 136385
136385 32947 54594
54594 32947 136385
81937 62327 106344
106344 62327 81937
62327 81937 106344
87437 89552 107686
89552 87437 107686
107686 87437 89552
47380 31996 117071
117071 31996 47380
31996 47380 117071
144041 58737 68689
68689 58737 144041
58737 68689 144041
25594 81979 125229
125229 25594 81979
81979 25594 125229
51467 57908 148604
57908 51467 148604
148604 51467 57908
38449 63380 105727
63380 38449 105727
105727 38449 63380
36534 5747 73195
73195 5747 36534
5747 36534 73195
77145 71696 123861
71696 77145 123861
123861 71696 77145
20716 73857 94181
73857 20716 94181
94181 20716 73857
114461 59986 141325
141325 59986 114461
59986 114461 141325
52025 98418 130342
98418 52025 130342
130342 52025 98418
15577 645 86483
86483 645 15577
645 15577 86483
104421 122519 145215
145215 104421 122519
122519 104421 145215
83284 17507 146884
146884 17507 83284
17507 83284 146884
118419 60615 82919
60615 82919 118419
82919 60615 118419
144706 32953 39927
32953 39927 144706
39927 32953 144706
101260 41992 78783
78783 41992 101260
41992 78783 101260
48797 125098 136946
125098 48797 136946
136946 48797 125098
72203 85394 94403
85394 72203 94403
94403 72203 85394
135455 91495 127113
91495 127113 135455
127113 91495 135455
5972 35490 71903
71903 5972 35490
35490 5972 71903
46798 68208 117331
117331 46798 68208
68208 46798 117331
30119 112388 144082
144082 30119 112388
112388 30119 144082
60691 74991 86445
74991 60691 86445
86445 60691 74991
51065 34003 78597
78597 34003 51065
34003 51065 78597
14964 46194 143020
46194 14964 143020
143020 14964 46194
19016 47119 82930
47119 19016 82930
82930 19016 47119
61358 14341 52443
14341 52443 61358
52443 14341 61358
6017 29369 106716
106716 6017 29369
29369 6017 106716
86781 49182 100480
100480 49182 86781
49182 86781 100480
48548 18722 90537
90537 18722 48548
18722 48548 90537
41463 37770 80564
80564 37770 41463
37770 41463 80564
75282 56316 117307
117307 56316 75282
56316 75282 117307
5243 20901 77436
20901 5243 77436
77436 5243 20901
8086 3386 34551
3386 8086 34551
34551 3386 8086
61624 95693 117379
117379 61624 95693
95693 61624 117379
