6831 4393 8388
8388 4393 6831
4393 6831 8388
11068 6883 13478
6883 11068 13478
13478 6883 11068
3852 2983 6627
2983 3852 6627
6627 2983 3852
6480 1096 11378
11378 1096 6480
1096 6480 11378
9693 7653 11355
11355 7653 9693
7653 9693 11355
9932 8490 11596
8490 9932 11596
11596 8490 9932
10374 2827 3217
2827 3217 10374
3217 2827 10374
12461 1618 12740
12740 1618 12461
1618 12461 12740
1188 412 6568
412 1188 6568
6568 412 1188
9288 1517 2525
2525 1517 9288
1517 2525 9288
163 6494 12730
12730 163 6494
6494 163 12730
539 4267 4901
4267 539 4901
4901 539 4267
4375 730 2331
2331 730 4375
730 2331 4375
1981 924 1109
1109 924 1981
924 1109 1981
470 8221 9266
8221 470 9266
9266 470 8221
9482 6131 12229
6131 9482 12229
12229 6131 9482
9285 7675 9674
9674 7675 9285
7675 9285 9674
6413 4239 13823
4239 6413 13823
13823 4239 6413
7333 9677 10189
10189 7333 9677
9677 7333 10189
5475 2329 9124
9124 2329 5475
2329 5475 9124
5542 10577 11901
11901 5542 10577
10577 5542 11901
8676 2096 10760
10760 2096 8676
2096 8676 10760
4846 2631 6207
6207 2631 4846
2631 4846 6207
7508 4248 11743
11743 4248 7508
4248 7508 11743
14366 5635 13538
13538 5635 14366
5635 13538 14366
9210 1650 8164
1650 8164 9210
8164 1650 9210
11598 2074 12957
2074 11598 12957
12957 2074 11598
14794 642 11506
642 11506 14794
11506 642 14794
7376 9626 10299
9626 7376 10299
10299 7376 9626
14601 7003 12861
7003 12861 14601
12861 7003 14601
4777 1038 6184
6184 1038 4777
1038 4777 6184
7162 3197 3484
3197 3484 7162
3484 3197 7162
9564 9180 14818
14818 9180 9564
9180 9564 14818
13588 3186 11337
11337 3186 13588
3186 11337 13588
3908 4599 10782
4599 3908 10782
10782 3908 4599
11982 6491 9860
6491 9860 11982
9860 6491 11982
14266 10119 14413
14413 10119 14266
10119 14266 14413
13237 7746 10506
7746 10506 13237
10506 7746 13237
5628 5168 8971
8971 5168 5628
5168 5628 8971
14848 1839 6265
6265 1839 14848
1839 6265 14848
14299 3430 7649
3430 7649 14299
7649 3430 14299
9643 5152 8078
8078 5152 9643
5152 8078 9643
11538 6313 12834
6313 11538 12834
12834 6313 11538
14661 8205 8724
8205 8724 14661
8724 8205 14661
10688 2424 12601
2424 10688 12601
12601 2424 10688
9710 14359 14640
14359 9710 14640
14640 9710 14359
2933 7569 8654
7569 2933 8654
8654 2933 7569
4658 3761 14303
14303 3761 4658
3761 4658 14303
6243 6975 10211
10211 6243 6975
6975 6243 10211
11643 3714 7527
3714 7527 11643
7527 3714 11643
4321 4230 6432
4230 4321 6432
6432 4230 4321
14481 10686 13185
10686 13185 14481
13185 10686 14481
7175 1983 6923
1983 6923 7175
6923 1983 7175
7399 2775 6717
6717 2775 7399
2775 6717 7399
5240 6024 6868
6868 5240 6024
6024 5240 6868
9328 9629 12181
12181 9328 9629
9629 9328 12181
10398 722 14554
14554 722 10398
722 10398 14554
8492 423 14351
14351 423 8492
423 8492 14351
6410 8919 9550
8919 6410 9550
9550 6410 8919
1146 7456 12825
7456 1146 12825
12825 1146 7456
9201 4838 6977
6977 4838 9201
4838 6977 9201
12007 603 8289
8289 603 12007
603 8289 12007
7574 10637 10649
10649 7574 10637
10637 7574 10649
192 3019 4867
4867 192 3019
3019 192 4867
10376 486 14257
486 10376 14257
14257 486 10376
1594 2224 14403
2224 1594 14403
14403 1594 2224
13957 1173 5566
1173 5566 13957
5566 1173 13957
12842 8807 12841
8807 12841 12842
12841 8807 12842
409 10161 14635
10161 409 14635
14635 409 10161
5184 8817 10930
8817 5184 10930
10930 5184 8817
2548 7108 10184
10184 2548 7108
7108 2548 10184
7059 483 13392
13392 483 7059
483 7059 13392
8742 9592 14715
9592 8742 14715
14715 8742 9592
11701 6966 12838
6966 11701 12838
12838 6966 11701
2524 2447 10665
10665 2447 2524
2447 2524 10665
13634 7148 10954
7148 10954 13634
10954 7148 13634
1935 4353 11011
11011 1935 4353
4353 1935 11011
785 4503 5312
5312 785 4503
4503 785 5312
3511 1961 10090
10090 1961 3511
1961 3511 10090
5550 3375 14070
14070 3375 5550
3375 5550 14070
8869 1902 7257
1902 7257 8869
7257 1902 8869
13711 5279 6442
5279 6442 13711
6442 5279 13711
5448 3603 9368
9368 3603 5448
3603 5448 9368
1885 10507 11208
10507 1885 11208
11208 1885 10507
13760 2905 3780
2905 3780 13760
3780 2905 13760
12800 809 4878
809 4878 12800
4878 809 12800
160 341 5037
341 160 5037
5037 160 341
13488 8723 12358
8723 12358 13488
12358 8723 13488
13987 3128 7112
7112 3128 13987
3128 7112 13987
9508 4495 12856
12856 4495 9508
4495 9508 12856
10393 3065 14623
3065 10393 14623
14623 3065 10393
14023 3608 10525
3608 10525 14023
10525 3608 14023
628 8982 12017
12017 628 8982
8982 628 12017
3591 2160 2848
2848 2160 3591
2160 2848 3591
8785 13233 13571
13233 8785 13571
13571 8785 13233
4931 1353 3607
1353 3607 4931
3607 1353 4931
5053 7874 11552
7874 5053 11552
11552 5053 7874
8507 8251 12966
8251 8507 12966
12966 8251 8507
5487 3654 9863
9863 3654 5487
3654 5487 9863
14525 7247 9832
9832 7247 14525
7247 9832 14525
37 11756 12089
11756 37 12089
12089 37 11756
6090 680 1319
680 1319 6090
1319 680 6090
3113 1408 3858
1408 3113 3858
3858 1408 3113
8487 11032 11654
11654 8487 11032
11032 8487 11654
8752 3649 7106
7106 3649 8752
3649 7106 8752
9284 5636 14144
5636 9284 14144
14144 5636 9284
834 11197 13418
13418 834 11197
11197 834 13418
1081 6197 14052
6197 1081 14052
14052 1081 6197
9967 5359 9427
5359 9427 9967
9427 5359 9967
3842 4709 9060
4709 3842 9060
9060 3842 4709
6287 6707 11656
6707 6287 11656
11656 6287 6707
11173 1689 10646
1689 10646 11173
10646 1689 11173
14893 2648 13446
13446 2648 14893
2648 13446 14893
6626 4974 7708
4974 6626 7708
7708 4974 6626
8311 9596 11873
11873 8311 9596
9596 8311 11873
13960 11385 13580
11385 13580 13960
13580 11385 13960
2822 4795 8703
8703 2822 4795
4795 2822 8703
14997 6135 7977
6135 7977 14997
7977 6135 14997
8618 9378 11034
11034 8618 9378
9378 8618 11034
5076 5563 8593
8593 5076 5563
5563 5076 8593
3466 4959 11257
11257 3466 4959
4959 3466 11257
8524 9534 12257
9534 8524 12257
12257 8524 9534
5456 2024 11512
11512 2024 5456
2024 5456 11512
827 2892 12926
2892 827 12926
12926 827 2892
11336 1316 11563
11563 1316 11336
1316 11336 11563
2880 2174 5473
2174 2880 5473
5473 2174 2880
4484 11055 12670
12670 4484 11055
11055 4484 12670
3887 1811 11607
11607 1811 3887
1811 3887 11607
11914 4000 9128
9128 4000 11914
4000 9128 11914
10828 6682 12346
12346 6682 10828
6682 10828 12346
4196 4218 11347
11347 4196 4218
4218 4196 11347
11773 161 12283
12283 161 11773
161 11773 12283
9763 10980 13119
13119 9763 10980
10980 9763 13119
14600 1786 9392
9392 1786 14600
1786 9392 14600
10397 3524 7467
7467 3524 10397
3524 7467 10397
5206 7281 12003
7281 5206 12003
12003 5206 7281
6416 5775 9924
9924 5775 6416
5775 6416 9924
12020 4871 6042
4871 6042 12020
6042 4871 12020
1675 3835 4106
4106 1675 3835
3835 1675 4106
5797 2785 10642
2785 5797 10642
10642 2785 5797
10730 1072 4472
1072 4472 10730
4472 1072 10730
5132 3979 14260
14260 3979 5132
3979 5132 14260
4964 2210 8601
8601 2210 4964
2210 4964 8601
7582 600 14589
14589 600 7582
600 7582 14589
13529 2244 5872
2244 5872 13529
5872 2244 13529
13411 11642 12192
12192 11642 13411
11642 12192 13411
4507 8754 9398
8754 4507 9398
9398 4507 8754
14449 4457 14934
14934 4457 14449
4457 14449 14934
2929 4411 9372
9372 2929 4411
4411 2929 9372
3174 7147 8400
8400 3174 7147
7147 3174 8400
9329 2744 14872
14872 2744 9329
2744 9329 14872
7462 314 13920
13920 314 7462
314 7462 13920
4149 2245 7421
7421 2245 4149
2245 4149 7421
9652 8441 12302
12302 8441 9652
8441 9652 12302
750 1298 4463
1298 750 4463
4463 750 1298
10446 12165 14987
14987 10446 12165
12165 10446 14987
7307 5285 6362
6362 5285 7307
5285 6362 7307
9614 11757 13817
11757 9614 13817
13817 9614 11757
2947 689 920
920 689 2947
689 920 2947
11711 2673 4914
2673 4914 11711
4914 2673 11711
6057 1806 14131
14131 1806 6057
1806 6057 14131
11142 5216 12655
5216 11142 12655
12655 5216 11142
7835 5277 6038
5277 6038 7835
6038 5277 7835
2842 6913 9013
6913 2842 9013
9013 2842 6913
2252 8821 13902
8821 2252 13902
13902 2252 8821
6428 4312 6705
6705 4312 6428
4312 6428 6705
4295 4204 11067
4204 4295 11067
11067 4204 4295
1124 9416 11592
11592 1124 9416
9416 1124 11592
7869 11286 12354
11286 7869 12354
12354 7869 11286
7854 5360 13689
5360 7854 13689
13689 5360 7854
6723 1804 2742
1804 2742 6723
2742 1804 6723
14585 3707 8497
8497 3707 14585
3707 8497 14585
12976 5918 10563
5918 10563 12976
10563 5918 12976
7358 10901 14675
14675 7358 10901
10901 7358 14675
13638 6188 9332
9332 6188 13638
6188 9332 13638
397 1892 9585
9585 397 1892
1892 397 9585
9070 5669 6518
5669 6518 9070
6518 5669 9070
6979 348 12084
12084 348 6979
348 6979 12084
3644 4200 8599
8599 3644 4200
4200 3644 8599
776 3640 6138
6138 776 3640
3640 776 6138
4300 490 9327
9327 490 4300
490 4300 9327
10435 10547 14621
14621 10435 10547
10547 10435 14621
10286 8243 14849
14849 8243 10286
8243 10286 14849
5284 4572 12862
12862 4572 5284
4572 5284 12862
3170 11998 13115
13115 3170 11998
11998 3170 13115
715 545 12378
545 715 12378
12378 545 715
10633 12149 12435
12149 10633 12435
12435 10633 12149
3784 9917 13555
9917 3784 13555
13555 3784 9917
6407 5275 8189
5275 6407 8189
8189 5275 6407
4664 2674 11285
11285 2674 4664
2674 4664 11285
12055 6460 13942
6460 12055 13942
13942 6460 12055
8003 1171 6272
1171 6272 8003
6272 1171 8003
14679 2454 14781
2454 14679 14781
14781 2454 14679
790 199 6282
199 790 6282
6282 199 790
13459 12233 13306
13306 12233 13459
12233 13306 13459
12765 1376 7028
1376 7028 12765
7028 1376 12765
2480 4698 8592
8592 2480 4698
4698 2480 8592
12144 7241 9850
7241 9850 12144
9850 7241 12144
6983 4622 9167
4622 6983 9167
9167 4622 6983
2181 9836 13449
9836 2181 13449
13449 2181 9836
1493 8574 12660
12660 1493 8574
8574 1493 12660
3793 1597 9336
1597 3793 9336
9336 1597 3793
10952 948 12058
12058 948 10952
948 10952 12058
2364 3618 13582
3618 2364 13582
13582 2364 3618
1042 3703 12934
12934 1042 3703
3703 1042 12934
13722 2739 9314
9314 2739 13722
2739 9314 13722
4779 2972 5793
2972 4779 5793
5793 2972 4779
13021 9844 13045
9844 13021 13045
13045 9844 13021
5686 4581 14788
4581 5686 14788
14788 4581 5686
3228 263 10353
263 3228 10353
10353 263 3228
8800 5442 13220
13220 5442 8800
5442 8800 13220
917 1487 10002
10002 917 1487
1487 917 10002
8278 1394 4968
1394 4968 8278
4968 1394 8278
370 5753 11134
11134 370 5753
5753 370 11134
11792 4690 5269
4690 5269 11792
5269 4690 11792
8884 8172 14531
14531 8172 8884
8172 8884 14531
6679 4549 10942
4549 6679 10942
10942 4549 6679
14381 1022 9355
1022 9355 14381
9355 1022 14381
13729 5409 8829
8829 5409 13729
5409 8829 13729
8887 1367 3712
3712 1367 8887
1367 3712 8887
1661 8989 11444
8989 1661 11444
11444 1661 8989
9679 6753 14304
14304 6753 9679
6753 9679 14304
6423 1989 9489
1989 6423 9489
9489 1989 6423
104 11425 11429
11425 104 11429
11429 104 11425
8049 6550 12374
6550 8049 12374
12374 6550 8049
13438 4412 6061
4412 6061 13438
6061 4412 13438
14390 3360 4225
3360 4225 14390
4225 3360 14390
6590 5864 9198
9198 5864 6590
5864 6590 9198
2236 67 7657
67 2236 7657
7657 67 2236
2847 5848 6640
5848 2847 6640
6640 2847 5848
210 1513 13854
1513 210 13854
13854 210 1513
12221 378 3515
3515 378 12221
378 3515 12221
535 23 9861
9861 23 535
23 535 9861
6869 1299 1528
1528 1299 6869
1299 1528 6869
9717 3737 6685
6685 3737 9717
3737 6685 9717
13010 3526 11166
3526 11166 13010
11166 3526 13010
10041 3414 6486
3414 6486 10041
6486 3414 10041
5485 4677 10648
4677 5485 10648
10648 4677 5485
12381 1388 13400
1388 12381 13400
13400 1388 12381
2982 7838 13109
13109 2982 7838
7838 2982 13109
11126 5363 9597
5363 9597 11126
9597 5363 11126
13587 8411 13775
13775 8411 13587
8411 13587 13775
14253 1716 2087
1716 2087 14253
2087 1716 14253
8567 3435 9431
9431 3435 8567
3435 8567 9431
9153 2789 7238
7238 2789 9153
2789 7238 9153
9721 1899 13480
13480 1899 9721
1899 9721 13480
12908 1823 7384
1823 7384 12908
7384 1823 12908
3612 2115 13358
13358 2115 3612
2115 3612 13358
12026 8231 11171
8231 11171 12026
11171 8231 12026
10501 2898 14861
14861 2898 10501
2898 10501 14861
14673 966 5531
5531 966 14673
966 5531 14673
14687 4498 7400
4498 7400 14687
7400 4498 14687
11684 8965 14812
8965 11684 14812
14812 8965 11684
11131 10224 13830
13830 10224 11131
10224 11131 13830
14920 6562 11178
11178 6562 14920
6562 11178 14920
11462 5684 14018
5684 11462 14018
14018 5684 11462
13217 2917 3778
3778 2917 13217
2917 3778 13217
9242 3748 12691
12691 3748 9242
3748 9242 12691
3410 3348 11492
3348 3410 11492
11492 3348 3410
4116 8403 9914
8403 4116 9914
9914 4116 8403
14248 5502 6324
6324 5502 14248
5502 6324 14248
1475 10443 13005
13005 1475 10443
10443 1475 13005
3394 3219 12705
12705 3219 3394
3219 3394 12705
14627 5331 7408
7408 5331 14627
5331 7408 14627
10127 8578 8922
8578 8922 10127
8922 8578 10127
5173 1914 12565
12565 1914 5173
1914 5173 12565
20 13193 13349
13349 20 13193
13193 20 13349
5113 6021 14185
14185 5113 6021
6021 5113 14185
6617 119 10724
119 6617 10724
10724 119 6617
10409 7293 11886
7293 10409 11886
11886 7293 10409
3631 4459 7721
7721 3631 4459
4459 3631 7721
13463 7275 13544
13544 7275 13463
7275 13463 13544
8707 1247 5889
5889 1247 8707
1247 5889 8707
4413 11909 13650
11909 4413 13650
13650 4413 11909
1655 3298 4490
3298 1655 4490
4490 1655 3298
2171 2078 12746
12746 2078 2171
2078 2171 12746
9357 10772 12268
12268 9357 10772
10772 9357 12268
8774 3481 10723
3481 8774 10723
10723 3481 8774
2995 7647 11300
11300 2995 7647
7647 2995 11300
12571 8239 14771
8239 12571 14771
14771 8239 12571
7315 494 11850
494 7315 11850
11850 494 7315
5151 759 6431
759 5151 6431
6431 759 5151
3451 9241 14879
14879 3451 9241
9241 3451 14879
803 6091 10852
10852 803 6091
6091 803 10852
14046 12958 14039
14039 12958 14046
12958 14039 14046
13151 276 9115
276 9115 13151
9115 276 13151
12581 6144 8694
8694 6144 12581
6144 8694 12581
10222 9752 11843
11843 9752 10222
9752 10222 11843
1606 6249 13696
6249 1606 13696
13696 1606 6249
518 1048 11673
1048 518 11673
11673 518 1048
3102 3036 13435
13435 3036 3102
3036 3102 13435
5412 6211 9244
6211 5412 9244
9244 5412 6211
14058 10416 13165
13165 10416 14058
10416 13165 14058
13750 2455 2471
2471 2455 13750
2455 2471 13750
12672 9552 14547
9552 12672 14547
14547 9552 12672
8175 2223 14219
14219 2223 8175
2223 8175 14219
3541 2275 7561
2275 3541 7561
7561 2275 3541
4893 8082 14043
8082 4893 14043
14043 4893 8082
6781 2660 7144
7144 2660 6781
2660 6781 7144
220 4783 12150
4783 220 12150
12150 220 4783
4833 1386 1937
1937 1386 4833
1386 1937 4833
3007 8320 9774
8320 3007 9774
9774 3007 8320
6300 2600 5660
5660 2600 6300
2600 5660 6300
11144 3807 11968
3807 11144 11968
11968 3807 11144
7457 13635 14414
13635 7457 14414
14414 7457 13635
5223 4379 10150
4379 5223 10150
10150 4379 5223
252 2198 5146
2198 252 5146
5146 252 2198
4415 1161 10585
10585 1161 4415
1161 4415 10585
9005 670 10130
670 9005 10130
10130 670 9005
1447 151 12530
151 1447 12530
12530 151 1447
3344 3126 11348
3126 3344 11348
11348 3126 3344
14198 4559 10832
10832 4559 14198
4559 10832 14198
14316 3756 14723
14723 3756 14316
3756 14316 14723
1297 1514 5144
5144 1297 1514
1514 1297 5144
12393 1630 12604
1630 12393 12604
12604 1630 12393
7614 7742 9050
9050 7614 7742
7742 7614 9050
6237 9111 14857
9111 6237 14857
14857 6237 9111
7821 1463 8333
8333 1463 7821
1463 7821 8333
1326 2964 14396
14396 1326 2964
2964 1326 14396
332 5004 5159
5004 332 5159
5159 332 5004
12527 1729 12488
12488 1729 12527
1729 12488 12527
2099 6346 6553
6553 2099 6346
6346 2099 6553
7289 3221 8354
8354 3221 7289
3221 7289 8354
5280 426 9791
9791 426 5280
426 5280 9791
1683 5808 12997
12997 1683 5808
5808 1683 12997
401 1836 8305
1836 401 8305
8305 401 1836
5536 6903 10494
6903 5536 10494
10494 5536 6903
5991 2973 9423
9423 2973 5991
2973 5991 9423
8581 520 1702
1702 520 8581
520 1702 8581
9517 8911 12720
8911 9517 12720
12720 8911 9517
4064 6901 8073
8073 4064 6901
6901 4064 8073
2606 7673 8639
7673 2606 8639
8639 2606 7673
13878 2168 14674
14674 2168 13878
2168 13878 14674
2026 140 3950
140 2026 3950
3950 140 2026
11670 6773 14632
14632 6773 11670
6773 11670 14632
9356 1822 10121
1822 9356 10121
10121 1822 9356
13859 7610 9812
9812 7610 13859
7610 9812 13859
6676 4682 11436
11436 4682 6676
4682 6676 11436
12481 12100 12301
12301 12100 12481
12100 12301 12481
5517 9817 14907
14907 5517 9817
9817 5517 14907
8735 9865 14717
14717 8735 9865
9865 8735 14717
7109 5296 5977
5977 5296 7109
5296 5977 7109
11936 1681 10657
1681 10657 11936
10657 1681 11936
10424 3032 5651
3032 5651 10424
5651 3032 10424
10719 556 12261
556 10719 12261
12261 556 10719
3980 2156 7373
2156 3980 7373
7373 2156 3980
278 10136 12502
10136 278 12502
12502 278 10136
6555 8933 14119
8933 6555 14119
14119 6555 8933
3452 5103 13344
5103 3452 13344
13344 3452 5103
7697 4888 7335
4888 7335 7697
7335 4888 7697
9725 723 12973
723 9725 12973
12973 723 9725
11557 6916 12981
6916 11557 12981
12981 6916 11557
10787 1943 5755
5755 1943 10787
1943 5755 10787
9019 6379 7349
6379 7349 9019
7349 6379 9019
4216 674 11141
674 4216 11141
11141 674 4216
13429 3309 7918
7918 3309 13429
3309 7918 13429
2634 5074 9927
5074 2634 9927
9927 2634 5074
9713 6399 11255
11255 6399 9713
6399 9713 11255
13593 3751 14296
14296 3751 13593
3751 13593 14296
120 10231 13053
13053 120 10231
10231 120 13053
14645 1557 14808
14808 1557 14645
1557 14645 14808
9464 3874 11174
11174 3874 9464
3874 9464 11174
14680 5529 10454
5529 10454 14680
10454 5529 14680
2914 14488 14993
14993 2914 14488
14488 2914 14993
10880 3523 10404
3523 10404 10880
10404 3523 10880
7996 10849 13550
13550 7996 10849
10849 7996 13550
1308 13630 14179
13630 1308 14179
14179 1308 13630
5951 5321 7489
7489 5321 5951
5321 5951 7489
1116 5361 14754
5361 1116 14754
14754 1116 5361
12445 14210 14374
14210 12445 14374
14374 12445 14210
9386 876 5435
876 5435 9386
5435 876 9386
11248 9545 11469
11469 9545 11248
9545 11248 11469
12662 8391 10412
8391 10412 12662
10412 8391 12662
12496 7881 14996
7881 12496 14996
14996 7881 12496
13803 6836 9773
9773 6836 13803
6836 9773 13803
5527 3476 11839
3476 5527 11839
11839 3476 5527
9258 1095 7919
7919 1095 9258
1095 7919 9258
5191 5998 7720
7720 5191 5998
5998 5191 7720
6996 1307 13674
1307 6996 13674
13674 1307 6996
5239 4151 9824
9824 4151 5239
4151 5239 9824
10458 1658 7019
1658 7019 10458
7019 1658 10458
14420 3408 7303
3408 7303 14420
7303 3408 14420
3202 4848 5002
4848 3202 5002
5002 3202 4848
11063 289 13013
289 11063 13013
13013 289 11063
9263 554 11954
554 9263 11954
11954 554 9263
9148 2783 12608
2783 9148 12608
12608 2783 9148
8930 2697 4852
4852 2697 8930
2697 4852 8930
627 7367 13554
13554 627 7367
7367 627 13554
11297 468 6677
468 6677 11297
6677 468 11297
2092 1091 12066
12066 1091 2092
1091 2092 12066
14054 8307 10109
10109 8307 14054
8307 10109 14054
4493 2657 3934
3934 2657 4493
2657 3934 4493
1646 10101 10532
10532 1646 10101
10101 1646 10532
13466 13603 14718
14718 13466 13603
13603 13466 14718
13539 1419 4148
1419 4148 13539
4148 1419 13539
9699 66 8103
8103 66 9699
66 8103 9699
8110 1375 11544
11544 1375 8110
1375 8110 11544
10408 1033 14656
14656 1033 10408
1033 10408 14656
4111 390 7136
7136 390 4111
390 4111 7136
5270 234 1238
1238 234 5270
234 1238 5270
7666 599 14915
14915 599 7666
599 7666 14915
5463 9035 11884
11884 5463 9035
9035 5463 11884
11101 1568 1853
1853 1568 11101
1568 1853 11101
9232 3871 6909
3871 6909 9232
6909 3871 9232
6697 1762 5421
5421 1762 6697
1762 5421 6697
11808 1954 6597
6597 1954 11808
1954 6597 11808
8896 9893 12857
9893 8896 12857
12857 8896 9893
11003 5315 12621
5315 11003 12621
12621 5315 11003
12034 5701 8508
5701 8508 12034
8508 5701 12034
11865 10332 11906
10332 11865 11906
11906 10332 11865
13401 9630 12300
9630 12300 13401
12300 9630 13401
6939 6845 11252
11252 6845 6939
6845 6939 11252
13838 7240 11465
11465 7240 13838
7240 11465 13838
4987 9516 13719
13719 4987 9516
9516 4987 13719
6036 9896 14140
9896 6036 14140
14140 6036 9896
13804 3851 7565
3851 7565 13804
7565 3851 13804
4234 647 2879
2879 647 4234
647 2879 4234
10249 1503 12190
1503 10249 12190
12190 1503 10249
9348 5722 6041
6041 5722 9348
5722 6041 9348
10241 2473 7639
2473 7639 10241
7639 2473 10241
10382 5640 10801
10801 5640 10382
5640 10382 10801
14391 5293 9444
9444 5293 14391
5293 9444 14391
10014 1708 14417
14417 1708 10014
1708 10014 14417
13737 2262 4280
4280 2262 13737
2262 4280 13737
8936 2895 4749
4749 2895 8936
2895 4749 8936
6534 5535 14080
5535 6534 14080
14080 5535 6534
12594 4835 8935
4835 8935 12594
8935 4835 12594
5656 6889 12299
6889 5656 12299
12299 5656 6889
1879 12564 12636
12564 1879 12636
12636 1879 12564
1133 1152 10440
10440 1133 1152
1152 1133 10440
14562 1 8625
8625 1 14562
1 8625 14562
4101 6321 7368
6321 4101 7368
7368 4101 6321
10096 2131 6911
2131 6911 10096
6911 2131 10096
3583 1190 11104
1190 3583 11104
11104 1190 3583
2985 10746 13997
13997 2985 10746
10746 2985 13997
508 4032 8193
4032 508 8193
8193 508 4032
1636 3405 3724
3724 1636 3405
3405 1636 3724
8684 9651 14796
9651 8684 14796
14796 8684 9651
5009 3548 8672
8672 3548 5009
3548 5009 8672
11229 675 5472
5472 675 11229
675 5472 11229
11691 2665 6271
6271 2665 11691
2665 6271 11691
11852 4989 10439
10439 4989 11852
4989 10439 11852
2040 8939 14568
8939 2040 14568
14568 2040 8939
3253 2442 6924
6924 2442 3253
2442 3253 6924
13519 3053 12290
3053 12290 13519
12290 3053 13519
11957 4491 9995
4491 9995 11957
9995 4491 11957
6797 12157 14874
14874 6797 12157
12157 6797 14874
14513 7065 10780
7065 10780 14513
10780 7065 14513
6544 11854 14667
14667 6544 11854
11854 6544 14667
11659 5779 9188
9188 5779 11659
5779 9188 11659
11495 1652 6688
6688 1652 11495
1652 6688 11495
14596 2152 5108
2152 5108 14596
5108 2152 14596
13928 4013 8890
4013 8890 13928
8890 4013 13928
11213 11558 14238
11558 11213 14238
14238 11213 11558
9994 6165 8087
8087 6165 9994
6165 8087 9994
11769 12128 13482
12128 11769 13482
13482 11769 12128
13890 4432 11099
4432 11099 13890
11099 4432 13890
8304 2283 5183
5183 2283 8304
2283 5183 8304
5950 4134 6632
6632 4134 5950
4134 5950 6632
10738 2955 6828
6828 2955 10738
2955 6828 10738
11644 10628 12546
10628 11644 12546
12546 10628 11644
2002 711 12478
711 2002 12478
12478 711 2002
8564 6020 14006
6020 8564 14006
14006 6020 8564
10666 2209 2616
2616 2209 10666
2209 2616 10666
10607 6536 12938
6536 10607 12938
12938 6536 10607
8941 3475 9488
3475 8941 9488
9488 3475 8941
11731 593 7451
593 7451 11731
7451 593 11731
8228 4075 9307
9307 4075 8228
4075 8228 9307
12269 1137 12644
12644 1137 12269
1137 12269 12644
8870 4660 9881
4660 8870 9881
9881 4660 8870
9001 4705 13527
13527 4705 9001
4705 9001 13527
9389 4492 5575
4492 5575 9389
5575 4492 9389
8050 5016 13072
5016 8050 13072
13072 5016 8050
8042 9029 14496
14496 8042 9029
9029 8042 14496
7118 3895 11561
3895 7118 11561
11561 3895 7118
8699 1508 11915
1508 8699 11915
11915 1508 8699
7634 6394 14115
14115 6394 7634
6394 7634 14115
11423 469 8650
8650 469 11423
469 8650 11423
8889 3254 10859
3254 8889 10859
10859 3254 8889
261 5048 11413
5048 261 11413
11413 261 5048
6943 372 11980
372 6943 11980
11980 372 6943
4580 10329 11324
11324 4580 10329
10329 4580 11324
12988 8065 9465
9465 8065 12988
8065 9465 12988
13607 9279 14264
14264 9279 13607
9279 13607 14264
8996 249 13503
13503 249 8996
249 8996 13503
3702 207 8032
207 3702 8032
8032 207 3702
4249 7210 12348
7210 4249 12348
12348 4249 7210
3463 4305 7310
4305 3463 7310
7310 3463 4305
6026 8483 11712
11712 6026 8483
8483 6026 11712
688 12482 14433
14433 688 12482
12482 688 14433
1980 12961 13292
12961 1980 13292
13292 1980 12961
12098 11942 14705
14705 11942 12098
11942 12098 14705
4325 1684 11489
1684 4325 11489
11489 1684 4325
13146 3650 14029
3650 13146 14029
14029 3650 13146
2352 10095 14937
10095 2352 14937
14937 2352 10095
1532 3880 4428
4428 1532 3880
3880 1532 4428
13409 1519 3818
1519 3818 13409
3818 1519 13409
2567 10310 13308
10310 2567 13308
13308 2567 10310
5525 1593 11365
1593 5525 11365
11365 1593 5525
3208 8245 8329
8245 3208 8329
8329 3208 8245
3745 8806 12892
8806 3745 12892
12892 3745 8806
3272 2533 13346
2533 3272 13346
13346 2533 3272
11374 5000 9960
9960 5000 11374
5000 9960 11374
14242 3744 6648
6648 3744 14242
3744 6648 14242
5220 10039 10194
10039 5220 10194
10194 5220 10039
1707 9760 10209
9760 1707 10209
10209 1707 9760
7466 8663 14490
14490 7466 8663
8663 7466 14490
14938 5169 7318
7318 5169 14938
5169 7318 14938
6580 7329 10357
7329 6580 10357
10357 6580 7329
7912 9712 13679
13679 7912 9712
9712 7912 13679
10796 6182 12188
6182 10796 12188
12188 6182 10796
3989 2426 13790
13790 2426 3989
2426 3989 13790
3056 1563 13617
1563 3056 13617
13617 1563 3056
865 3105 14579
3105 865 14579
14579 865 3105
3266 5978 8261
5978 3266 8261
8261 3266 5978
1457 2256 4615
2256 1457 4615
4615 1457 2256
5388 3397 6017
6017 3397 5388
3397 5388 6017
8763 1523 12807
12807 1523 8763
1523 8763 12807
8086 12780 12955
12780 8086 12955
12955 8086 12780
1182 4971 11235
11235 1182 4971
4971 1182 11235
7794 5718 8959
8959 5718 7794
5718 7794 8959
845 1587 5031
1587 845 5031
5031 845 1587
7164 812 1434
1434 812 7164
812 1434 7164
3906 4857 10800
10800 3906 4857
4857 3906 10800
14435 1951 14453
14453 1951 14435
1951 14435 14453
14189 8361 14142
14142 8361 14189
8361 14142 14189
10797 4047 6696
6696 4047 10797
4047 6696 10797
2996 10526 13043
10526 2996 13043
13043 2996 10526
8005 4169 4403
4403 4169 8005
4169 4403 8005
1070 7752 9343
7752 1070 9343
9343 1070 7752
4609 6104 11419
11419 4609 6104
6104 4609 11419
4788 757 10988
757 4788 10988
10988 757 4788
10243 10062 14817
10062 10243 14817
14817 10062 10243
919 2511 2896
2511 919 2896
2896 919 2511
2754 681 3861
3861 681 2754
681 2754 3861
1764 4192 12419
12419 1764 4192
4192 1764 12419
9217 5398 5576
5398 5576 9217
5576 5398 9217
695 65 12200
12200 65 695
65 695 12200
14156 1287 11594
11594 1287 14156
1287 11594 14156
1389 226 4290
226 1389 4290
4290 226 1389
8550 1910 3135
1910 3135 8550
3135 1910 8550
13037 2893 12327
2893 12327 13037
12327 2893 13037
6335 9662 11325
11325 6335 9662
9662 6335 11325
14841 4873 9634
9634 4873 14841
4873 9634 14841
12944 8023 10964
8023 10964 12944
10964 8023 12944
14628 5029 13701
13701 5029 14628
5029 13701 14628
6630 2200 5972
2200 5972 6630
5972 2200 6630
10230 4400 6320
4400 6320 10230
6320 4400 10230
2089 9129 12931
12931 2089 9129
9129 2089 12931
10073 893 3017
893 3017 10073
3017 893 10073
2543 3453 6855
3453 2543 6855
6855 2543 3453
2647 3960 9540
3960 2647 9540
9540 2647 3960
6302 5027 13740
13740 5027 6302
5027 6302 13740
3798 4992 7460
7460 3798 4992
4992 3798 7460
1948 11437 12476
11437 1948 12476
12476 1948 11437
5970 4247 7242
7242 4247 5970
4247 5970 7242
10552 3227 5372
3227 5372 10552
5372 3227 10552
14972 10327 13704
10327 13704 14972
13704 10327 14972
4347 5455 12814
5455 4347 12814
12814 4347 5455
3660 2451 13533
2451 3660 13533
13533 2451 3660
7427 2348 9064
9064 2348 7427
2348 7427 9064
11611 8437 10845
10845 8437 11611
8437 10845 11611
9640 6984 8187
8187 6984 9640
6984 8187 9640
951 5783 13468
5783 951 13468
13468 951 5783
8265 725 7015
7015 725 8265
725 7015 8265
12251 3967 4214
3967 4214 12251
4214 3967 12251
462 4050 7478
4050 462 7478
7478 462 4050
6503 3052 7133
3052 6503 7133
7133 3052 6503
3431 1725 9243
9243 1725 3431
1725 3431 9243
502 1648 2382
1648 502 2382
2382 502 1648
9456 504 7395
504 7395 9456
7395 504 9456
8973 635 2886
2886 635 8973
635 2886 8973
14402 8805 10530
8805 10530 14402
10530 8805 14402
13832 4957 13521
13521 4957 13832
4957 13521 13832
8002 3449 4455
3449 4455 8002
4455 3449 8002
2881 9301 12415
12415 2881 9301
9301 2881 12415
9996 1466 2143
2143 1466 9996
1466 2143 9996
654 4535 12873
4535 654 12873
12873 654 4535
407 7648 9639
7648 407 9639
9639 407 7648
9875 11658 12334
11658 9875 12334
12334 9875 11658
6109 7632 11203
11203 6109 7632
7632 6109 11203
6256 6736 8479
6736 6256 8479
8479 6256 6736
6293 125 8255
125 6293 8255
8255 125 6293
9851 3648 11006
11006 3648 9851
3648 9851 11006
12403 2615 3211
2615 3211 12403
3211 2615 12403
4826 9916 12684
9916 4826 12684
12684 4826 9916
13671 4372 8831
8831 4372 13671
4372 8831 13671
2005 231 12382
231 2005 12382
12382 231 2005
2796 56 5966
5966 56 2796
56 2796 5966
14121 5878 7896
7896 5878 14121
5878 7896 14121
1700 7172 14466
7172 1700 14466
14466 1700 7172
7382 10697 12586
12586 7382 10697
10697 7382 12586
561 7122 12822
12822 561 7122
7122 561 12822
7900 11683 14959
14959 7900 11683
11683 7900 14959
12264 4822 8048
8048 4822 12264
4822 8048 12264
11911 3281 10953
10953 3281 11911
3281 10953 11911
10904 3815 11835
3815 10904 11835
11835 3815 10904
2814 11064 11675
11064 2814 11675
11675 2814 11064
11979 11379 13708
11379 11979 13708
13708 11379 11979
11761 2560 7552
7552 2560 11761
2560 7552 11761
13473 3560 6110
3560 6110 13473
6110 3560 13473
345 5405 8423
5405 345 8423
8423 345 5405
13923 3142 13019
13019 3142 13923
3142 13019 13923
9954 7747 13243
7747 9954 13243
13243 7747 9954
14030 11703 13371
11703 13371 14030
13371 11703 14030
3600 2821 8011
8011 2821 3600
2821 3600 8011
6615 10579 12895
10579 6615 12895
12895 6615 10579
1831 4894 12975
4894 1831 12975
12975 1831 4894
6792 2938 7215
2938 6792 7215
7215 2938 6792
14814 6248 12983
6248 12983 14814
12983 6248 14814
4343 7942 12764
12764 4343 7942
7942 4343 12764
52 7037 11240
11240 52 7037
7037 52 11240
10891 6171 14020
14020 6171 10891
6171 10891 14020
634 5944 10524
5944 634 10524
10524 634 5944
1780 222 5201
222 1780 5201
5201 222 1780
4524 4314 9671
4314 4524 9671
9671 4314 4524
2341 11024 12945
12945 2341 11024
11024 2341 12945
9226 2360 12518
2360 9226 12518
12518 2360 9226
9947 8967 13454
8967 9947 13454
13454 8967 9947
5259 2260 10471
2260 5259 10471
10471 2260 5259
12921 3981 6784
6784 3981 12921
3981 6784 12921
2361 1703 14911
1703 2361 14911
14911 1703 2361
10742 2934 3573
3573 2934 10742
2934 3573 10742
1900 10664 12595
10664 1900 12595
12595 1900 10664
10627 2749 10962
10962 2749 10627
2749 10627 10962
11569 7294 8964
7294 8964 11569
8964 7294 11569
4053 1660 5663
5663 1660 4053
1660 4053 5663
3806 1750 5142
1750 3806 5142
5142 1750 3806
2183 459 12713
12713 459 2183
459 2183 12713
9782 4973 13505
13505 4973 9782
4973 9782 13505
3615 5344 8720
8720 3615 5344
5344 3615 8720
591 7518 13549
13549 591 7518
7518 591 13549
6910 11303 14178
11303 6910 14178
14178 6910 11303
2013 829 9983
829 2013 9983
9983 829 2013
7309 1540 7263
7263 1540 7309
1540 7263 7309
7249 6856 8594
8594 6856 7249
6856 7249 8594
14044 11986 13955
13955 11986 14044
11986 13955 14044
1807 33 11230
33 1807 11230
11230 33 1807
10829 2859 12940
2859 10829 12940
12940 2859 10829
3472 2417 5706
5706 2417 3472
2417 3472 5706
1230 12021 12828
12828 1230 12021
12021 1230 12828
6937 516 3455
3455 516 6937
516 3455 6937
14284 5102 11322
11322 5102 14284
5102 11322 14284
13154 13912 14559
13912 13154 14559
14559 13154 13912
5367 961 8641
961 5367 8641
8641 961 5367
6438 9366 12087
12087 6438 9366
9366 6438 12087
3477 7621 10164
7621 3477 10164
10164 3477 7621
11403 5504 12472
12472 5504 11403
5504 11403 12472
7407 6851 7633
6851 7407 7633
7633 6851 7407
12494 4077 13895
4077 12494 13895
13895 4077 12494
14241 43 4360
43 4360 14241
4360 43 14241
13675 3532 12211
12211 3532 13675
3532 12211 13675
7665 9728 13402
13402 7665 9728
9728 7665 13402
7870 7203 8342
8342 7203 7870
7203 7870 8342
10909 12074 14354
14354 10909 12074
12074 10909 14354
10007 12588 13211
12588 10007 13211
13211 10007 12588
4712 1404 12307
1404 4712 12307
12307 1404 4712
8878 8674 8968
8968 8674 8878
8674 8878 8968
2989 1030 8779
8779 1030 2989
1030 2989 8779
435 552 14024
14024 435 552
552 435 14024
660 1019 11908
11908 660 1019
1019 660 11908
3579 5244 13644
5244 3579 13644
13644 3579 5244
2083 14408 14431
14431 2083 14408
14408 2083 14431
2278 3713 5997
5997 2278 3713
3713 2278 5997
11070 2784 12605
12605 2784 11070
2784 11070 12605
11948 4713 12782
4713 11948 12782
12782 4713 11948
4499 2226 3094
3094 2226 4499
2226 3094 4499
6794 10865 12001
10865 6794 12001
12001 6794 10865
5330 1041 9872
9872 1041 5330
1041 5330 9872
12127 11 6420
6420 11 12127
11 6420 12127
13052 651 4394
4394 651 13052
651 4394 13052
11247 2140 8977
8977 2140 11247
2140 8977 11247
11234 3493 14695
3493 11234 14695
14695 3493 11234
3571 9455 9718
9718 3571 9455
9455 3571 9718
10314 10359 14151
14151 10314 10359
10359 10314 14151
13847 1866 8588
8588 1866 13847
1866 8588 13847
4392 4092 13574
4092 4392 13574
13574 4092 4392
9091 8191 9161
9161 8191 9091
8191 9091 9161
13899 3225 13250
13250 3225 13899
3225 13250 13899
2703 195 10833
10833 195 2703
195 2703 10833
14271 12319 14105
12319 14105 14271
14105 12319 14271
5188 13608 13934
13934 5188 13608
13608 5188 13934
6517 13725 14196
14196 6517 13725
13725 6517 14196
1208 4162 12073
4162 1208 12073
12073 1208 4162
12043 2763 8218
2763 8218 12043
8218 2763 12043
14536 5354 11027
11027 5354 14536
5354 11027 14536
9158 2125 11732
2125 9158 11732
11732 2125 9158
11140 2654 12303
12303 2654 11140
2654 11140 12303
2041 13897 14534
14534 2041 13897
13897 2041 14534
1144 12456 13305
12456 1144 13305
13305 1144 12456
4519 1083 1154
1083 1154 4519
1154 1083 4519
10694 8206 14904
8206 10694 14904
14904 8206 10694
5432 2501 6314
6314 2501 5432
2501 5432 6314
3195 1695 3209
3209 1695 3195
1695 3195 3209
10252 5854 14394
5854 10252 14394
14394 5854 10252
14084 5116 8662
8662 5116 14084
5116 8662 14084
4662 12131 12682
12131 4662 12682
12682 4662 12131
7222 3931 14999
14999 3931 7222
3931 7222 14999
5739 8730 14805
14805 5739 8730
8730 5739 14805
13513 12734 14801
14801 12734 13513
12734 13513 14801
9093 11137 14821
11137 9093 14821
14821 9093 11137
3688 4647 10075
4647 3688 10075
10075 3688 4647
11486 13304 14989
13304 11486 14989
14989 11486 13304
6295 3350 11661
11661 3350 6295
3350 6295 11661
4177 1391 13971
13971 1391 4177
1391 4177 13971
1271 2757 13015
2757 1271 13015
13015 1271 2757
13885 8998 8999
8999 8998 13885
8998 8999 13885
11950 1416 13557
1416 11950 13557
13557 1416 11950
3993 8902 10012
10012 3993 8902
8902 3993 10012
11136 2581 8100
2581 8100 11136
8100 2581 11136
9687 2009 9031
9031 2009 9687
2009 9031 9687
7791 6745 14854
14854 6745 7791
6745 7791 14854
11831 1029 3212
1029 3212 11831
3212 1029 11831
2528 3799 5232
5232 2528 3799
3799 2528 5232
1044 54 837
54 837 1044
837 54 1044
816 8556 12312
8556 816 12312
12312 816 8556
14472 1906 13147
1906 13147 14472
13147 1906 14472
14045 7860 9758
7860 9758 14045
9758 7860 14045
3985 9762 12263
12263 3985 9762
9762 3985 12263
10163 12208 13807
12208 10163 13807
13807 10163 12208
8327 3516 3969
3516 3969 8327
3969 3516 8327
6105 7168 14898
14898 6105 7168
7168 6105 14898
6791 4576 8140
4576 6791 8140
8140 4576 6791
8196 8116 10659
8116 8196 10659
10659 8116 8196
13343 1678 9044
9044 1678 13343
1678 9044 13343
3652 1407 10185
1407 3652 10185
10185 1407 3652
14220 5912 8393
5912 8393 14220
8393 5912 14220
8833 3465 9109
3465 8833 9109
9109 3465 8833
6684 10157 14153
10157 6684 14153
14153 6684 10157
995 3766 6821
6821 995 3766
3766 995 6821
6270 4398 14529
14529 4398 6270
4398 6270 14529
9740 10035 13065
10035 9740 13065
13065 9740 10035
2849 9459 11477
9459 2849 11477
11477 2849 9459
14001 6596 7445
7445 6596 14001
6596 7445 14001
4362 4527 8945
8945 4362 4527
4527 4362 8945
12120 980 1657
1657 980 12120
980 1657 12120
8147 5674 14088
14088 5674 8147
5674 8147 14088
2811 1848 13649
1848 2811 13649
13649 1848 2811
5510 1918 10544
1918 5510 10544
10544 1918 5510
8016 5790 6633
5790 6633 8016
6633 5790 8016
7663 699 7480
699 7480 7663
7480 699 7663
7067 5407 11728
11728 5407 7067
5407 7067 11728
12458 992 1332
1332 992 12458
992 1332 12458
3956 1589 10893
1589 3956 10893
10893 1589 3956
4344 8685 8771
8771 4344 8685
8685 4344 8771
7758 296 3055
3055 296 7758
296 3055 7758
3069 7688 12845
12845 3069 7688
7688 3069 12845
14955 3248 7804
3248 7804 14955
7804 3248 14955
745 9208 10492
9208 745 10492
10492 745 9208
14784 2215 12943
12943 2215 14784
2215 12943 14784
9071 623 2564
623 2564 9071
2564 623 9071
879 5770 6168
5770 879 6168
6168 879 5770
13958 2681 13545
2681 13545 13958
13545 2681 13958
14345 9376 10255
9376 10255 14345
10255 9376 14345
4141 7055 11132
11132 4141 7055
7055 4141 11132
12524 8526 12485
12485 8526 12524
8526 12485 12524
9802 7492 11717
7492 9802 11717
11717 7492 9802
4408 6440 10115
10115 4408 6440
6440 4408 10115
9445 873 3021
873 3021 9445
3021 873 9445
8764 5453 10459
10459 5453 8764
5453 8764 10459
2767 4849 12384
4849 2767 12384
12384 2767 4849
303 8120 8797
8120 303 8797
8797 303 8120
1020 8466 10434
8466 1020 10434
10434 1020 8466
8504 7253 11628
11628 7253 8504
7253 8504 11628
13654 1325 10111
1325 10111 13654
10111 1325 13654
384 1602 13139
13139 384 1602
1602 384 13139
11565 4065 9688
9688 4065 11565
4065 9688 11565
6422 4126 7008
4126 6422 7008
7008 4126 6422
3330 1341 14324
1341 3330 14324
14324 1341 3330
2029 6631 12798
6631 2029 12798
12798 2029 6631
4933 5112 10566
5112 4933 10566
10566 4933 5112
493 3223 7499
3223 493 7499
7499 493 3223
12153 4748 11005
11005 4748 12153
4748 11005 12153
10712 8897 10221
10221 8897 10712
8897 10221 10712
10683 3773 10205
3773 10205 10683
10205 3773 10683
3364 6273 8921
8921 3364 6273
6273 3364 8921
2214 5792 12413
12413 2214 5792
5792 2214 12413
154 474 12912
12912 154 474
474 154 12912
8263 2492 5020
2492 5020 8263
5020 2492 8263
3070 2153 13200
2153 3070 13200
13200 2153 3070
10017 4425 14495
4425 10017 14495
14495 4425 10017
2980 6531 8004
8004 2980 6531
6531 2980 8004
1162 3944 10333
3944 1162 10333
10333 1162 3944
1046 9766 11069
9766 1046 11069
11069 1046 9766
6567 7754 11445
7754 6567 11445
11445 6567 7754
1502 7530 13227
7530 1502 13227
13227 1502 7530
13810 1215 13274
13274 1215 13810
1215 13274 13810
13364 9952 10365
10365 9952 13364
9952 10365 13364
6411 5489 11825
11825 5489 6411
5489 6411 11825
11637 6809 7910
7910 6809 11637
6809 7910 11637
272 7285 11319
7285 272 11319
11319 272 7285
9396 245 7087
7087 245 9396
245 7087 9396
692 4794 9114
9114 692 4794
4794 692 9114
4435 814 3537
814 3537 4435
3537 814 4435
3062 7047 10422
10422 3062 7047
7047 3062 10422
8697 5524 9082
5524 8697 9082
9082 5524 8697
2810 6371 8306
6371 2810 8306
8306 2810 6371
10985 9672 13974
9672 10985 13974
13974 9672 10985
14068 2272 6152
2272 6152 14068
6152 2272 14068
2745 1825 10703
1825 2745 10703
10703 1825 2745
8583 3856 6666
6666 3856 8583
3856 6666 8583
2662 8534 12267
12267 2662 8534
8534 2662 12267
11471 8591 9845
9845 8591 11471
8591 9845 11471
2151 1539 8359
8359 1539 2151
1539 2151 8359
9385 10693 14062
10693 9385 14062
14062 9385 10693
6900 4396 5963
5963 4396 6900
4396 5963 6900
1108 1522 14766
1522 1108 14766
14766 1108 1522
6433 913 11553
11553 913 6433
913 6433 11553
4722 1555 6352
1555 4722 6352
6352 1555 4722
2066 5365 6173
6173 2066 5365
5365 2066 6173
14467 4240 8969
4240 8969 14467
8969 4240 14467
14927 1668 10716
1668 10716 14927
10716 1668 14927
6047 149 3685
3685 149 6047
149 3685 6047
3506 8883 13419
13419 3506 8883
8883 3506 13419
13771 7283 12175
7283 12175 13771
12175 7283 13771
13088 786 8803
786 8803 13088
8803 786 13088
10799 2032 7016
7016 2032 10799
2032 7016 10799
14504 6289 11448
6289 11448 14504
11448 6289 14504
8975 4070 9953
9953 4070 8975
4070 8975 9953
3715 2621 14592
14592 2621 3715
2621 3715 14592
8858 5979 9296
5979 8858 9296
9296 5979 8858
12584 5546 8125
5546 8125 12584
8125 5546 12584
7964 6153 13865
13865 6153 7964
6153 7964 13865
4988 6261 8324
8324 4988 6261
6261 4988 8324
12242 7755 8074
7755 8074 12242
8074 7755 12242
12451 5516 11094
5516 11094 12451
11094 5516 12451
8079 3947 4607
4607 3947 8079
3947 4607 8079
8197 3519 7809
7809 3519 8197
3519 7809 8197
6108 5503 11125
11125 5503 6108
5503 6108 11125
7424 2551 14425
14425 2551 7424
2551 7424 14425
2945 2293 7324
2293 2945 7324
7324 2293 2945
2324 10663 11883
11883 2324 10663
10663 2324 11883
5343 1672 5704
1672 5343 5704
5704 1672 5343
4538 2374 3367
3367 2374 4538
2374 3367 4538
4810 5347 6016
5347 4810 6016
6016 4810 5347
11890 5558 13171
13171 5558 11890
5558 11890 13171
438 31 2059
2059 31 438
31 438 2059
12123 4565 12029
12029 4565 12123
4565 12029 12123
2907 9549 9744
9744 2907 9549
9549 2907 9744
4086 14034 14940
14034 4086 14940
14940 4086 14034
2736 6644 8014
8014 2736 6644
6644 2736 8014
7306 3077 10488
3077 7306 10488
10488 3077 7306
9239 8236 13998
8236 9239 13998
13998 8236 9239
