10464 1809 10965
10965 1809 10464
1809 10464 10965
11009 8823 12542
12542 8823 11009
8823 11009 12542
8440 269 3029
269 3029 8440
3029 269 8440
13195 8832 11549
11549 8832 13195
8832 11549 13195
4095 3775 14596
3775 4095 14596
14596 3775 4095
2140 4109 5170
4109 2140 5170
5170 2140 4109
70 14392 14783
14783 70 14392
14392 70 14783
7930 3731 6330
3731 6330 7930
6330 3731 7930
6042 8753 13634
13634 6042 8753
8753 6042 13634
13659 4540 11131
4540 11131 13659
11131 4540 13659
221 2593 5675
5675 221 2593
2593 221 5675
9973 5712 12821
12821 5712 9973
5712 9973 12821
3504 802 11724
802 3504 11724
11724 802 3504
9275 53 14503
14503 53 9275
53 9275 14503
113 10840 12879
12879 113 10840
10840 113 12879
7042 2680 9702
2680 7042 9702
9702 2680 7042
8022 3906 7381
3906 7381 8022
7381 3906 8022
8254 8186 13245
13245 8186 8254
8186 8254 13245
1679 10340 11544
11544 1679 10340
10340 1679 11544
8707 176 12352
176 8707 12352
12352 176 8707
6972 7162 10733
7162 6972 10733
10733 6972 7162
7939 2381 11156
2381 7939 11156
11156 2381 7939
92 5538 5636
5538 92 5636
5636 92 5538
9548 521 10847
10847 521 9548
521 9548 10847
6333 3409 12342
12342 3409 6333
3409 6333 12342
12153 1727 2180
1727 2180 12153
2180 1727 12153
11510 11625 14359
11625 11510 14359
14359 11510 11625
3224 2993 8693
8693 2993 3224
2993 3224 8693
14849 4097 9684
9684 4097 14849
4097 9684 14849
1602 2686 12081
12081 1602 2686
2686 1602 12081
1259 996 7054
996 1259 7054
7054 996 1259
12632 620 11325
620 11325 12632
11325 620 12632
2491 6824 12938
12938 2491 6824
6824 2491 12938
14081 95 1923
95 1923 14081
1923 95 14081
3708 1508 14737
14737 1508 3708
1508 3708 14737
6277 9405 11335
9405 6277 11335
11335 6277 9405
10233 5114 8384
8384 5114 10233
5114 8384 10233
4562 665 1924
665 1924 4562
1924 665 4562
7060 4856 5964
4856 5964 7060
5964 4856 7060
10492 8864 13561
8864 10492 13561
13561 8864 10492
14371 2597 7082
2597 7082 14371
7082 2597 14371
12818 3893 6791
6791 3893 12818
3893 6791 12818
6012 2346 7012
7012 2346 6012
2346 6012 7012
14789 1209 11790
1209 11790 14789
11790 1209 14789
8573 1292 14921
14921 1292 8573
1292 8573 14921
8331 11311 14505
14505 8331 11311
11311 8331 14505
12288 2452 10811
10811 2452 12288
2452 10811 12288
6398 2197 12448
2197 6398 12448
12448 2197 6398
8268 2361 3818
2361 3818 8268
3818 2361 8268
14417 5820 8771
5820 8771 14417
8771 5820 14417
5971 12731 14470
14470 5971 12731
12731 5971 14470
11916 8548 9475
9475 8548 11916
8548 9475 11916
8401 12229 12638
12229 8401 12638
12638 8401 12229
13000 2667 5889
2667 5889 13000
5889 2667 13000
3979 2332 6649
2332 3979 6649
6649 2332 3979
2967 7782 7959
7782 2967 7959
7959 2967 7782
9139 2328 14597
2328 9139 14597
14597 2328 9139
6640 577 6068
577 6068 6640
6068 577 6640
38 3035 4487
4487 38 3035
3035 38 4487
13333 2912 9329
2912 9329 13333
9329 2912 13333
1484 2917 8295
2917 1484 8295
8295 1484 2917
14606 1827 11392
11392 1827 14606
1827 11392 14606
4311 9190 14313
14313 4311 9190
9190 4311 14313
9809 6245 6436
6436 6245 9809
6245 6436 9809
5460 4545 9999
4545 5460 9999
9999 4545 5460
5334 10916 14429
14429 5334 10916
10916 5334 14429
3322 6923 10387
6923 3322 10387
10387 3322 6923
562 3392 14239
14239 562 3392
3392 562 14239
11746 11036 11765
11765 11036 11746
11036 11746 11765
1260 9991 12218
9991 1260 12218
12218 1260 9991
14998 934 11570
11570 934 14998
934 11570 14998
8428 6903 13595
6903 8428 13595
13595 6903 8428
14463 808 4432
808 4432 14463
4432 808 14463
13802 4022 14707
4022 13802 14707
14707 4022 13802
8279 4308 11374
11374 4308 8279
4308 8279 11374
2101 1120 2415
1120 2101 2415
2415 1120 2101
13490 6657 8128
8128 6657 13490
6657 8128 13490
8995 1797 8984
1797 8984 8995
8984 1797 8995
3479 9024 13074
13074 3479 9024
9024 3479 13074
7740 3631 9543
9543 3631 7740
3631 7740 9543
6253 8805 12405
12405 6253 8805
8805 6253 12405
2524 7493 8725
7493 2524 8725
8725 2524 7493
13625 4196 6991
4196 6991 13625
6991 4196 13625
8894 1492 9114
9114 1492 8894
1492 8894 9114
13511 9363 12444
9363 12444 13511
12444 9363 13511
1973 3298 14973
14973 1973 3298
3298 1973 14973
11033 1347 11049
11049 1347 11033
1347 11033 11049
4541 12500 12980
12500 4541 12980
12980 4541 12500
13163 8671 12631
8671 12631 13163
12631 8671 13163
7168 219 10071
10071 219 7168
219 7168 10071
10583 2030 2777
2777 2030 10583
2030 2777 10583
7104 300 5468
300 5468 7104
5468 300 7104
13626 12693 14318
14318 12693 13626
12693 13626 14318
7965 10027 12183
10027 7965 12183
12183 7965 10027
14531 769 2266
2266 769 14531
769 2266 14531
8488 449 13850
449 8488 13850
13850 449 8488
12749 8297 10444
10444 8297 12749
8297 10444 12749
9784 222 6922
222 6922 9784
6922 222 9784
4940 4959 8459
8459 4940 4959
4959 4940 8459
2617 6635 8798
6635 2617 8798
8798 2617 6635
6077 2135 14619
14619 2135 6077
2135 6077 14619
6503 6200 6712
6712 6200 6503
6200 6503 6712
10201 9133 13747
9133 10201 13747
13747 9133 10201
5108 133 7084
133 5108 7084
7084 133 5108
5383 3915 4445
3915 4445 5383
4445 3915 5383
4387 864 10144
864 4387 10144
10144 864 4387
14341 1348 3149
1348 3149 14341
3149 1348 14341
11408 5006 7214
5006 7214 11408
7214 5006 11408
6779 11251 11675
11251 6779 11675
11675 6779 11251
3451 7385 7855
7385 3451 7855
7855 3451 7385
6146 11871 13890
13890 6146 11871
11871 6146 13890
3233 8712 10162
8712 3233 10162
10162 3233 8712
476 9536 11146
11146 476 9536
9536 476 11146
11062 921 10650
10650 921 11062
921 10650 11062
12551 6010 7291
6010 7291 12551
7291 6010 12551
14607 6201 14090
6201 14090 14607
14090 6201 14607
11134 1330 4334
1330 4334 11134
4334 1330 11134
7442 13820 14929
13820 7442 14929
14929 7442 13820
1994 5012 9771
5012 1994 9771
9771 1994 5012
7090 1719 14249
14249 1719 7090
1719 7090 14249
1951 1169 9604
9604 1169 1951
1169 1951 9604
3271 5285 13562
5285 3271 13562
13562 3271 5285
3845 997 9871
997 3845 9871
9871 997 3845
9668 199 12824
199 9668 12824
12824 199 9668
14476 6995 8504
6995 8504 14476
8504 6995 14476
13801 2360 13281
2360 13281 13801
13281 2360 13801
11880 1141 8970
1141 8970 11880
8970 1141 11880
13057 7605 11979
7605 11979 13057
11979 7605 13057
2050 375 14622
375 2050 14622
14622 375 2050
13712 13359 14346
13359 13712 14346
14346 13359 13712
10760 515 12024
12024 515 10760
515 10760 12024
11563 5007 8850
5007 8850 11563
8850 5007 11563
2112 5286 14230
14230 2112 5286
5286 2112 14230
14690 9250 14030
9250 14030 14690
14030 9250 14690
6378 5663 6499
5663 6378 6499
6499 5663 6378
9757 1571 11287
11287 1571 9757
1571 9757 11287
8477 86 11060
11060 86 8477
86 8477 11060
12335 1704 2844
2844 1704 12335
1704 2844 12335
6308 7462 9631
9631 6308 7462
7462 6308 9631
5227 4593 12595
4593 5227 12595
12595 4593 5227
13217 4650 10412
10412 4650 13217
4650 10412 13217
2589 9156 9700
9700 2589 9156
9156 2589 9700
9996 310 14670
14670 310 9996
310 9996 14670
6164 64 4108
4108 64 6164
64 4108 6164
8471 638 8310
638 8310 8471
8310 638 8471
1437 978 12407
978 1437 12407
12407 978 1437
9770 12137 12459
12137 9770 12459
12459 9770 12137
2412 5 11321
5 2412 11321
11321 5 2412
4800 6373 8397
8397 4800 6373
6373 4800 8397
9278 7568 10295
7568 9278 10295
10295 7568 9278
10821 851 4875
851 4875 10821
4875 851 10821
9884 4730 12898
12898 4730 9884
4730 9884 12898
9470 939 6298
6298 939 9470
939 6298 9470
9009 2338 14498
14498 2338 9009
2338 9009 14498
8547 8928 11111
11111 8547 8928
8928 8547 11111
5796 10602 13930
10602 5796 13930
13930 5796 10602
8822 5774 9064
9064 5774 8822
5774 8822 9064
5672 5220 14698
5220 5672 14698
14698 5220 5672
1187 5205 12741
5205 1187 12741
12741 1187 5205
5097 3008 13320
13320 3008 5097
3008 5097 13320
7236 9422 11890
9422 7236 11890
11890 7236 9422
13177 10574 11402
11402 10574 13177
10574 11402 13177
3332 2713 12293
2713 3332 12293
12293 2713 3332
2016 193 14977
14977 193 2016
193 2016 14977
11992 6032 11183
6032 11183 11992
11183 6032 11992
143 4546 5720
5720 143 4546
4546 143 5720
3474 236 7823
7823 236 3474
236 3474 7823
12881 9072 13526
13526 9072 12881
9072 12881 13526
4328 8632 13345
8632 4328 13345
13345 4328 8632
5649 9659 10379
10379 5649 9659
9659 5649 10379
13636 5339 9753
5339 9753 13636
9753 5339 13636
5165 1980 3734
3734 1980 5165
1980 3734 5165
2049 9074 13202
13202 2049 9074
9074 2049 13202
2505 4126 4598
4598 2505 4126
4126 2505 4598
10328 7609 14957
7609 10328 14957
14957 7609 10328
7260 2397 10149
10149 2397 7260
2397 7260 10149
2997 10664 11417
10664 2997 11417
11417 2997 10664
9419 2810 4625
2810 4625 9419
4625 2810 9419
5577 10867 11621
10867 5577 11621
11621 5577 10867
7096 1876 3771
3771 1876 7096
1876 3771 7096
10616 4676 8003
8003 4676 10616
4676 8003 10616
11353 5451 5990
5990 5451 11353
5451 5990 11353
793 9612 14916
9612 793 14916
14916 793 9612
5083 6811 7811
7811 5083 6811
6811 5083 7811
1841 7813 14781
7813 1841 14781
14781 1841 7813
5378 2825 7970
2825 5378 7970
7970 2825 5378
3653 2405 8933
8933 2405 3653
2405 3653 8933
9259 8588 9547
8588 9259 9547
9547 8588 9259
7633 3762 5437
3762 5437 7633
5437 3762 7633
7325 2202 8491
8491 2202 7325
2202 7325 8491
1283 2393 14382
14382 1283 2393
2393 1283 14382
13809 5835 14294
14294 5835 13809
5835 13809 14294
1421 336 11591
336 1421 11591
11591 336 1421
7517 7714 7769
7769 7517 7714
7714 7517 7769
4658 9741 14400
14400 4658 9741
9741 4658 14400
635 5743 8280
5743 635 8280
8280 635 5743
3173 3664 14903
3664 3173 14903
14903 3173 3664
1077 1965 11984
1965 1077 11984
11984 1077 1965
11575 3814 13854
3814 11575 13854
13854 3814 11575
4078 11065 14361
11065 4078 14361
14361 4078 11065
12182 188 13933
13933 188 12182
188 12182 13933
3437 9078 10759
9078 3437 10759
10759 3437 9078
10504 763 3842
763 3842 10504
3842 763 10504
11897 1708 3523
1708 3523 11897
3523 1708 11897
4861 6884 14811
14811 4861 6884
6884 4861 14811
349 11680 13401
11680 349 13401
13401 349 11680
9357 6594 9879
9879 6594 9357
6594 9357 9879
14703 12946 14187
12946 14187 14703
14187 12946 14703
14888 913 8323
8323 913 14888
913 8323 14888
14751 6492 11364
11364 6492 14751
6492 11364 14751
2254 702 9685
9685 702 2254
702 2254 9685
13734 7684 8082
7684 8082 13734
8082 7684 13734
11751 8263 10114
10114 8263 11751
8263 10114 11751
7586 4083 8748
4083 7586 8748
8748 4083 7586
2224 6747 11253
11253 2224 6747
6747 2224 11253
8377 2416 3963
2416 3963 8377
3963 2416 8377
1784 351 1972
351 1784 1972
1972 351 1784
11377 10610 11887
10610 11377 11887
11887 10610 11377
144 9993 13584
13584 144 9993
9993 144 13584
426 12096 14271
14271 426 12096
12096 426 14271
7372 8153 8216
8216 7372 8153
8153 7372 8216
894 5413 12468
5413 894 12468
12468 894 5413
9648 858 3907
3907 858 9648
858 3907 9648
9833 5246 7530
5246 7530 9833
7530 5246 9833
11518 2481 12964
12964 2481 11518
2481 11518 12964
517 4011 6680
6680 517 4011
4011 517 6680
13450 3916 10701
3916 10701 13450
10701 3916 13450
4863 2983 6083
2983 4863 6083
6083 2983 4863
12606 7755 10191
7755 10191 12606
10191 7755 12606
10825 3484 11578
3484 10825 11578
11578 3484 10825
3700 9447 14502
9447 3700 14502
14502 3700 9447
13997 10687 13494
13494 10687 13997
10687 13494 13997
1709 58 6863
58 1709 6863
6863 58 1709
8393 7122 8406
8406 7122 8393
7122 8393 8406
6383 10261 13588
13588 6383 10261
10261 6383 13588
1975 4015 6331
4015 1975 6331
6331 1975 4015
8533 5874 13059
13059 5874 8533
5874 8533 13059
12075 268 5602
268 5602 12075
5602 268 12075
7678 722 12942
722 7678 12942
12942 722 7678
6227 9678 10784
9678 6227 10784
10784 6227 9678
8990 7077 10453
10453 7077 8990
7077 8990 10453
5101 11922 13138
11922 5101 13138
13138 5101 11922
8817 1743 6241
6241 1743 8817
1743 6241 8817
9927 206 3493
206 3493 9927
3493 206 9927
1151 3572 14735
3572 1151 14735
14735 1151 3572
1073 7444 10234
10234 1073 7444
7444 1073 10234
13214 6587 8004
6587 8004 13214
8004 6587 13214
13737 11835 13605
13605 11835 13737
11835 13605 13737
9908 7484 11730
11730 7484 9908
7484 9908 11730
10665 10692 12142
10692 10665 12142
12142 10665 10692
6956 745 14793
14793 745 6956
745 6956 14793
5399 1527 10655
10655 1527 5399
1527 5399 10655
9404 2735 13620
13620 2735 9404
2735 9404 13620
10459 4148 7387
7387 4148 10459
4148 7387 10459
1522 6983 9966
9966 1522 6983
6983 1522 9966
13518 5669 13794
13794 5669 13518
5669 13518 13794
11330 11629 14633
11629 11330 14633
14633 11330 11629
1387 2308 4916
4916 1387 2308
2308 1387 4916
952 1892 2780
2780 952 1892
1892 952 2780
4618 2267 12010
2267 4618 12010
12010 2267 4618
8526 1087 9662
1087 8526 9662
9662 1087 8526
5066 9945 13122
9945 5066 13122
13122 5066 9945
13295 4140 6257
4140 6257 13295
6257 4140 13295
9617 6412 7038
6412 7038 9617
7038 6412 9617
1447 1854 2820
1854 1447 2820
2820 1447 1854
11611 723 14964
723 11611 14964
14964 723 11611
12120 4995 7589
7589 4995 12120
4995 7589 12120
6395 697 3180
3180 697 6395
697 3180 6395
12087 71 4088
71 4088 12087
4088 71 12087
1584 129 1891
1891 129 1584
129 1584 1891
14199 5228 6561
6561 5228 14199
5228 6561 14199
6754 1735 12466
12466 1735 6754
1735 6754 12466
8342 9560 12356
12356 8342 9560
9560 8342 12356
13825 5483 13637
13637 5483 13825
5483 13637 13825
7691 8938 10300
8938 7691 10300
10300 7691 8938
8222 847 11580
11580 847 8222
847 8222 11580
11452 7348 13593
7348 11452 13593
13593 7348 11452
150 423 3068
3068 150 423
423 150 3068
13827 6834 13360
6834 13360 13827
13360 6834 13827
1900 114 2592
114 1900 2592
2592 114 1900
536 13144 13211
13211 536 13144
13144 536 13211
6070 1201 9221
1201 6070 9221
9221 1201 6070
10425 6848 13941
13941 6848 10425
6848 10425 13941
2298 8024 11064
8024 2298 11064
11064 2298 8024
3336 1858 8076
1858 3336 8076
8076 1858 3336
4862 9742 12805
12805 4862 9742
9742 4862 12805
832 2136 12126
12126 832 2136
2136 832 12126
11149 8399 14618
8399 11149 14618
14618 8399 11149
9082 10419 13938
10419 9082 13938
13938 9082 10419
8936 10585 14148
10585 8936 14148
14148 8936 10585
9039 12231 14642
14642 9039 12231
12231 9039 14642
9004 2613 14146
14146 2613 9004
2613 9004 14146
9030 1796 12214
1796 9030 12214
12214 1796 9030
271 56 2823
2823 56 271
56 271 2823
2687 603 13660
603 2687 13660
13660 603 2687
13689 9495 10189
10189 9495 13689
9495 10189 13689
5169 1546 7418
1546 5169 7418
7418 1546 5169
5147 7763 8786
7763 5147 8786
8786 5147 7763
12471 12609 13406
12609 12471 13406
13406 12471 12609
12191 468 14665
14665 468 12191
468 12191 14665
4858 1462 6940
6940 1462 4858
1462 4858 6940
12294 3805 13475
13475 3805 12294
3805 12294 13475
11228 8523 12590
12590 8523 11228
8523 11228 12590
65 10187 14771
10187 65 14771
14771 65 10187
3867 6612 12406
12406 3867 6612
6612 3867 12406
777 547 12912
547 777 12912
12912 547 777
12718 7911 10884
7911 10884 12718
10884 7911 12718
6603 2238 9977
9977 2238 6603
2238 6603 9977
124 2104 7882
2104 124 7882
7882 124 2104
5351 610 7641
610 5351 7641
7641 610 5351
5113 11745 13154
13154 5113 11745
11745 5113 13154
11720 2509 2736
2509 2736 11720
2736 2509 11720
4876 4674 13685
13685 4674 4876
4674 4876 13685
12682 278 377
278 377 12682
377 278 12682
14226 664 13358
13358 664 14226
664 13358 14226
10841 12506 14082
12506 10841 14082
14082 10841 12506
1807 5178 6157
5178 1807 6157
6157 1807 5178
10152 7334 14601
7334 10152 14601
14601 7334 10152
707 239 2791
239 707 2791
2791 239 707
13836 9627 10143
10143 9627 13836
9627 10143 13836
8131 1696 10318
1696 8131 10318
10318 1696 8131
811 546 9347
546 811 9347
9347 546 811
2172 1186 10629
10629 1186 2172
1186 2172 10629
13505 9907 12457
12457 9907 13505
9907 12457 13505
14079 14646 14680
14646 14079 14680
14680 14079 14646
3609 10257 12745
10257 3609 12745
12745 3609 10257
5941 3089 12290
3089 5941 12290
12290 3089 5941
10446 3872 9349
9349 3872 10446
3872 9349 10446
11014 7048 9015
9015 7048 11014
7048 9015 11014
10236 7219 13875
7219 10236 13875
13875 7219 10236
122 6796 12752
12752 122 6796
6796 122 12752
12009 5325 8262
8262 5325 12009
5325 8262 12009
8112 7194 8110
8110 7194 8112
7194 8110 8112
4872 10011 11173
10011 4872 11173
11173 4872 10011
2821 12998 13973
12998 2821 13973
13973 2821 12998
13901 704 2750
704 2750 13901
2750 704 13901
13778 7578 9572
9572 7578 13778
7578 9572 13778
7205 1480 3673
3673 1480 7205
1480 3673 7205
3822 3524 3846
3524 3822 3846
3846 3524 3822
12136 8224 12049
12049 8224 12136
8224 12049 12136
13165 5521 6633
5521 6633 13165
6633 5521 13165
7056 2119 11120
2119 7056 11120
11120 2119 7056
4224 6471 8853
6471 4224 8853
8853 4224 6471
5268 1553 8763
8763 1553 5268
1553 5268 8763
10962 2658 4699
4699 2658 10962
2658 4699 10962
4634 5966 9740
5966 4634 9740
9740 4634 5966
3573 11803 13107
11803 3573 13107
13107 3573 11803
12112 1589 6126
6126 1589 12112
1589 6126 12112
7359 2675 10402
2675 7359 10402
10402 2675 7359
3213 1240 5850
5850 1240 3213
1240 3213 5850
1661 9530 11847
9530 1661 11847
11847 1661 9530
11734 7906 9173
7906 9173 11734
9173 7906 11734
8819 6599 13175
13175 6599 8819
6599 8819 13175
4754 3278 11133
3278 4754 11133
11133 3278 4754
10605 4048 7453
4048 7453 10605
7453 4048 10605
8946 2389 10946
2389 8946 10946
10946 2389 8946
2549 10537 14483
14483 2549 10537
10537 2549 14483
10421 404 3712
3712 404 10421
404 3712 10421
3247 1179 14568
1179 3247 14568
14568 1179 3247
1512 10844 14149
10844 1512 14149
14149 1512 10844
13014 3996 9153
3996 9153 13014
9153 3996 13014
5557 96 1818
96 1818 5557
1818 96 5557
9940 7357 9230
7357 9230 9940
9230 7357 9940
12877 687 4261
687 4261 12877
4261 687 12877
11269 3543 9338
3543 9338 11269
9338 3543 11269
7793 13212 13565
13212 7793 13565
13565 7793 13212
4336 1725 11305
11305 1725 4336
1725 4336 11305
11966 344 6820
6820 344 11966
344 6820 11966
11468 6718 11659
6718 11468 11659
11659 6718 11468
10249 3604 13094
13094 3604 10249
3604 10249 13094
1734 1196 10542
10542 1196 1734
1196 1734 10542
3794 2488 11260
2488 3794 11260
11260 2488 3794
1044 5973 7158
5973 1044 7158
7158 1044 5973
6124 8482 13113
13113 6124 8482
8482 6124 13113
9724 4548 4675
4675 4548 9724
4548 4675 9724
9081 6987 7556
7556 6987 9081
6987 7556 9081
8974 947 13266
13266 947 8974
947 8974 13266
14366 9795 11779
9795 11779 14366
11779 9795 14366
9982 7064 9100
7064 9100 9982
9100 7064 9982
4915 9226 14006
9226 4915 14006
14006 4915 9226
13730 5904 9069
5904 9069 13730
9069 5904 13730
78 3899 10467
10467 78 3899
3899 78 10467
9911 12080 13150
13150 9911 12080
12080 9911 13150
7022 5589 12622
5589 7022 12622
12622 5589 7022
491 1732 12558
1732 491 12558
12558 491 1732
13314 4453 13916
13916 4453 13314
4453 13314 13916
12834 11222 12835
12835 11222 12834
11222 12834 12835
765 5823 11524
11524 765 5823
5823 765 11524
1214 3114 11022
11022 1214 3114
3114 1214 11022
14377 2639 12045
12045 2639 14377
2639 12045 14377
7785 3024 4909
4909 3024 7785
3024 4909 7785
13928 4289 8592
4289 8592 13928
8592 4289 13928
7360 7559 8751
7559 7360 8751
8751 7360 7559
8859 2398 12639
12639 2398 8859
2398 8859 12639
5940 10272 11810
11810 5940 10272
10272 5940 11810
3346 1918 7192
7192 1918 3346
1918 3346 7192
1860 1999 2120
2120 1860 1999
1999 1860 2120
9510 7211 13332
13332 7211 9510
7211 9510 13332
436 2137 5622
2137 436 5622
5622 436 2137
13192 5149 13476
13476 5149 13192
5149 13192 13476
10169 9802 14679
9802 10169 14679
14679 9802 10169
12791 2217 2578
2217 2578 12791
2578 2217 12791
12702 8087 14019
8087 12702 14019
14019 8087 12702
7294 7704 8952
8952 7294 7704
7704 7294 8952
2074 834 3717
834 2074 3717
3717 834 2074
11903 414 3873
3873 414 11903
414 3873 11903
8666 6786 9014
9014 6786 8666
6786 8666 9014
11208 2479 14953
14953 2479 11208
2479 11208 14953
11977 11726 13346
13346 11726 11977
11726 11977 13346
7441 12033 13816
13816 7441 12033
12033 7441 13816
13244 7172 12758
7172 12758 13244
12758 7172 13244
1400 6947 10921
10921 1400 6947
6947 1400 10921
2582 4648 14060
4648 2582 14060
14060 2582 4648
13206 3866 11517
11517 3866 13206
3866 11517 13206
7884 875 13036
875 7884 13036
13036 875 7884
9034 5778 11399
11399 5778 9034
5778 9034 11399
13810 6103 8773
8773 6103 13810
6103 8773 13810
14283 2697 4086
2697 4086 14283
4086 2697 14283
1279 9502 13604
9502 1279 13604
13604 1279 9502
294 3450 11462
3450 294 11462
11462 294 3450
1930 1220 10185
10185 1220 1930
1220 1930 10185
2897 12401 12598
12598 2897 12401
12401 2897 12598
5560 5997 13869
5997 5560 13869
13869 5560 5997
4486 10436 11655
11655 4486 10436
10436 4486 11655
3765 9553 12567
9553 3765 12567
12567 3765 9553
4351 284 6093
6093 284 4351
284 4351 6093
9279 6986 7665
7665 6986 9279
6986 7665 9279
9831 5626 12562
12562 5626 9831
5626 9831 12562
6255 1736 10468
10468 1736 6255
1736 6255 10468
14764 796 9093
9093 796 14764
796 9093 14764
14311 6324 12846
12846 6324 14311
6324 12846 14311
748 8380 13532
8380 748 13532
13532 748 8380
12001 7772 11948
11948 7772 12001
7772 11948 12001
10373 1224 11031
11031 1224 10373
1224 10373 11031
10298 11666 14955
14955 10298 11666
11666 10298 14955
625 4 10874
10874 4 625
4 625 10874
11151 2327 11969
11969 2327 11151
2327 11151 11969
8972 8630 10363
10363 8630 8972
8630 8972 10363
3619 7841 9335
7841 3619 9335
9335 3619 7841
3086 3884 12759
3884 3086 12759
12759 3086 3884
117 1263 3753
3753 117 1263
1263 117 3753
13105 4350 5440
4350 5440 13105
5440 4350 13105
1746 5092 11083
5092 1746 11083
11083 1746 5092
7241 12875 13722
13722 7241 12875
12875 7241 13722
14312 4840 14807
14807 4840 14312
4840 14312 14807
10359 3155 11592
11592 3155 10359
3155 10359 11592
501 6309 8939
6309 501 8939
8939 501 6309
5054 7746 13213
7746 5054 13213
13213 5054 7746
13998 1869 4603
1869 4603 13998
4603 1869 13998
12926 3439 7550
3439 7550 12926
7550 3439 12926
14640 5010 12362
5010 12362 14640
12362 5010 14640
22 8389 12596
12596 22 8389
8389 22 12596
11754 4073 8173
4073 8173 11754
8173 4073 11754
4383 4918 10545
10545 4383 4918
4918 4383 10545
4250 12607 14521
12607 4250 14521
14521 4250 12607
218 5070 11799
11799 218 5070
5070 218 11799
1155 5135 6775
5135 1155 6775
6775 1155 5135
322 629 12285
12285 322 629
629 322 12285
12402 8191 13647
8191 12402 13647
13647 8191 12402
8718 10563 14674
10563 8718 14674
14674 8718 10563
10966 1744 6362
1744 6362 10966
6362 1744 10966
10630 1562 7467
1562 7467 10630
7467 1562 10630
2292 6353 14421
6353 2292 14421
14421 2292 6353
8325 1211 11171
1211 8325 11171
11171 1211 8325
3627 4247 8747
8747 3627 4247
4247 3627 8747
11473 4106 5186
4106 5186 11473
5186 4106 11473
6367 2258 14357
2258 6367 14357
14357 2258 6367
11607 1304 11980
11980 1304 11607
1304 11607 11980
13066 10053 11185
10053 11185 13066
11185 10053 13066
1655 4133 8758
4133 1655 8758
8758 1655 4133
6692 4623 7626
7626 4623 6692
4623 6692 7626
10720 12505 14320
14320 10720 12505
12505 10720 14320
10091 10337 10906
10906 10091 10337
10337 10091 10906
2621 4274 9628
4274 2621 9628
9628 2621 4274
8515 8653 11573
11573 8515 8653
8653 8515 11573
52 337 7318
7318 52 337
337 52 7318
779 9040 9828
9040 779 9828
9828 779 9040
6165 7554 10848
10848 6165 7554
7554 6165 10848
783 1805 13627
1805 783 13627
13627 783 1805
10484 753 5513
753 5513 10484
5513 753 10484
3508 1846 10069
1846 3508 10069
10069 1846 3508
2819 50 9636
50 2819 9636
9636 50 2819
11624 8811 9440
9440 8811 11624
8811 9440 11624
4553 8917 14165
14165 4553 8917
8917 4553 14165
8582 1950 13812
1950 8582 13812
13812 1950 8582
5163 2285 13650
2285 5163 13650
13650 2285 5163
11042 733 11595
11595 733 11042
733 11042 11595
2496 3755 11703
11703 2496 3755
3755 2496 11703
8054 862 5166
862 5166 8054
5166 862 8054
10526 6316 14928
6316 10526 14928
14928 6316 10526
11692 1826 9866
1826 9866 11692
9866 1826 11692
10120 8057 12756
12756 8057 10120
8057 10120 12756
10209 8476 14188
8476 10209 14188
14188 8476 10209
1303 3447 11950
3447 1303 11950
11950 1303 3447
2434 3241 3853
3853 2434 3241
3241 2434 3853
5926 2325 10048
10048 2325 5926
2325 5926 10048
14132 3839 10316
10316 3839 14132
3839 10316 14132
5679 3618 13091
13091 3618 5679
3618 5679 13091
3658 4249 7244
4249 3658 7244
7244 3658 4249
7413 3601 14711
14711 3601 7413
3601 7413 14711
9439 6662 13817
6662 9439 13817
13817 6662 9439
4330 2622 14546
14546 2622 4330
2622 4330 14546
4510 11324 11915
11915 4510 11324
11324 4510 11915
4898 10495 13582
13582 4898 10495
10495 4898 13582
5279 4870 8698
4870 5279 8698
8698 4870 5279
9602 12067 12424
12067 9602 12424
12424 9602 12067
11586 7142 13591
13591 7142 11586
7142 11586 13591
6154 2149 7423
2149 6154 7423
7423 2149 6154
14052 6607 9052
6607 9052 14052
9052 6607 14052
2734 3728 10881
3728 2734 10881
10881 2734 3728
5381 6185 11516
11516 5381 6185
6185 5381 11516
11492 1897 2408
2408 1897 11492
1897 2408 11492
2453 12370 12809
12809 2453 12370
12370 2453 12809
6654 4505 9683
4505 6654 9683
9683 4505 6654
460 1959 3163
1959 460 3163
3163 460 1959
12928 9359 12619
9359 12619 12928
12619 9359 12928
12973 85 11941
85 11941 12973
11941 85 12973
10623 1750 14535
14535 1750 10623
1750 10623 14535
6063 3279 4837
3279 4837 6063
4837 3279 6063
14898 1793 12735
1793 12735 14898
12735 1793 14898
8240 6283 12529
6283 8240 12529
12529 6283 8240
9919 11140 12221
12221 9919 11140
11140 9919 12221
787 1116 5555
1116 787 5555
5555 787 1116
5201 8509 12487
8509 5201 12487
12487 5201 8509
14296 3530 12793
3530 12793 14296
12793 3530 14296
9336 7156 11361
7156 9336 11361
11361 7156 9336
10450 12683 13402
12683 10450 13402
13402 10450 12683
1991 140 2693
2693 140 1991
140 1991 2693
14940 3097 13427
13427 3097 14940
3097 13427 14940
4693 6669 12507
6669 4693 12507
12507 4693 6669
3428 2396 7092
7092 2396 3428
2396 3428 7092
13491 795 3062
795 3062 13491
3062 795 13491
9733 4635 11116
4635 9733 11116
11116 4635 9733
1760 543 10439
10439 543 1760
543 1760 10439
9161 5867 10250
10250 5867 9161
5867 9161 10250
13892 5183 7119
5183 7119 13892
7119 5183 13892
13365 1752 12091
12091 1752 13365
1752 12091 13365
2383 2903 10066
10066 2383 2903
2903 2383 10066
7478 4883 13108
4883 7478 13108
13108 4883 7478
9306 10119 12168
12168 9306 10119
10119 9306 12168
4994 3998 10781
3998 4994 10781
10781 3998 4994
433 6538 10211
6538 433 10211
10211 433 6538
11839 2492 6261
2492 6261 11839
6261 2492 11839
10827 2358 9269
2358 9269 10827
9269 2358 10827
13533 3081 11029
3081 11029 13533
11029 3081 13533
8259 10247 14644
14644 8259 10247
10247 8259 14644
10923 8151 13087
13087 8151 10923
8151 10923 13087
438 7569 10710
7569 438 10710
10710 438 7569
11928 2424 11877
2424 11877 11928
11877 2424 11928
1563 3500 11990
3500 1563 11990
11990 1563 3500
6350 6219 14790
6219 6350 14790
14790 6219 6350
11974 12373 14370
14370 11974 12373
12373 11974 14370
13471 520 10686
10686 520 13471
520 10686 13471
6990 2353 5347
2353 5347 6990
5347 2353 6990
12545 962 3608
962 3608 12545
3608 962 12545
3952 585 3237
585 3237 3952
3237 585 3952
12520 148 14456
148 12520 14456
14456 148 12520
8643 7997 10936
10936 7997 8643
7997 8643 10936
5960 4792 6288
6288 4792 5960
4792 5960 6288
11740 9555 9780
9555 9780 11740
9780 9555 11740
1536 3295 13862
13862 1536 3295
3295 1536 13862
161 353 9428
9428 161 353
353 161 9428
6476 5119 8869
8869 5119 6476
5119 6476 8869
8081 5710 6918
6918 5710 8081
5710 6918 8081
13367 487 12078
12078 487 13367
487 12078 13367
5962 5362 9946
9946 5362 5962
5362 5962 9946
5902 1162 7618
7618 1162 5902
1162 5902 7618
7134 823 1922
823 1922 7134
1922 823 7134
2192 7397 9175
9175 2192 7397
7397 2192 9175
2406 8857 12151
12151 2406 8857
8857 2406 12151
3824 6235 10619
6235 3824 10619
10619 3824 6235
8339 10132 13317
13317 8339 10132
10132 8339 13317
13224 10361 11008
11008 10361 13224
10361 11008 13224
12059 301 14984
14984 301 12059
301 12059 14984
12306 3209 6985
6985 3209 12306
3209 6985 12306
3596 2436 10521
2436 3596 10521
10521 2436 3596
13421 6244 11657
6244 11657 13421
11657 6244 13421
7409 216 2591
216 2591 7409
2591 216 7409
10576 6050 12295
6050 10576 12295
12295 6050 10576
13821 8708 12536
12536 8708 13821
8708 12536 13821
7268 735 5999
5999 735 7268
735 5999 7268
6699 4403 5342
5342 4403 6699
4403 5342 6699
10332 12868 14536
12868 10332 14536
14536 10332 12868
8376 4417 9222
4417 8376 9222
9222 4417 8376
6592 3266 7035
7035 3266 6592
3266 6592 7035
2147 1337 2587
1337 2147 2587
2587 1337 2147
8988 2072 11141
11141 2072 8988
2072 8988 11141
8599 9369 11658
9369 8599 11658
11658 8599 9369
8046 4591 9091
4591 8046 9091
9091 4591 8046
8887 662 1408
1408 662 8887
662 1408 8887
5852 313 8371
313 5852 8371
8371 313 5852
11588 2533 14627
14627 2533 11588
2533 11588 14627
13904 4629 6240
4629 6240 13904
6240 4629 13904
14461 6018 13045
6018 13045 14461
13045 6018 14461
6661 6195 12132
12132 6195 6661
6195 6661 12132
10659 3862 4871
3862 4871 10659
4871 3862 10659
6762 166 6347
6347 166 6762
166 6347 6762
1040 8189 12113
8189 1040 12113
12113 1040 8189
1582 7258 8529
7258 1582 8529
8529 1582 7258
2536 9862 13220
9862 2536 13220
13220 2536 9862
9895 579 9409
579 9409 9895
9409 579 9895
7602 5950 10890
5950 7602 10890
10890 5950 7602
8109 7020 12394
7020 8109 12394
12394 7020 8109
4790 929 8412
929 4790 8412
8412 929 4790
4099 4696 9728
4696 4099 9728
9728 4099 4696
1434 1444 12953
1444 1434 12953
12953 1434 1444
7707 1947 8372
1947 7707 8372
8372 1947 7707
1993 10136 14028
10136 1993 14028
14028 1993 10136
6345 5200 6349
5200 6345 6349
6349 5200 6345
4502 1020 2163
2163 1020 4502
1020 2163 4502
2106 7472 14990
7472 2106 14990
14990 2106 7472
11194 1766 6198
1766 6198 11194
6198 1766 11194
5535 6130 8622
8622 5535 6130
6130 5535 8622
1906 10596 14947
14947 1906 10596
10596 1906 14947
12645 3340 6797
6797 3340 12645
3340 6797 12645
14315 393 5355
5355 393 14315
393 5355 14315
1394 555 13935
555 1394 13935
13935 555 1394
4901 2125 8776
2125 4901 8776
8776 2125 4901
1460 7980 8694
8694 1460 7980
7980 1460 8694
9669 6236 10429
10429 6236 9669
6236 9669 10429
14655 980 13425
13425 980 14655
980 13425 14655
12856 472 4818
4818 472 12856
472 4818 12856
4096 8793 12993
12993 4096 8793
8793 4096 12993
9434 2760 10078
2760 9434 10078
10078 2760 9434
2091 11288 12169
11288 2091 12169
12169 2091 11288
1671 4515 14134
4515 1671 14134
14134 1671 4515
5221 5792 7274
5792 5221 7274
7274 5221 5792
11545 684 11894
11894 684 11545
684 11545 11894
4399 8521 11373
11373 4399 8521
8521 4399 11373
6902 2207 14385
14385 2207 6902
2207 6902 14385
591 6953 7403
7403 591 6953
6953 591 7403
4027 5208 9124
5208 4027 9124
9124 4027 5208
14215 3495 4724
4724 3495 14215
3495 4724 14215
10833 6262 13481
13481 6262 10833
6262 10833 13481
10835 5834 8664
5834 8664 10835
8664 5834 10835
1726 7107 9116
9116 1726 7107
7107 1726 9116
1871 11584 13564
11584 1871 13564
13564 1871 11584
4367 7447 13326
13326 4367 7447
7447 4367 13326
708 5953 10480
10480 708 5953
5953 708 10480
7143 8781 12792
12792 7143 8781
8781 7143 12792
1419 1877 9003
9003 1419 1877
1877 1419 9003
1875 1833 10826
10826 1833 1875
1833 1875 10826
14917 12270 14086
14086 12270 14917
12270 14086 14917
11307 7571 8636
7571 8636 11307
8636 7571 11307
5944 9192 10954
9192 5944 10954
10954 5944 9192
13621 6041 13039
13039 6041 13621
6041 13039 13621
10768 184 675
184 675 10768
675 184 10768
1585 3057 9383
9383 1585 3057
3057 1585 9383
4335 4550 9837
9837 4335 4550
4550 4335 9837
7173 11501 14579
11501 7173 14579
14579 7173 11501
14942 11672 14484
14484 11672 14942
11672 14484 14942
4332 693 13530
13530 693 4332
693 4332 13530
14135 6483 7452
6483 7452 14135
7452 6483 14135
9079 464 10613
464 9079 10613
10613 464 9079
2649 737 11333
11333 737 2649
737 2649 11333
8721 3003 8895
8895 3003 8721
3003 8721 8895
2256 4051 5008
4051 2256 5008
5008 2256 4051
10186 4932 12389
4932 10186 12389
12389 4932 10186
12328 2304 3111
2304 3111 12328
3111 2304 12328
11495 1127 8510
1127 8510 11495
8510 1127 11495
1568 2467 3769
2467 1568 3769
3769 1568 2467
13315 7257 9804
9804 7257 13315
7257 9804 13315
3715 5414 11898
5414 3715 11898
11898 3715 5414
4520 6153 11630
11630 4520 6153
6153 4520 11630
12230 6780 6832
6832 6780 12230
6780 6832 12230
9280 12858 14678
12858 9280 14678
14678 9280 12858
3919 2455 12996
2455 3919 12996
12996 2455 3919
107 202 3477
3477 107 202
202 107 3477
6611 10754 12103
12103 6611 10754
10754 6611 12103
11626 3006 13022
13022 3006 11626
3006 11626 13022
12829 4046 4166
4166 4046 12829
4046 4166 12829
5158 6910 12897
6910 5158 12897
12897 5158 6910
14845 11177 14629
11177 14629 14845
14629 11177 14845
138 2439 8219
2439 138 8219
8219 138 2439
2986 3732 10159
3732 2986 10159
10159 2986 3732
8926 2710 4212
2710 4212 8926
4212 2710 8926
927 1883 7703
1883 927 7703
7703 927 1883
3283 2218 13969
2218 3283 13969
13969 2218 3283
970 2118 12651
2118 970 12651
12651 970 2118
2097 974 1005
1005 974 2097
974 1005 2097
212 10 8305
8305 10 212
10 212 8305
11227 2742 10016
10016 2742 11227
2742 10016 11227
9894 12724 13538
12724 9894 13538
13538 9894 12724
5233 3453 10194
3453 5233 10194
10194 3453 5233
3320 4794 6888
4794 3320 6888
6888 3320 4794
4888 1140 8292
8292 1140 4888
1140 4888 8292
9297 2532 5977
5977 2532 9297
2532 5977 9297
10856 6394 7830
7830 6394 10856
6394 7830 10856
917 444 10907
444 917 10907
10907 444 917
2516 9012 13271
9012 2516 13271
13271 2516 9012
14795 1889 4190
1889 4190 14795
4190 1889 14795
8327 948 9696
9696 948 8327
948 8327 9696
6307 6025 6582
6582 6025 6307
6025 6307 6582
11789 5140 14011
14011 5140 11789
5140 11789 14011
14302 598 3855
598 3855 14302
3855 598 14302
2724 12358 14654
14654 2724 12358
12358 2724 14654
9736 12561 12775
12775 9736 12561
12561 9736 12775
5421 3178 3376
3178 3376 5421
3376 3178 5421
14241 6542 13391
13391 6542 14241
6542 13391 14241
5359 12379 13814
12379 5359 13814
13814 5359 12379
12374 6578 14666
14666 6578 12374
6578 12374 14666
8498 7805 9997
7805 8498 9997
9997 7805 8498
5196 3417 10981
3417 5196 10981
10981 3417 5196
884 3847 6967
3847 884 6967
6967 884 3847
915 8734 12207
8734 915 12207
12207 915 8734
1001 623 11455
11455 623 1001
623 1001 11455
14981 6270 6545
6545 6270 14981
6270 6545 14981
406 2541 10175
2541 406 10175
10175 406 2541
5698 6336 11648
6336 5698 11648
11648 5698 6336
5585 2627 2768
2768 2627 5585
2627 2768 5585
5784 8026 13759
8026 5784 13759
13759 5784 8026
13841 3529 11453
11453 3529 13841
3529 11453 13841
13842 1817 13124
1817 13124 13842
13124 1817 13842
12122 568 8642
8642 568 12122
568 8642 12122
3649 2426 8513
8513 2426 3649
2426 3649 8513
1025 5744 6790
6790 1025 5744
5744 1025 6790
4322 3449 10777
3449 4322 10777
10777 3449 4322
3375 6636 12961
6636 3375 12961
12961 3375 6636
10256 8114 12093
8114 10256 12093
12093 8114 10256
8867 9160 9670
9670 8867 9160
9160 8867 9670
10876 744 9460
744 9460 10876
9460 744 10876
5567 2301 11449
11449 2301 5567
2301 5567 11449
12455 2333 9197
2333 9197 12455
9197 2333 12455
5096 514 7916
7916 514 5096
514 5096 7916
6857 4213 9271
9271 4213 6857
4213 6857 9271
263 1574 7607
7607 263 1574
1574 263 7607
14870 9020 14116
9020 14116 14870
14116 9020 14870
8661 9589 14848
14848 8661 9589
9589 8661 14848
360 5331 5356
5331 360 5356
5356 360 5331
14752 5819 6192
6192 5819 14752
5819 6192 14752
5832 7026 13160
13160 5832 7026
7026 5832 13160
5107 1647 2801
1647 2801 5107
2801 1647 5107
14153 7212 12655
12655 7212 14153
7212 12655 14153
14203 2421 6777
2421 6777 14203
6777 2421 14203
10719 439 11965
11965 439 10719
439 10719 11965
8077 1301 7534
7534 1301 8077
1301 7534 8077
14402 6408 11797
11797 6408 14402
6408 11797 14402
3227 3161 13655
3161 3227 13655
13655 3161 3227
3005 582 13061
13061 582 3005
582 3005 13061
5138 4010 13020
13020 4010 5138
4010 5138 13020
229 1376 13531
1376 229 13531
13531 229 1376
14755 9041 9877
9877 9041 14755
9041 9877 14755
7174 6675 7656
6675 7174 7656
7656 6675 7174
5436 909 7272
909 5436 7272
7272 909 5436
3726 878 5839
5839 878 3726
878 3726 5839
2169 5215 10845
5215 2169 10845
10845 2169 5215
13891 4749 10455
4749 10455 13891
10455 4749 13891
5188 1862 12714
1862 5188 12714
12714 1862 5188
11551 6462 8033
6462 8033 11551
8033 6462 11551
10892 8365 13404
13404 8365 10892
8365 10892 13404
7750 3621 6140
6140 3621 7750
3621 6140 7750
11576 2836 12574
12574 2836 11576
2836 11576 12574
4055 636 4890
636 4055 4890
4890 636 4055
6020 5845 12599
5845 6020 12599
12599 5845 6020
12336 3528 9582
9582 3528 12336
3528 9582 12336
12417 1981 8451
1981 8451 12417
8451 1981 12417
5613 2969 6618
6618 2969 5613
2969 5613 6618
10315 1113 14074
14074 1113 10315
1113 10315 14074
10533 4172 7191
7191 4172 10533
4172 7191 10533
8265 4296 9326
4296 8265 9326
9326 4296 8265
5237 7190 11418
11418 5237 7190
7190 5237 11418
10850 2493 14233
2493 10850 14233
14233 2493 10850
8920 6047 8962
6047 8920 8962
8962 6047 8920
10572 10493 13278
13278 10493 10572
10493 10572 13278
700 4176 6190
6190 700 4176
4176 700 6190
5568 1859 8106
8106 1859 5568
1859 5568 8106
13879 15 822
15 822 13879
822 15 13879
10776 1591 8601
8601 1591 10776
1591 8601 10776
7081 8408 12528
12528 7081 8408
8408 7081 12528
8902 3127 3138
3127 3138 8902
3138 3127 8902
110 1636 12355
12355 110 1636
1636 110 12355
11195 2512 4931
2512 4931 11195
4931 2512 11195
1221 1369 1811
1811 1221 1369
1369 1221 1811
5202 3687 10551
10551 3687 5202
3687 5202 10551
1388 3841 13415
13415 1388 3841
3841 1388 13415
13292 5047 6304
5047 6304 13292
6304 5047 13292
12566 12665 12704
12704 12566 12665
12665 12566 12704
2574 6434 11604
6434 2574 11604
11604 2574 6434
12202 9068 9459
9068 9459 12202
9459 9068 12202
14567 5998 6627
6627 5998 14567
5998 6627 14567
7719 3903 10304
3903 7719 10304
10304 3903 7719
2977 1788 12780
12780 1788 2977
1788 2977 12780
14170 3859 10805
10805 3859 14170
3859 10805 14170
565 8880 14488
8880 565 14488
14488 565 8880
10830 1528 6196
6196 1528 10830
1528 6196 10830
8942 880 12733
12733 880 8942
880 8942 12733
3205 3817 11967
11967 3205 3817
3817 3205 11967
4977 6127 8791
6127 4977 8791
8791 4977 6127
2506 9218 9776
9218 2506 9776
9776 2506 9218
1813 2235 3471
2235 1813 3471
3471 1813 2235
3803 804 7111
7111 804 3803
804 3803 7111
14243 4084 6043
4084 6043 14243
6043 4084 14243
4265 4312 7499
4312 4265 7499
7499 4265 4312
6181 366 11972
366 6181 11972
11972 366 6181
7169 2194 10757
10757 2194 7169
2194 7169 10757
13334 829 6273
829 6273 13334
6273 829 13334
3691 11220 14119
11220 3691 14119
14119 3691 11220
11872 1783 9697
9697 1783 11872
1783 9697 11872
12447 1714 5307
5307 1714 12447
1714 5307 12447
11091 394 14085
14085 394 11091
394 11091 14085
13940 6071 8847
6071 8847 13940
8847 6071 13940
4983 1962 10255
10255 1962 4983
1962 4983 10255
2025 3566 14526
14526 2025 3566
3566 2025 14526
7557 10753 11273
10753 7557 11273
11273 7557 10753
14731 717 10550
10550 717 14731
717 10550 14731
11371 6944 10750
10750 6944 11371
6944 10750 11371
3305 7024 14540
7024 3305 14540
14540 3305 7024
2556 1587 7597
1587 2556 7597
7597 1587 2556
5388 1668 3551
1668 3551 5388
3551 1668 5388
5090 3538 11017
3538 5090 11017
11017 3538 5090
11806 11215 11787
11787 11215 11806
11215 11787 11806
11309 1034 8964
1034 8964 11309
8964 1034 11309
5795 9209 9258
9209 5795 9258
9258 5795 9209
7051 4769 5234
5234 4769 7051
4769 5234 7051
11275 5021 5259
5259 5021 11275
5021 5259 11275
11652 6281 12804
6281 11652 12804
12804 6281 11652
8594 8849 10259
10259 8594 8849
8849 8594 10259
14091 1729 2241
1729 2241 14091
2241 1729 14091
9061 5898 13287
5898 9061 13287
13287 5898 9061
12549 2584 11179
11179 2584 12549
2584 11179 12549
10957 3590 12133
12133 3590 10957
3590 10957 12133
10076 5443 6168
5443 6168 10076
6168 5443 10076
14177 6448 11792
11792 6448 14177
6448 11792 14177
1810 479 8457
479 1810 8457
8457 479 1810
2429 10112 12721
10112 2429 12721
12721 2429 10112
3040 1774 14078
1774 3040 14078
14078 1774 3040
2553 3819 4028
4028 2553 3819
3819 2553 4028
12862 2153 9546
2153 9546 12862
9546 2153 12862
8564 3778 7635
3778 7635 8564
7635 3778 8564
4943 3004 13967
13967 3004 4943
3004 4943 13967
13311 6135 6876
6876 6135 13311
6135 6876 13311
5230 3516 7981
7981 3516 5230
3516 5230 7981
13408 7613 10174
10174 7613 13408
7613 10174 13408
13279 3948 7661
7661 3948 13279
3948 7661 13279
12935 11162 14770
11162 12935 14770
14770 11162 12935
7806 7942 9790
7942 7806 9790
9790 7806 7942
12963 2191 5386
5386 2191 12963
2191 5386 12963
6937 2929 4178
4178 2929 6937
2929 4178 6937
6176 5003 9622
5003 6176 9622
9622 5003 6176
3786 1004 6151
6151 1004 3786
1004 3786 6151
3459 1316 11488
1316 3459 11488
11488 1316 3459
51 2352 11358
11358 51 2352
2352 51 11358
8055 2262 10953
10953 2262 8055
2262 8055 10953
3702 4960 11911
11911 3702 4960
4960 3702 11911
4233 10335 12592
12592 4233 10335
10335 4233 12592
5723 8221 9847
9847 5723 8221
