212 1043 1396
1396 212 1043
1043 212 1396
135 36 109
109 36 135
36 109 135
288 865 1166
1166 288 865
865 288 1166
1268 611 907
907 611 1268
611 907 1268
954 239 252
239 252 954
252 239 954
339 253 778
778 253 339
253 339 778
319 43 1327
43 319 1327
1327 43 319
307 193 937
193 307 937
937 193 307
1216 804 1232
1232 804 1216
804 1216 1232
988 608 1129
608 988 1129
1129 608 988
678 104 541
104 541 678
541 104 678
996 447 1459
1459 447 996
447 996 1459
993 724 1457
724 993 1457
1457 724 993
589 143 650
143 589 650
650 143 589
1194 372 631
631 372 1194
372 631 1194
1497 944 1240
944 1240 1497
1240 944 1497
540 746 1192
746 540 1192
1192 540 746
795 1045 1493
1493 795 1045
1045 795 1493
233 9 677
9 233 677
677 9 233
466 443 871
443 466 871
871 443 466
397 178 184
178 184 397
184 178 397
571 3 786
3 571 786
786 3 571
1042 834 1016
834 1016 1042
1016 834 1042
458 721 782
721 458 782
782 458 721
914 205 469
469 205 914
205 469 914
1050 49 876
49 876 1050
876 49 1050
796 341 709
341 709 796
709 341 796
705 492 1229
492 705 1229
1229 492 705
864 171 1253
171 864 1253
1253 171 864
73 281 1156
281 73 1156
1156 73 281
817 582 690
582 690 817
690 582 817
801 761 1053
761 801 1053
1053 761 801
760 15 86
86 15 760
15 86 760
1069 440 917
440 917 1069
917 440 1069
618 867 1071
1071 618 867
867 618 1071
442 642 1479
1479 442 642
642 442 1479
787 527 1191
1191 527 787
527 787 1191
138 120 1234
1234 120 138
120 138 1234
1039 61 438
61 438 1039
438 61 1039
739 1300 1440
1440 739 1300
1300 739 1440
684 722 1283
722 684 1283
1283 684 722
1047 374 1372
374 1047 1372
1372 374 1047
523 682 1359
682 523 1359
1359 523 682
1354 1340 1423
1423 1340 1354
1340 1354 1423
1475 561 1189
1189 561 1475
561 1189 1475
1365 188 1049
1049 188 1365
188 1049 1365
232 733 946
733 232 946
946 232 733
609 522 1357
1357 522 609
522 609 1357
878 229 354
354 229 878
229 354 878
1063 691 1458
691 1063 1458
1458 691 1063
1061 1030 1245
1245 1030 1061
1030 1061 1245
1195 125 1298
125 1195 1298
1298 125 1195
25 481 1421
481 25 1421
1421 25 481
1294 747 1149
747 1149 1294
1149 747 1294
1172 208 475
208 475 1172
475 208 1172
1173 132 1227
132 1173 1227
1227 132 1173
1492 242 437
242 437 1492
437 242 1492
1055 872 1346
1346 872 1055
872 1055 1346
11 137 661
137 11 661
661 11 137
1491 335 1062
335 1062 1491
1062 335 1491
462 770 800
770 462 800
800 462 770
392 98 508
508 98 392
98 392 508
805 651 1109
651 805 1109
1109 651 805
363 461 930
461 363 930
930 363 461
454 515 848
515 454 848
848 454 515
754 620 1250
1250 620 754
620 754 1250
1018 337 1236
337 1018 1236
1236 337 1018
1151 223 577
577 223 1151
223 577 1151
702 667 1119
667 702 1119
1119 667 702
1405 114 959
114 959 1405
959 114 1405
17 202 1217
202 17 1217
1217 17 202
396 241 648
648 241 396
241 396 648
470 1067 1483
1067 470 1483
1483 470 1067
1124 344 1022
344 1022 1124
1022 344 1124
987 72 388
388 72 987
72 388 987
146 97 958
958 97 146
97 146 958
489 283 1224
1224 283 489
283 489 1224
13 494 1079
1079 13 494
494 13 1079
1430 238 304
304 238 1430
238 304 1430
1008 142 853
142 853 1008
853 142 1008
57 299 1330
299 57 1330
1330 57 299
995 128 640
640 128 995
128 640 995
1439 286 823
286 823 1439
823 286 1439
300 1272 1289
1289 300 1272
1272 300 1289
347 686 765
765 347 686
686 347 765
1478 192 467
192 467 1478
467 192 1478
419 425 889
425 419 889
889 419 425
828 14 932
14 828 932
932 14 828
1321 41 62
41 62 1321
62 41 1321
1026 376 689
376 689 1026
689 376 1026
84 568 744
568 84 744
744 84 568
797 730 1164
1164 730 797
730 797 1164
597 317 756
317 597 756
756 317 597
187 56 377
377 56 187
56 187 377
1426 873 1342
873 1342 1426
1342 873 1426
538 1297 1412
1412 538 1297
1297 538 1412
468 169 441
441 169 468
169 441 468
215 303 1473
303 215 1473
1473 215 303
596 894 1004
1004 596 894
894 596 1004
681 309 1158
309 681 1158
1158 309 681
743 593 621
621 593 743
593 621 743
131 422 904
904 131 422
422 131 904
180 512 598
598 180 512
512 180 598
551 314 997
997 314 551
314 551 997
1174 63 1056
63 1056 1174
1056 63 1174
881 127 574
127 574 881
574 127 881
1331 267 633
267 633 1331
633 267 1331
1385 175 1476
175 1385 1476
1476 175 1385
728 972 1366
1366 728 972
972 728 1366
1256 412 1074
1074 412 1256
412 1074 1256
779 1427 1456
1456 779 1427
1427 779 1456
847 606 1489
606 847 1489
1489 606 847
399 87 1470
1470 87 399
87 399 1470
371 83 1487
83 371 1487
1487 83 371
1494 880 1306
1306 880 1494
880 1306 1494
1037 362 1242
1242 362 1037
362 1037 1242
826 292 645
292 645 826
645 292 826
501 366 375
375 366 501
366 375 501
595 616 820
616 595 820
820 595 616
1435 163 1397
163 1397 1435
1397 163 1435
966 360 935
935 360 966
360 935 966
1280 759 1091
1091 759 1280
759 1091 1280
933 581 1209
581 933 1209
1209 581 933
16 30 1152
1152 16 30
30 16 1152
130 503 887
887 130 503
503 130 887
228 328 1452
328 228 1452
1452 228 328
547 33 357
357 33 547
33 357 547
459 219 333
219 333 459
333 219 459
511 674 922
674 511 922
922 511 674
1299 521 600
521 600 1299
600 521 1299
1009 450 940
450 940 1009
940 450 1009
1498 162 1028
162 1028 1498
1028 162 1498
173 1 685
1 173 685
685 1 173
1282 320 567
320 567 1282
567 320 1282
1073 844 1286
1286 844 1073
844 1073 1286
970 603 1127
603 970 1127
1127 603 970
921 572 1235
572 921 1235
1235 572 921
145 244 262
262 145 244
244 145 262
1190 220 495
220 495 1190
495 220 1190
980 858 899
899 858 980
858 899 980
1352 373 717
373 717 1352
717 373 1352
636 1057 1274
1274 636 1057
1057 636 1274
1265 962 1089
962 1089 1265
1089 962 1265
585 1011 1303
1011 585 1303
1303 585 1011
1264 421 545
421 545 1264
545 421 1264
152 473 1175
473 152 1175
1175 152 473
643 1142 1291
1291 643 1142
1142 643 1291
427 343 1254
1254 343 427
343 427 1254
483 846 1215
1215 483 846
846 483 1215
529 471 1054
471 529 1054
1054 471 529
927 191 734
734 191 927
191 734 927
1041 275 719
275 719 1041
719 275 1041
75 44 387
44 75 387
387 44 75
1386 1110 1212
1212 1110 1386
1110 1212 1386
516 247 635
247 516 635
635 247 516
424 498 1255
1255 424 498
498 424 1255
1313 156 1107
1107 156 1313
156 1107 1313
976 336 1197
1197 336 976
336 976 1197
386 482 1482
482 386 1482
1482 386 482
737 836 1193
836 737 1193
1193 737 836
1247 52 1261
52 1247 1261
1261 52 1247
1005 701 1211
701 1005 1211
1211 701 1005
410 270 994
270 410 994
994 270 410
504 124 1419
1419 124 504
124 504 1419
1358 716 1003
716 1003 1358
1003 716 1358
406 1025 1263
1025 406 1263
1263 406 1025
1371 155 1083
155 1083 1371
1083 155 1371
768 277 1068
277 768 1068
1068 277 768
174 1065 1446
1065 174 1446
1446 174 1065
605 544 610
610 544 605
544 605 610
725 753 1207
753 725 1207
1207 725 753
379 42 573
573 42 379
42 379 573
814 1308 1391
1391 814 1308
1308 814 1391
742 408 446
446 408 742
408 446 742
863 835 923
923 835 863
835 863 923
1080 542 1302
542 1080 1302
1302 542 1080
1006 672 1399
1399 672 1006
672 1006 1399
897 361 963
361 897 963
963 361 897
65 161 909
909 65 161
161 65 909
1332 90 955
955 90 1332
90 955 1332
274 108 338
108 274 338
338 108 274
1051 393 1496
1496 393 1051
393 1051 1496
1341 112 1471
112 1341 1471
1471 112 1341
287 1032 1125
1125 287 1032
1032 287 1125
549 550 920
920 549 550
550 549 920
147 888 1447
888 147 1447
1447 147 888
1296 418 852
852 418 1296
418 852 1296
398 164 714
714 164 398
164 398 714
1455 240 840
240 840 1455
840 240 1455
352 1012 1377
1012 352 1377
1377 352 1012
381 1019 1460
1460 381 1019
1019 381 1460
266 154 395
154 266 395
395 154 266
417 416 960
416 417 960
960 416 417
284 95 1485
1485 95 284
95 284 1485
895 860 1198
860 895 1198
1198 860 895
929 294 1334
1334 294 929
294 929 1334
1126 623 1422
1422 623 1126
623 1126 1422
764 85 453
453 85 764
85 453 764
1437 194 1428
194 1428 1437
1428 194 1437
1316 103 493
103 493 1316
493 103 1316
1417 68 1031
68 1031 1417
1031 68 1417
226 1000 1145
1145 226 1000
1000 226 1145
1241 535 750
535 750 1241
750 535 1241
490 82 707
707 82 490
82 490 707
615 514 1275
514 615 1275
1275 514 615
10 115 1295
115 10 1295
1295 10 115
607 198 1305
1305 198 607
198 607 1305
1138 658 1461
658 1138 1461
1461 658 1138
654 953 1177
1177 654 953
953 654 1177
195 819 1092
819 195 1092
1092 195 819
355 428 448
448 355 428
428 355 448
652 2 435
435 2 652
2 435 652
407 626 1137
1137 407 626
626 407 1137
24 122 537
122 24 537
537 24 122
1453 663 911
663 911 1453
911 663 1453
882 172 1464
1464 172 882
172 882 1464
509 592 1463
1463 509 592
592 509 1463
1414 183 555
183 555 1414
555 183 1414
12 822 1293
822 12 1293
1293 12 822
857 1085 1131
1085 857 1131
1131 857 1085
948 100 1369
100 948 1369
1369 100 948
919 436 802
436 802 919
802 436 919
1077 680 1468
1468 680 1077
680 1077 1468
660 218 967
967 218 660
218 660 967
491 326 1141
326 491 1141
1141 326 491
297 37 1310
1310 37 297
37 297 1310
153 351 484
351 153 484
484 153 351
883 222 1349
222 883 1349
1349 222 883
455 51 821
51 455 821
821 51 455
951 798 1381
798 951 1381
1381 798 951
825 767 1021
767 825 1021
1021 767 825
604 185 559
185 559 604
559 185 604
877 665 1499
665 877 1499
1499 665 877
941 285 687
285 687 941
687 285 941
313 810 896
896 313 810
810 313 896
27 258 627
258 27 627
627 27 258
1139 39 1362
39 1139 1362
1362 39 1139
327 384 1472
1472 327 384
384 327 1472
1481 1380 1401
1401 1380 1481
1380 1401 1481
330 105 251
105 251 330
251 105 330
217 670 726
670 217 726
726 217 670
273 641 1024
641 273 1024
1024 273 641
1105 121 901
121 901 1105
901 121 1105
1333 781 1431
781 1333 1431
1431 781 1333
808 934 1007
1007 808 934
934 808 1007
74 563 729
563 74 729
729 74 563
854 402 1115
402 854 1115
1115 402 854
1495 26 196
196 26 1495
26 196 1495
291 601 1307
1307 291 601
601 291 1307
1416 60 942
942 60 1416
60 942 1416
310 50 676
50 310 676
676 50 310
1344 884 913
913 884 1344
884 913 1344
7 630 1182
630 7 1182
1182 7 630
534 552 806
806 534 552
552 534 806
644 983 1336
1336 644 983
983 644 1336
1465 323 365
365 323 1465
323 365 1465
1147 584 1311
584 1147 1311
1311 584 1147
1168 123 885
885 123 1168
123 885 1168
507 943 957
957 507 943
943 507 957
671 221 978
978 221 671
221 671 978
1144 560 1122
1122 560 1144
560 1122 1144
415 133 675
133 415 675
675 133 415
31 45 69
69 31 45
45 31 69
210 340 915
340 210 915
915 210 340
1121 59 1408
1408 59 1121
59 1121 1408
46 5 697
697 5 46
5 46 697
499 543 1335
1335 499 543
543 499 1335
576 564 1292
564 576 1292
1292 564 576
1363 261 449
449 261 1363
261 449 1363
1315 924 979
979 924 1315
924 979 1315
519 845 908
845 519 908
908 519 845
1184 203 974
974 203 1184
203 974 1184
1309 342 520
342 520 1309
520 342 1309
1420 745 1379
745 1379 1420
1379 745 1420
431 405 855
405 431 855
855 405 431
211 260 496
496 211 260
260 211 496
741 912 1433
912 741 1433
1433 741 912
727 1140 1276
1276 727 1140
1140 727 1276
890 129 269
269 129 890
129 269 890
723 624 1288
624 723 1288
1288 624 723
1135 259 861
259 861 1135
861 259 1135
18 931 964
931 18 964
964 18 931
990 290 1202
290 990 1202
1202 290 990
265 358 1161
1161 265 358
358 265 1161
653 893 1339
893 653 1339
1339 653 893
329 939 947
947 329 939
939 329 947
1326 58 246
58 246 1326
246 58 1326
875 700 1086
700 875 1086
1086 700 875
1208 926 1117
926 1117 1208
1117 926 1208
704 158 1044
158 704 1044
1044 158 704
769 815 1070
1070 769 815
815 769 1070
55 1204 1270
1204 55 1270
1270 55 1204
1267 517 1441
517 1267 1441
1441 517 1267
1450 488 1180
488 1180 1450
1180 488 1450
992 276 1203
1203 276 992
276 992 1203
622 245 500
500 245 622
245 500 622
1185 204 463
463 204 1185
204 463 1185
1285 256 553
256 553 1285
553 256 1285
1176 206 657
206 657 1176
657 206 1176
1048 587 1150
587 1048 1150
1150 587 1048
891 965 1279
965 891 1279
1279 891 965
785 580 731
580 731 785
731 580 785
1225 280 1449
1449 280 1225
280 1225 1449
505 982 1108
982 505 1108
1108 505 982
282 833 1222
833 282 1222
1222 282 833
409 506 1443
506 409 1443
1443 409 506
4 1277 1382
1277 4 1382
1382 4 1277
487 526 771
771 487 526
526 487 771
301 77 1484
1484 77 301
77 301 1484
1001 243 903
243 903 1001
903 243 1001
818 477 1442
1442 477 818
477 818 1442
557 478 849
849 478 557
478 557 849
346 1072 1395
1395 346 1072
1072 346 1395
774 224 1170
1170 224 774
224 774 1170
655 841 1406
1406 655 841
841 655 1406
1324 792 1454
1454 792 1324
792 1324 1454
1338 177 735
177 735 1338
735 177 1338
250 776 1260
776 250 1260
1260 250 776
565 1098 1486
1098 565 1486
1486 565 1098
197 1287 1407
1287 197 1407
1407 197 1287
989 157 1393
1393 157 989
157 989 1393
486 898 1325
1325 486 898
898 486 1325
348 429 925
429 348 925
925 348 429
758 368 579
368 579 758
579 368 758
790 634 838
838 634 790
634 790 838
807 1020 1132
1020 807 1132
1132 807 1020
1312 1111 1429
1111 1312 1429
1429 1111 1312
8 182 1146
182 8 1146
1146 8 182
1258 106 332
332 106 1258
106 332 1258
29 48 1187
1187 29 48
48 29 1187
649 866 1259
1259 649 866
866 649 1259
151 556 599
556 151 599
599 151 556
762 190 464
190 464 762
464 190 762
816 234 664
234 664 816
664 234 816
763 235 1226
235 763 1226
1226 235 763
1500 22 548
22 548 1500
548 22 1500
1220 712 1084
1084 712 1220
712 1084 1220
991 698 936
936 698 991
698 936 991
1201 139 1157
139 1157 1201
1157 139 1201
1171 144 382
144 382 1171
382 144 1171
385 479 711
711 385 479
479 385 711
1477 1356 1413
1413 1356 1477
1356 1413 1477
465 1196 1343
1343 465 1196
1196 465 1343
646 1118 1322
1322 646 1118
1118 646 1322
1404 149 1082
1082 149 1404
149 1082 1404
830 298 367
367 298 830
298 367 830
1490 612 794
612 794 1490
794 612 1490
1469 81 1104
1104 81 1469
81 1104 1469
869 617 1415
617 869 1415
1415 617 869
47 89 111
89 47 111
111 47 89
1221 263 370
263 370 1221
370 263 1221
532 249 1467
249 532 1467
1467 249 532
969 518 1398
518 969 1398
1398 518 969
1128 783 788
783 788 1128
788 783 1128
1099 558 749
558 749 1099
749 558 1099
1188 403 751
751 403 1188
403 751 1188
334 1210 1451
1210 334 1451
1451 334 1210
1233 71 279
71 279 1233
279 71 1233
38 1033 1181
1181 38 1033
1033 38 1181
1361 32 977
32 977 1361
977 32 1361
1367 590 1353
590 1353 1367
1353 590 1367
628 119 732
119 628 732
732 119 628
842 843 986
843 842 986
986 842 843
434 789 1370
789 434 1370
1370 434 789
1409 118 900
900 118 1409
118 900 1409
110 525 1400
1400 110 525
525 110 1400
306 321 766
321 306 766
766 306 321
1027 502 971
971 502 1027
502 971 1027
378 975 1262
1262 378 975
975 378 1262
23 703 1466
703 23 1466
1466 23 703
1052 856 1355
856 1052 1355
1355 856 1052
364 1213 1378
1378 364 1213
1213 364 1378
831 255 949
949 255 831
255 831 949
1120 905 1373
905 1120 1373
1373 905 1120
536 950 1238
1238 536 950
950 536 1238
207 892 1101
1101 207 892
892 207 1101
1097 324 1474
324 1097 1474
1474 324 1097
666 159 308
308 159 666
159 308 666
165 886 1248
886 165 1248
1248 165 886
1384 945 1317
1317 945 1384
945 1317 1384
1257 694 1100
1100 694 1257
694 1100 1257
1480 562 656
562 656 1480
656 562 1480
1364 166 851
851 166 1364
166 851 1364
1230 591 1374
591 1230 1374
1374 591 1230
1318 1136 1418
1136 1318 1418
1418 1136 1318
476 775 1383
1383 476 775
775 476 1383
413 432 1112
1112 413 432
432 413 1112
497 602 1096
602 497 1096
1096 497 602
1106 76 699
76 699 1106
699 76 1106
1076 289 928
289 928 1076
928 289 1076
316 575 1432
575 316 1432
1432 316 575
533 859 985
859 533 985
985 533 859
214 772 874
772 214 874
874 214 772
791 961 1319
1319 791 961
961 791 1319
1199 472 1350
472 1199 1350
1350 472 1199
510 236 570
236 510 570
570 236 510
1206 1290 1329
1329 1206 1290
1290 1206 1329
1375 331 1462
331 1375 1462
1462 331 1375
1160 683 918
683 918 1160
918 683 1160
268 1014 1320
1014 268 1320
1320 268 1014
692 1219 1351
1219 692 1351
1351 692 1219
213 588 1389
588 213 1389
1389 213 588
353 176 513
513 176 353
176 353 513
1116 168 1239
1239 168 1116
168 1116 1239
1444 474 777
777 474 1444
474 777 1444
199 383 1304
383 199 1304
1304 199 383
80 594 1314
1314 80 594
594 80 1314
528 1017 1081
1081 528 1017
1017 528 1081
1183 784 829
784 829 1183
829 784 1183
837 201 546
546 201 837
201 546 837
695 1064 1178
1064 695 1178
1178 695 1064
662 1023 1059
1023 662 1059
1059 662 1023
480 956 1403
1403 480 956
956 480 1403
102 170 824
824 102 170
170 102 824
1218 696 1040
1040 696 1218
696 1040 1218
720 67 78
78 67 720
67 78 720
752 21 1169
1169 21 752
21 752 1169
1249 322 968
322 968 1249
968 322 1249
456 311 1323
1323 311 456
311 456 1323
423 420 811
420 423 811
811 420 423
79 66 1347
66 79 1347
1347 66 79
619 6 668
668 6 619
6 619 668
614 248 1237
248 614 1237
1237 248 614
906 70 1231
1231 70 906
70 906 1231
117 350 637
637 117 350
350 117 637
345 780 1387
1387 345 780
780 345 1387
973 35 231
231 35 973
35 231 973
1252 200 1438
200 1252 1438
1438 200 1252
305 160 1251
1251 160 305
160 305 1251
1394 101 1159
101 1159 1394
1159 101 1394
1154 312 813
813 312 1154
312 813 1154
20 1223 1445
1445 20 1223
1223 20 1445
390 1214 1269
1269 390 1214
1214 390 1269
713 227 485
227 485 713
485 227 713
554 150 902
902 150 554
150 554 902
673 827 1029
1029 673 827
827 673 1029
748 88 1488
1488 88 748
88 748 1488
404 278 539
539 278 404
278 404 539
94 1123 1337
1337 94 1123
1123 94 1337
1010 710 1301
1301 710 1010
710 1010 1301
1390 179 531
179 531 1390
531 179 1390
293 19 141
141 19 293
19 141 293
718 91 715
715 91 718
91 715 718
209 380 566
380 209 566
566 209 380
1165 254 879
879 254 1165
254 879 1165
679 799 1328
1328 679 799
799 679 1328
349 736 1243
1243 349 736
736 349 1243
984 910 1179
910 984 1179
1179 910 984
271 167 1392
1392 167 271
167 271 1392
1434 659 1013
1013 659 1434
659 1013 1434
1088 216 740
216 740 1088
740 216 1088
1244 315 318
315 318 1244
318 315 1244
426 1162 1448
1448 426 1162
1162 426 1448
1034 356 530
356 530 1034
530 356 1034
1093 569 639
639 569 1093
569 639 1093
369 257 1102
1102 257 369
257 369 1102
1345 981 1103
1103 981 1345
981 1103 1345
1266 578 832
832 578 1266
578 832 1266
302 1090 1153
1153 302 1090
1090 302 1153
952 96 1348
96 952 1348
1348 96 952
803 708 1095
708 803 1095
1095 708 803
1360 632 1425
1425 632 1360
632 1360 1425
99 583 1200
583 99 1200
1200 99 583
134 401 1148
1148 134 401
401 134 1148
295 389 773
773 295 389
389 295 773
1205 359 1388
1388 359 1205
359 1205 1388
1368 140 706
706 140 1368
140 706 1368
812 738 1066
738 812 1066
1066 738 812
1134 693 1035
1035 693 1134
693 1035 1134
1113 93 793
793 93 1113
93 793 1113
34 40 1228
40 34 1228
1228 34 40
225 107 181
107 181 225
181 107 225
647 809 1036
1036 647 809
809 647 1036
1038 92 916
916 92 1038
92 916 1038
1424 400 688
688 400 1424
400 688 1424
444 629 1271
1271 444 629
629 444 1271
850 394 457
457 394 850
394 457 850
1155 148 451
148 451 1155
451 148 1155
1002 414 586
586 414 1002
414 586 1002
1281 296 1284
1284 296 1281
296 1281 1284
1273 998 1186
1186 998 1273
998 1186 1273
1436 113 439
439 113 1436
113 439 1436
391 452 1402
1402 391 452
452 391 1402
53 325 433
433 53 325
325 53 433
1058 445 1133
445 1058 1133
1133 445 1058
1411 870 938
938 870 1411
870 938 1411
1278 411 1046
411 1046 1278
1046 411 1278
1087 230 638
230 638 1087
638 230 1087
189 524 1376
1376 189 524
524 189 1376
28 460 868
460 28 868
868 28 460
1114 126 613
126 613 1114
613 126 1114
862 669 1163
1163 669 862
669 862 1163
1075 54 1060
1060 54 1075
54 1060 1075
625 136 272
136 272 625
272 136 625
1130 186 999
186 999 1130
999 186 1130
755 116 1167
116 755 1167
1167 116 755
1143 264 1246
1246 264 1143
264 1143 1246
64 237 1078
237 64 1078
1078 64 237
839 757 1015
757 839 1015
1015 757 839
430 1094 1410
1094 430 1410
1410 430 1094
