776 156 1049
1049 156 776
156 776 1049
329 143 248
248 143 329
143 248 329
38 1300 1495
1300 38 1495
1495 38 1300
877 561 1314
561 877 1314
1314 561 877
43 266 1147
1147 43 266
266 43 1147
243 127 551
551 127 243
127 243 551
1001 293 505
505 293 1001
293 505 1001
1414 145 895
145 895 1414
895 145 1414
1289 556 1465
556 1289 1465
1465 556 1289
1120 544 761
544 761 1120
761 544 1120
1339 310 693
310 693 1339
693 310 1339
896 1132 1151
1132 896 1151
1151 896 1132
565 782 1239
782 565 1239
1239 565 782
1250 558 752
752 558 1250
558 752 1250
340 893 1469
1469 340 893
893 340 1469
352 92 348
92 348 352
348 92 352
1364 355 1449
355 1364 1449
1449 355 1364
806 221 765
765 221 806
221 765 806
387 49 1381
1381 49 387
49 387 1381
840 76 255
76 255 840
255 76 840
802 19 183
183 19 802
19 183 802
690 784 989
989 690 784
784 690 989
1280 1128 1188
1188 1128 1280
1128 1188 1280
546 81 1136
1136 81 546
81 546 1136
271 351 1159
351 271 1159
1159 271 351
5 742 1341
742 5 1341
1341 5 742
182 870 1489
870 182 1489
1489 182 870
1022 132 627
132 627 1022
627 132 1022
1262 283 404
404 283 1262
283 404 1262
465 702 1278
1278 465 702
702 465 1278
1456 70 1412
1412 70 1456
70 1412 1456
1237 307 1220
1220 307 1237
307 1220 1237
633 536 1157
536 633 1157
1157 536 633
242 741 1252
1252 242 741
741 242 1252
688 313 1374
313 688 1374
1374 313 688
135 933 1424
1424 135 933
933 135 1424
123 378 1201
1201 123 378
378 123 1201
951 74 944
944 74 951
74 944 951
328 1426 1437
1437 328 1426
1426 328 1437
674 820 844
820 674 844
844 674 820
523 151 462
151 462 523
462 151 523
672 779 1225
1225 672 779
779 672 1225
1428 204 1474
1474 204 1428
204 1428 1474
748 491 706
706 491 748
491 706 748
964 77 1139
77 964 1139
1139 77 964
332 30 1219
1219 30 332
30 332 1219
977 356 985
356 977 985
985 356 977
1170 971 1094
971 1094 1170
1094 971 1170
37 986 1074
1074 37 986
986 37 1074
20 998 1274
1274 20 998
998 20 1274
583 152 567
567 152 583
152 567 583
619 10 952
952 10 619
10 619 952
148 593 1044
1044 148 593
593 148 1044
83 238 948
948 83 238
238 83 948
1366 1432 1479
1432 1366 1479
1479 1366 1432
201 285 588
588 201 285
285 201 588
1467 44 926
44 926 1467
926 44 1467
367 750 980
750 367 980
980 367 750
612 569 830
830 569 612
569 612 830
1148 312 1236
312 1148 1236
1236 312 1148
144 680 1085
680 144 1085
1085 144 680
321 17 1370
17 321 1370
1370 17 321
624 529 1448
529 624 1448
1448 529 624
795 1328 1349
1349 795 1328
1328 795 1349
426 489 1338
489 426 1338
1338 426 489
846 405 957
957 405 846
405 846 957
881 334 574
574 334 881
334 574 881
968 1283 1493
1493 968 1283
1283 968 1493
33 443 1431
1431 33 443
443 33 1431
57 308 1114
308 57 1114
1114 57 308
736 1124 1377
1124 736 1377
1377 736 1124
361 114 615
114 361 615
615 114 361
943 1228 1471
1228 943 1471
1471 943 1228
1095 579 1092
579 1092 1095
1092 579 1095
1304 545 1241
545 1241 1304
1241 545 1304
1306 39 747
747 39 1306
39 747 1306
42 722 1258
722 42 1258
1258 42 722
1069 106 1486
106 1069 1486
1486 106 1069
555 122 245
245 122 555
122 245 555
1419 838 984
984 838 1419
838 984 1419
8 391 1378
1378 8 391
391 8 1378
362 669 1242
669 362 1242
1242 362 669
472 384 1464
384 472 1464
1464 384 472
920 320 792
792 320 920
320 792 920
516 530 1257
530 516 1257
1257 516 530
878 6 988
988 6 878
6 878 988
659 193 883
193 659 883
883 193 659
1376 2 689
2 689 1376
689 2 1376
200 169 479
479 169 200
169 200 479
434 52 265
265 52 434
52 265 434
1302 804 912
804 912 1302
912 804 1302
823 396 1133
396 823 1133
1133 396 823
96 521 643
643 96 521
521 96 643
1007 403 528
528 403 1007
403 528 1007
850 229 284
229 284 850
284 229 850
1098 463 548
463 548 1098
548 463 1098
305 510 1009
1009 305 510
510 305 1009
244 207 212
212 207 244
207 212 244
821 163 1158
163 821 1158
1158 163 821
368 559 1011
559 368 1011
1011 368 559
1388 366 1367
1367 366 1388
366 1367 1388
720 247 1090
1090 247 720
247 720 1090
1078 73 909
73 909 1078
909 73 1078
746 601 1325
601 746 1325
1325 601 746
1171 415 439
415 439 1171
439 415 1171
1100 246 1019
246 1019 1100
1019 246 1100
596 118 678
118 596 678
678 118 596
226 22 1439
22 226 1439
1439 22 226
1264 296 1454
296 1264 1454
1454 296 1264
71 98 1086
98 71 1086
1086 71 98
626 845 955
845 626 955
955 626 845
712 1226 1249
1226 712 1249
1249 712 1226
1161 452 650
452 650 1161
650 452 1161
269 861 975
861 269 975
975 269 861
1193 1035 1290
1035 1193 1290
1290 1035 1193
799 981 1042
1042 799 981
981 799 1042
585 93 253
253 93 585
93 253 585
388 220 568
220 388 568
568 220 388
354 1105 1181
1181 354 1105
1105 354 1181
930 301 1408
1408 301 930
301 930 1408
1251 158 195
158 195 1251
195 158 1251
527 167 979
167 527 979
979 167 527
535 232 540
232 535 540
540 232 535
1209 549 679
549 679 1209
679 549 1209
311 126 1475
1475 126 311
126 311 1475
326 128 433
433 128 326
128 326 433
129 374 778
778 129 374
374 129 778
584 29 323
29 323 584
323 29 584
483 1077 1174
1077 483 1174
1174 483 1077
666 715 1004
1004 666 715
715 666 1004
290 173 309
309 173 290
173 290 309
849 447 1301
447 849 1301
1301 447 849
970 256 1207
1207 256 970
256 970 1207
701 450 1368
450 701 1368
1368 450 701
477 478 1208
1208 477 478
478 477 1208
1498 600 1106
1106 600 1498
600 1106 1498
858 670 800
800 670 858
670 800 858
199 905 1040
1040 199 905
905 199 1040
522 474 1416
474 522 1416
1416 474 522
994 1215 1217
1215 994 1217
1217 994 1215
113 209 1443
209 113 1443
1443 113 209
1129 205 942
205 942 1129
942 205 1129
1494 978 1308
1308 978 1494
978 1308 1494
769 416 1470
416 769 1470
1470 416 769
1212 137 302
302 137 1212
137 302 1212
146 97 1260
97 146 1260
1260 97 146
773 1202 1318
1318 773 1202
1202 773 1318
1452 777 1476
1476 777 1452
777 1452 1476
115 542 580
580 115 542
542 115 580
913 299 728
299 728 913
728 299 913
868 665 1353
665 868 1353
1353 665 868
423 102 1496
102 423 1496
1496 102 423
703 825 1189
825 703 1189
1189 703 825
1322 1127 1422
1422 1127 1322
1127 1322 1422
1373 60 1192
60 1192 1373
1192 60 1373
1177 1089 1173
1173 1089 1177
1089 1173 1177
1390 484 766
766 484 1390
484 766 1390
743 350 571
350 571 743
571 350 743
216 185 727
727 185 216
185 216 727
456 101 812
101 456 812
812 101 456
1410 1006 1285
1006 1285 1410
1285 1006 1410
1067 95 724
724 95 1067
95 724 1067
1075 440 744
440 744 1075
744 440 1075
1393 327 436
436 327 1393
327 436 1393
1010 827 1401
1401 827 1010
827 1010 1401
1460 493 1396
1396 493 1460
493 1396 1460
517 916 1365
1365 517 916
916 517 1365
725 203 276
203 276 725
276 203 725
1028 496 1407
496 1028 1407
1407 496 1028
1459 1406 1455
1455 1406 1459
1406 1455 1459
862 498 889
498 862 889
889 498 862
51 398 629
629 51 398
398 51 629
476 130 277
277 130 476
130 277 476
1382 645 1119
645 1119 1382
1119 645 1382
1413 805 1403
1403 805 1413
805 1403 1413
100 383 570
383 100 570
570 100 383
622 79 1041
79 622 1041
1041 79 622
640 623 756
623 640 756
756 623 640
1487 392 418
392 418 1487
418 392 1487
1014 1224 1276
1276 1014 1224
1224 1014 1276
369 194 409
194 369 409
409 194 369
817 218 1500
218 817 1500
1500 218 817
157 719 1319
719 157 1319
1319 157 719
186 273 1271
273 186 1271
1271 186 273
291 1320 1358
1320 291 1358
1358 291 1320
711 441 903
903 441 711
441 711 903
318 723 1392
1392 318 723
723 318 1392
717 260 993
260 717 993
993 260 717
753 853 880
880 753 853
853 753 880
235 606 1483
1483 235 606
606 235 1483
1145 316 317
317 316 1145
316 317 1145
297 603 613
613 297 603
603 297 613
826 691 1160
1160 691 826
691 826 1160
508 219 385
219 385 508
385 219 508
576 288 892
892 288 576
288 576 892
976 632 1256
632 976 1256
1256 632 976
774 852 1030
1030 774 852
852 774 1030
1286 557 654
654 557 1286
557 654 1286
264 407 1485
1485 264 407
407 264 1485
503 289 961
289 503 961
961 289 503
538 737 1017
737 538 1017
1017 538 737
1293 82 965
965 82 1293
82 965 1293
1194 69 910
69 910 1194
910 69 1194
807 514 1312
1312 514 807
514 807 1312
813 139 1307
1307 139 813
139 813 1307
249 618 1248
1248 249 618
618 249 1248
1000 68 1385
68 1000 1385
1385 68 1000
339 562 709
709 339 562
562 339 709
319 444 851
851 319 444
444 319 851
487 429 1447
1447 429 487
429 487 1447
190 502 1184
1184 190 502
502 190 1184
11 947 960
960 11 947
947 11 960
54 531 884
531 54 884
884 54 531
1190 789 1144
789 1144 1190
1144 789 1190
1247 972 1371
972 1247 1371
1371 972 1247
694 560 1203
1203 560 694
560 694 1203
662 809 1442
1442 662 809
809 662 1442
1082 946 1061
946 1061 1082
1061 946 1082
524 140 1146
1146 140 524
140 524 1146
1313 686 1056
1056 686 1313
686 1056 1313
839 234 1255
1255 234 839
234 839 1255
696 64 1292
1292 64 696
64 696 1292
117 370 906
370 117 906
906 117 370
438 272 1333
1333 272 438
272 438 1333
1343 758 798
798 758 1343
758 798 1343
533 616 1154
1154 533 616
616 533 1154
393 48 614
48 393 614
614 48 393
358 9 56
56 9 358
9 56 358
793 67 468
468 67 793
67 468 793
1084 907 1425
1425 907 1084
907 1084 1425
1134 399 796
399 796 1134
796 399 1134
500 649 721
649 500 721
721 500 649
595 488 867
867 488 595
488 595 867
1117 314 337
314 337 1117
337 314 1117
573 155 1103
155 573 1103
1103 155 573
1417 91 1051
1051 91 1417
91 1051 1417
958 322 1062
322 958 1062
1062 322 958
333 161 898
161 333 898
898 161 333
338 125 359
359 125 338
125 338 359
810 780 1254
1254 780 810
780 810 1254
184 25 1398
25 184 1398
1398 25 184
217 12 1434
1434 12 217
12 217 1434
1363 1240 1344
1344 1240 1363
1240 1344 1363
1205 1002 1178
1002 1178 1205
1178 1002 1205
105 856 1027
1027 105 856
856 105 1027
227 278 1468
1468 227 278
278 227 1468
1400 1097 1166
1166 1097 1400
1097 1166 1400
801 63 929
63 801 929
929 63 801
495 236 270
270 236 495
236 270 495
683 607 1059
1059 607 683
607 683 1059
685 512 987
987 512 685
512 685 987
1481 1015 1490
1490 1015 1481
1015 1481 1490
109 401 422
422 109 401
401 109 422
1399 1046 1083
1046 1083 1399
1083 1046 1399
1440 419 1232
419 1232 1440
1232 419 1440
412 864 890
890 412 864
864 412 890
940 969 1216
1216 940 969
969 940 1216
1335 935 1281
935 1281 1335
1281 935 1335
1411 461 1299
461 1299 1411
1299 461 1411
1291 586 660
586 660 1291
660 586 1291
1163 258 837
258 837 1163
837 258 1163
1309 497 667
497 667 1309
667 497 1309
860 34 1108
1108 34 860
34 860 1108
1047 1179 1233
1233 1047 1179
1179 1047 1233
628 94 511
94 511 628
511 94 628
788 292 707
292 707 788
707 292 788
176 749 1176
749 176 1176
1176 176 749
1484 714 1473
714 1473 1484
1473 714 1484
481 518 620
518 481 620
620 481 518
402 448 575
575 402 448
448 402 575
1282 526 1048
526 1048 1282
1048 526 1282
1070 922 931
922 931 1070
931 922 1070
888 967 1238
1238 888 967
967 888 1238
482 427 1204
427 482 1204
1204 427 482
1436 171 263
171 263 1436
263 171 1436
40 131 417
131 40 417
417 40 131
304 590 1102
590 304 1102
1102 304 590
1091 177 991
177 991 1091
991 177 1091
594 949 1453
1453 594 949
949 594 1453
1229 525 1135
525 1135 1229
1135 525 1229
718 464 716
716 464 718
464 716 718
341 111 298
111 298 341
298 111 341
775 945 1332
1332 775 945
945 775 1332
1213 705 1116
1116 705 1213
705 1116 1213
160 1185 1196
1196 160 1185
1185 160 1196
112 268 1197
268 112 1197
1197 112 268
507 164 658
658 164 507
164 507 658
61 206 899
206 61 899
899 61 206
1140 84 330
84 330 1140
330 84 1140
973 252 357
357 252 973
252 357 973
225 886 1277
1277 225 886
886 225 1277
343 224 261
261 224 343
224 261 343
492 587 1327
1327 492 587
587 492 1327
1156 704 1165
1165 704 1156
704 1156 1165
566 572 814
814 566 572
572 566 814
647 342 467
467 342 647
342 467 647
729 1080 1450
1450 729 1080
1080 729 1450
589 89 848
89 589 848
848 89 589
108 45 966
45 108 966
966 45 108
459 230 1031
230 459 1031
1031 230 459
1195 27 692
27 692 1195
692 27 1195
733 295 1375
1375 295 733
295 733 1375
639 59 855
59 639 855
855 59 639
700 863 901
901 700 863
863 700 901
154 919 1362
919 154 1362
1362 154 919
1356 414 1112
414 1112 1356
1112 414 1356
962 865 1342
865 962 1342
1342 865 962
428 28 927
28 428 927
927 28 428
950 306 1164
306 950 1164
1164 306 950
894 1270 1444
1270 894 1444
1444 894 1270
891 90 259
90 259 891
259 90 891
1060 509 1231
1231 509 1060
509 1060 1231
621 168 1329
168 621 1329
1329 168 621
382 408 914
914 382 408
408 382 914
547 1058 1200
1200 547 1058
1058 547 1200
1063 275 430
430 275 1063
275 430 1063
1310 381 1168
381 1168 1310
1168 381 1310
1227 138 442
138 442 1227
442 138 1227
1288 53 365
365 53 1288
53 365 1288
65 24 641
641 24 65
24 65 641
1430 630 833
630 833 1430
833 630 1430
609 166 537
166 537 609
537 166 609
675 286 875
875 286 675
286 675 875
257 136 1169
1169 136 257
136 257 1169
664 87 325
325 87 664
87 325 664
406 1023 1298
1023 406 1298
1298 406 1023
1457 608 656
656 608 1457
608 656 1457
730 917 1155
917 730 1155
1155 730 917
1137 282 808
282 808 1137
808 282 1137
214 375 1235
1235 214 375
375 214 1235
1466 250 1138
1138 250 1466
250 1138 1466
1383 637 754
637 754 1383
754 637 1383
1246 346 636
636 346 1246
346 636 1246
534 591 1182
591 534 1182
1182 534 591
486 519 1265
519 486 1265
1265 486 519
1275 213 1354
213 1275 1354
1354 213 1275
644 457 1350
457 644 1350
1350 457 644
475 494 1245
494 475 1245
1245 475 494
1267 1211 1458
1211 1267 1458
1458 1211 1267
1323 553 1482
553 1323 1482
1482 553 1323
331 1186 1394
1186 331 1394
1394 331 1186
1345 390 1337
1337 390 1345
390 1337 1345
900 652 1121
1121 652 900
652 900 1121
15 605 937
605 15 937
937 15 605
1359 3 188
3 188 1359
188 3 1359
1259 162 1099
1099 162 1259
162 1099 1259
1072 751 1488
751 1072 1488
1488 751 1072
363 251 592
251 363 592
592 251 363
768 237 757
757 237 768
237 757 768
1263 420 663
663 420 1263
420 663 1263
262 222 843
222 262 843
843 222 262
739 141 990
141 739 990
990 141 739
923 982 997
997 923 982
982 923 997
1330 786 908
908 786 1330
786 908 1330
1331 181 460
181 460 1331
460 181 1331
86 410 1053
410 86 1053
1053 86 410
445 726 1462
1462 445 726
726 445 1462
783 88 872
88 783 872
872 88 783
1446 673 1172
1172 673 1446
673 1172 1446
992 818 1384
1384 818 992
818 992 1384
1029 85 1478
85 1029 1478
1478 85 1029
196 764 1348
1348 196 764
764 196 1348
103 1141 1287
1141 103 1287
1287 103 1141
254 175 873
175 254 873
873 175 254
921 738 1187
738 921 1187
1187 738 921
1016 469 682
682 469 1016
469 682 1016
755 394 499
499 394 755
394 499 755
543 1032 1149
1149 543 1032
1032 543 1149
963 26 1087
1087 26 963
26 963 1087
1118 655 1057
655 1057 1118
1057 655 1118
458 1018 1351
1018 458 1351
1351 458 1018
1477 1071 1372
1372 1071 1477
1071 1372 1477
187 303 1104
303 187 1104
1104 187 303
1380 1369 1421
1421 1369 1380
1369 1380 1421
1294 336 397
397 336 1294
336 397 1294
1055 149 239
239 149 1055
149 239 1055
506 35 1199
35 506 1199
1199 35 506
1296 480 1008
1008 480 1296
480 1008 1296
179 172 651
172 179 651
651 172 179
353 617 938
938 353 617
617 353 938
1389 787 1180
787 1180 1389
1180 787 1389
180 1418 1491
1491 180 1418
1418 180 1491
1347 120 451
451 120 1347
120 451 1347
134 785 1198
785 134 1198
1198 134 785
1054 1013 1052
1052 1013 1054
1013 1052 1054
578 287 871
287 578 871
871 287 578
708 699 824
699 708 824
824 699 708
550 470 657
657 470 550
470 550 657
936 532 887
532 887 936
887 532 936
280 473 599
473 280 599
599 280 473
874 454 885
454 874 885
885 454 874
996 1068 1126
1126 996 1068
1068 996 1126
816 653 859
653 816 859
859 653 816
1492 767 1435
1435 767 1492
767 1435 1492
1316 279 1033
1033 279 1316
279 1033 1316
4 687 876
876 4 687
687 4 876
602 58 1355
1355 58 602
58 602 1355
153 815 1297
1297 153 815
815 153 1297
983 563 1073
1073 563 983
563 983 1073
471 771 790
790 471 771
771 471 790
904 170 915
915 170 904
170 904 915
794 501 934
934 501 794
501 794 934
347 16 959
16 347 959
959 16 347
631 932 1415
1415 631 932
932 631 1415
677 432 1461
1461 432 677
432 677 1461
1315 625 1162
625 1162 1315
1162 625 1315
1305 41 147
147 41 1305
41 147 1305
431 668 1026
668 431 1026
1026 431 668
1221 80 1034
80 1034 1221
1034 80 1221
564 50 1152
50 564 1152
1152 50 564
1131 324 1037
324 1037 1131
1037 324 1131
1081 1043 1395
1043 1081 1395
1395 1043 1081
223 110 515
515 110 223
110 223 515
811 159 1175
159 811 1175
1175 159 811
197 62 1441
62 197 1441
1441 62 197
1142 349 582
582 349 1142
349 582 1142
1223 1 1284
1284 1 1223
1 1223 1284
1438 437 485
437 485 1438
485 437 1438
1020 13 1357
1357 13 1020
13 1020 1357
208 1311 1326
1326 208 1311
1311 208 1326
211 740 866
740 211 866
866 211 740
294 267 421
421 267 294
267 294 421
274 18 1402
18 274 1402
1402 18 274
344 104 360
104 344 360
360 104 344
47 1321 1423
1321 47 1423
1423 47 1321
834 953 1433
953 834 1433
1433 834 953
610 710 1214
710 610 1214
1214 610 710
372 676 1234
676 372 1234
1234 372 676
1279 941 1025
1025 941 1279
941 1025 1279
386 554 760
760 386 554
554 386 760
1397 772 781
781 772 1397
772 781 1397
233 1420 1499
1420 233 1499
1499 233 1420
552 1021 1206
1021 552 1206
1206 552 1021
1050 192 597
597 192 1050
192 597 1050
648 189 879
879 189 648
189 648 879
449 14 1427
14 449 1427
1427 14 449
1352 371 897
897 371 1352
371 897 1352
819 646 1361
646 819 1361
1361 646 819
345 389 1360
389 345 1360
1360 345 389
99 732 1066
732 99 1066
1066 99 732
165 604 925
604 165 925
925 165 604
107 174 681
681 107 174
174 107 681
1115 7 1210
1210 7 1115
7 1115 1210
635 121 832
121 635 832
832 121 635
918 124 974
974 124 918
124 918 974
240 697 1429
697 240 1429
1429 240 697
377 446 829
446 377 829
829 377 446
735 841 857
857 735 841
841 735 857
1463 1045 1218
1045 1218 1463
1218 1045 1463
1039 803 1445
1445 803 1039
803 1039 1445
1024 466 791
791 466 1024
466 791 1024
1269 425 453
425 453 1269
453 425 1269
1183 315 1191
315 1183 1191
1191 315 1183
116 684 1088
1088 116 684
684 116 1088
1111 762 1451
762 1111 1451
1451 762 1111
1273 1143 1153
1143 1153 1273
1153 1143 1273
335 869 1405
869 335 1405
1405 335 869
119 455 1065
1065 119 455
455 119 1065
1340 797 1222
1222 797 1340
797 1222 1340
1076 759 1150
759 1076 1150
1150 759 1076
32 822 1038
1038 32 822
822 32 1038
241 31 1387
1387 31 241
31 241 1387
1272 379 413
379 413 1272
413 379 1272
836 734 1404
1404 734 836
734 836 1404
1336 36 642
36 642 1336
642 36 1336
198 1064 1472
1064 198 1472
1472 198 1064
178 661 695
695 178 661
661 178 695
1244 300 956
300 956 1244
956 300 1244
490 150 763
763 150 490
150 490 763
411 638 1109
638 411 1109
1109 411 638
1317 46 882
882 46 1317
46 882 1317
1379 66 842
842 66 1379
66 842 1379
770 400 1480
400 770 1480
1480 400 770
72 598 1268
598 72 1268
1268 72 598
23 364 541
541 23 364
364 23 541
1295 954 1123
1123 954 1295
954 1123 1295
828 902 911
911 828 902
902 828 911
133 634 1125
634 133 1125
1125 133 634
847 611 1261
611 847 1261
1261 611 847
1167 191 1386
191 1167 1386
1386 191 1167
504 1096 1324
1096 504 1324
1324 504 1096
210 231 1253
231 210 1253
1253 210 231
1243 581 1107
581 1107 1243
1107 581 1243
215 745 1113
745 215 1113
1113 215 745
281 1122 1391
1122 281 1391
1391 281 1122
1012 435 1036
1036 435 1012
435 1012 1036
1079 831 1497
831 1079 1497
1497 831 1079
1003 1230 1334
1230 1003 1334
1334 1003 1230
55 228 1266
228 55 1266
1266 55 228
142 854 939
854 142 939
939 142 854
1409 380 999
999 380 1409
380 999 1409
78 731 1093
1093 78 731
731 78 1093
21 373 713
373 21 713
713 21 373
1346 513 1005
1005 513 1346
513 1005 1346
671 698 995
698 671 995
995 671 698
1101 928 1303
1303 928 1101
928 1101 1303
376 395 520
395 376 520
520 376 395
202 539 1130
539 202 1130
1130 202 539
75 424 835
424 75 835
835 75 424
1110 577 924
577 924 1110
924 577 1110
