85742 124451 125855
124451 85742 125855
125855 85742 124451
113169 23324 101492
23324 101492 113169
101492 23324 113169
29532 68284 71524
68284 29532 71524
71524 29532 68284
94437 333 114189
114189 333 94437
333 94437 114189
113449 24136 31365
24136 31365 113449
31365 24136 113449
110964 69406 122547
69406 110964 122547
122547 69406 110964
58595 43317 55888
55888 43317 58595
43317 55888 58595
105762 112190 149498
112190 105762 149498
149498 105762 112190
63528 67480 119881
119881 63528 67480
67480 63528 119881
10680 19192 110700
19192 10680 110700
110700 10680 19192
1003 32811 56039
56039 1003 32811
32811 1003 56039
110218 22301 138236
138236 22301 110218
22301 110218 138236
88948 11878 50706
50706 11878 88948
11878 50706 88948
139011 242 57335
57335 242 139011
242 57335 139011
24771 12521 76834
12521 24771 76834
76834 12521 24771
28559 99368 147043
147043 28559 99368
99368 28559 147043
100599 16448 103823
16448 100599 103823
103823 16448 100599
133337 119717 134860
119717 133337 134860
134860 119717 133337
58352 105965 141512
141512 58352 105965
105965 58352 141512
49948 35461 43146
35461 43146 49948
43146 35461 49948
127101 54373 56270
54373 56270 127101
56270 54373 127101
141385 16509 121382
121382 16509 141385
16509 121382 141385
33278 8293 126634
126634 8293 33278
8293 33278 126634
15926 37350 124093
37350 15926 124093
124093 15926 37350
21348 120223 132547
132547 21348 120223
120223 21348 132547
2816 40223 114620
114620 2816 40223
40223 2816 114620
124886 130427 135583
130427 124886 135583
135583 124886 130427
103814 81233 118649
118649 81233 103814
81233 103814 118649
143073 32851 132657
32851 132657 143073
132657 32851 143073
70933 39406 113516
113516 39406 70933
39406 70933 113516
100930 37923 48365
48365 37923 100930
37923 48365 100930
119252 6699 83339
6699 83339 119252
83339 6699 119252
144794 13747 81693
81693 13747 144794
13747 81693 144794
32744 54729 105055
105055 32744 54729
54729 32744 105055
128819 124736 133457
133457 124736 128819
124736 128819 133457
6109 16129 144464
144464 6109 16129
16129 6109 144464
141484 40861 44230
40861 44230 141484
44230 40861 141484
65167 9585 15210
9585 15210 65167
15210 9585 65167
139753 40706 55570
55570 40706 139753
40706 55570 139753
117726 50089 143944
143944 50089 117726
50089 117726 143944
37314 37205 137863
37205 37314 137863
137863 37205 37314
132482 11152 41819
11152 41819 132482
41819 11152 132482
119544 75709 85115
85115 75709 119544
75709 85115 119544
27014 15986 87524
87524 15986 27014
15986 27014 87524
131016 80373 114120
114120 80373 131016
80373 114120 131016
4326 99337 141973
99337 4326 141973
141973 4326 99337
109920 7561 37290
37290 7561 109920
7561 37290 109920
141294 39747 87491
39747 87491 141294
87491 39747 141294
21480 12385 101650
101650 12385 21480
12385 21480 101650
145044 55490 128928
128928 55490 145044
55490 128928 145044
101130 40206 117469
117469 40206 101130
40206 101130 117469
146002 38596 94061
94061 38596 146002
38596 94061 146002
144661 99993 125142
99993 125142 144661
125142 99993 144661
17907 80808 112181
112181 17907 80808
80808 17907 112181
9720 34698 59907
59907 9720 34698
34698 9720 59907
27903 25616 66808
66808 25616 27903
25616 27903 66808
35773 78356 134118
78356 35773 134118
134118 35773 78356
24939 74524 141769
74524 24939 141769
141769 24939 74524
63105 55837 64356
55837 63105 64356
64356 55837 63105
60163 54142 136924
54142 60163 136924
136924 54142 60163
96968 6515 129141
129141 6515 96968
6515 96968 129141
95133 94828 135868
94828 95133 135868
135868 94828 95133
26837 9355 87199
9355 26837 87199
87199 9355 26837
101114 32256 108890
32256 101114 108890
108890 32256 101114
94518 84733 128023
128023 84733 94518
84733 94518 128023
94714 11469 73520
73520 11469 94714
11469 73520 94714
101047 54314 147019
54314 101047 147019
147019 54314 101047
60900 52090 65420
65420 52090 60900
52090 60900 65420
99429 3795 142956
142956 3795 99429
3795 99429 142956
76409 116917 129277
129277 76409 116917
116917 76409 129277
93638 114747 125426
125426 93638 114747
114747 93638 125426
106270 5228 121542
121542 5228 106270
5228 106270 121542
60391 69652 129791
69652 60391 129791
129791 60391 69652
90539 135563 149792
149792 90539 135563
135563 90539 149792
58545 59830 127715
127715 58545 59830
59830 58545 127715
42653 120096 121457
120096 42653 121457
121457 42653 120096
8849 48778 78904
48778 8849 78904
78904 8849 48778
130532 41205 96632
96632 41205 130532
41205 96632 130532
11398 18913 87646
18913 11398 87646
87646 11398 18913
95005 27531 62219
27531 62219 95005
62219 27531 95005
22171 27302 65543
27302 22171 65543
65543 22171 27302
39801 4949 126744
4949 39801 126744
126744 4949 39801
59310 116856 132859
132859 59310 116856
116856 59310 132859
141099 1211 90992
1211 90992 141099
90992 1211 141099
61677 27248 79821
79821 27248 61677
27248 61677 79821
38686 7004 105909
7004 38686 105909
105909 7004 38686
117393 5336 45403
5336 45403 117393
45403 5336 117393
99317 117999 142065
142065 99317 117999
117999 99317 142065
50403 44495 121616
44495 50403 121616
121616 44495 50403
50296 8677 27104
8677 27104 50296
27104 8677 50296
10266 70916 77338
70916 10266 77338
77338 10266 70916
72703 113605 142931
142931 72703 113605
113605 72703 142931
44400 77494 144621
144621 44400 77494
77494 44400 144621
67921 46368 135336
46368 67921 135336
135336 46368 67921
56132 124363 140305
140305 56132 124363
124363 56132 140305
41531 105499 125349
125349 41531 105499
105499 41531 125349
110239 8891 138779
138779 8891 110239
8891 110239 138779
89516 72056 142198
72056 89516 142198
142198 72056 89516
112494 7843 143541
143541 7843 112494
7843 112494 143541
4335 46650 106518
106518 4335 46650
46650 4335 106518
8369 36655 49453
49453 8369 36655
36655 8369 49453
146457 4638 77329
77329 4638 146457
4638 77329 146457
50682 9001 27129
27129 9001 50682
9001 27129 50682
16550 35337 38162
35337 16550 38162
38162 16550 35337
7211 109376 125405
109376 7211 125405
125405 7211 109376
35113 20377 47869
20377 35113 47869
47869 20377 35113
105224 10239 141343
10239 105224 141343
141343 10239 105224
22137 118152 137278
137278 22137 118152
118152 22137 137278
82084 51771 82615
51771 82084 82615
82615 51771 82084
6610 1596 43882
1596 6610 43882
43882 1596 6610
109934 59969 81530
59969 81530 109934
81530 59969 109934
38676 21680 65457
65457 21680 38676
21680 38676 65457
56165 76074 144239
76074 56165 144239
144239 56165 76074
136192 3190 57333
57333 3190 136192
3190 57333 136192
105523 3363 49715
3363 49715 105523
49715 3363 105523
61832 50214 104393
50214 61832 104393
104393 50214 61832
11328 129875 132729
132729 11328 129875
129875 11328 132729
91151 50506 121958
50506 91151 121958
121958 50506 91151
134912 110045 145711
110045 134912 145711
145711 110045 134912
72809 122809 127300
127300 72809 122809
122809 72809 127300
717 72335 145802
72335 717 145802
145802 717 72335
145698 15346 18029
15346 18029 145698
18029 15346 145698
81951 49633 149323
49633 81951 149323
149323 49633 81951
23853 18495 52830
52830 18495 23853
18495 23853 52830
131304 52225 148936
148936 52225 131304
52225 131304 148936
50511 17274 93466
93466 17274 50511
17274 50511 93466
3054 2613 93894
93894 2613 3054
2613 3054 93894
79893 12915 95344
95344 12915 79893
12915 79893 95344
88679 144682 146931
146931 88679 144682
144682 88679 146931
128584 76474 148278
148278 76474 128584
76474 128584 148278
67684 36725 111762
111762 36725 67684
36725 67684 111762
7860 100442 139647
139647 7860 100442
100442 7860 139647
78061 85089 133212
133212 78061 85089
85089 78061 133212
129256 9105 104126
9105 104126 129256
104126 9105 129256
37866 78281 92491
78281 37866 92491
92491 37866 78281
57227 17448 48533
48533 17448 57227
17448 48533 57227
67175 61440 67235
61440 67175 67235
67235 61440 67175
97552 23751 54462
54462 23751 97552
23751 54462 97552
6781 72660 85371
72660 6781 85371
85371 6781 72660
56626 101906 126727
101906 56626 126727
126727 56626 101906
23881 44974 80188
44974 23881 80188
80188 23881 44974
28911 91100 125654
91100 28911 125654
125654 28911 91100
43637 124845 125813
125813 43637 124845
124845 43637 125813
25773 3427 35510
3427 25773 35510
35510 3427 25773
120703 62684 105693
105693 62684 120703
62684 105693 120703
118429 57819 83005
57819 83005 118429
83005 57819 118429
22341 11371 118559
11371 22341 118559
118559 11371 22341
71715 61416 97473
61416 71715 97473
97473 61416 71715
140041 118768 143158
118768 140041 143158
143158 118768 140041
51763 30135 144455
30135 51763 144455
144455 30135 51763
28590 72580 116871
72580 28590 116871
116871 28590 72580
66121 94995 112752
112752 66121 94995
94995 66121 112752
97097 121883 131877
131877 97097 121883
121883 97097 131877
80379 20841 112238
20841 80379 112238
112238 20841 80379
25781 68179 140570
140570 25781 68179
68179 25781 140570
29073 58122 106833
58122 29073 106833
106833 29073 58122
123886 120657 139273
120657 123886 139273
139273 120657 123886
14453 6211 73061
6211 14453 73061
73061 6211 14453
49983 68483 94848
94848 49983 68483
68483 49983 94848
59667 70579 83756
83756 59667 70579
70579 59667 83756
97227 22312 72917
72917 22312 97227
22312 72917 97227
25386 28555 133078
28555 25386 133078
133078 25386 28555
134063 86983 113406
86983 113406 134063
113406 86983 134063
81080 18806 50920
18806 50920 81080
50920 18806 81080
36478 25825 27967
27967 25825 36478
25825 27967 36478
73008 64973 65443
65443 64973 73008
64973 65443 73008
140473 5991 60771
5991 60771 140473
60771 5991 140473
14339 2765 32396
2765 14339 32396
32396 2765 14339
139050 69569 148813
69569 139050 148813
148813 69569 139050
16383 8224 133524
8224 16383 133524
133524 8224 16383
43464 16907 50810
50810 16907 43464
16907 43464 50810
146959 43557 122974
122974 43557 146959
43557 122974 146959
30692 121718 124666
121718 30692 124666
124666 30692 121718
149237 115350 126942
126942 115350 149237
115350 126942 149237
106766 39038 131419
131419 39038 106766
39038 106766 131419
53484 3862 105748
3862 53484 105748
105748 3862 53484
91907 18488 103976
18488 91907 103976
103976 18488 91907
53421 67140 114453
67140 53421 114453
114453 53421 67140
58781 115752 130344
130344 58781 115752
115752 58781 130344
94010 49312 126353
126353 49312 94010
49312 94010 126353
44447 105712 128165
105712 44447 128165
128165 44447 105712
43062 20995 58125
58125 20995 43062
20995 43062 58125
92864 25795 137400
25795 92864 137400
137400 25795 92864
18782 81909 112145
81909 18782 112145
112145 18782 81909
149196 110140 140105
110140 140105 149196
140105 110140 149196
24001 57534 110471
57534 24001 110471
110471 24001 57534
72633 16764 38010
38010 16764 72633
16764 38010 72633
122179 118918 122648
122648 118918 122179
118918 122179 122648
93995 98512 139279
98512 93995 139279
139279 93995 98512
74832 14027 122487
122487 14027 74832
14027 74832 122487
144746 62804 141925
62804 141925 144746
141925 62804 144746
17380 10479 113158
113158 10479 17380
10479 17380 113158
35746 66154 67144
67144 35746 66154
66154 35746 67144
90387 1137 44202
1137 44202 90387
44202 1137 90387
106118 258 24345
24345 258 106118
258 24345 106118
99421 45202 47583
47583 45202 99421
45202 47583 99421
87148 22994 62501
22994 62501 87148
62501 22994 87148
27142 44508 55026
44508 27142 55026
55026 27142 44508
3482 97301 111597
97301 3482 111597
111597 3482 97301
36985 9285 79097
79097 9285 36985
9285 36985 79097
119246 16695 46409
16695 46409 119246
46409 16695 119246
41291 37043 63134
63134 37043 41291
37043 41291 63134
29466 89014 134740
89014 29466 134740
134740 29466 89014
109416 94426 130821
94426 109416 130821
130821 94426 109416
52401 61293 108005
108005 52401 61293
61293 52401 108005
108693 27301 139350
139350 27301 108693
27301 108693 139350
19519 13220 86184
86184 13220 19519
13220 19519 86184
39570 77351 136735
77351 39570 136735
136735 39570 77351
104359 86821 134180
134180 86821 104359
86821 104359 134180
52981 14938 31536
14938 31536 52981
31536 14938 52981
121489 58868 130008
58868 121489 130008
130008 58868 121489
34383 28215 74385
28215 34383 74385
74385 28215 34383
143283 49209 83907
83907 49209 143283
49209 83907 143283
39172 79985 90177
79985 39172 90177
90177 39172 79985
131363 11903 120474
11903 120474 131363
120474 11903 131363
93476 32987 124765
124765 32987 93476
32987 93476 124765
34887 19107 54483
19107 34887 54483
54483 19107 34887
94386 76433 127789
76433 94386 127789
127789 76433 94386
16830 28037 89866
89866 16830 28037
28037 16830 89866
95073 50 118411
118411 50 95073
50 95073 118411
96662 16897 55565
16897 55565 96662
55565 16897 96662
12240 145370 145730
145730 12240 145370
145370 12240 145730
19705 20016 132790
20016 19705 132790
132790 19705 20016
69540 124416 140447
124416 69540 140447
140447 69540 124416
33052 17861 131606
17861 33052 131606
131606 17861 33052
109682 22590 98267
98267 22590 109682
22590 98267 109682
100987 39889 119187
39889 100987 119187
119187 39889 100987
8118 1385 147887
147887 1385 8118
1385 8118 147887
122524 107665 148108
148108 107665 122524
107665 122524 148108
2217 11330 40984
40984 2217 11330
11330 2217 40984
113690 83732 111908
111908 83732 113690
83732 111908 113690
60339 31866 31963
31866 31963 60339
31963 31866 60339
145231 18298 41219
41219 18298 145231
18298 41219 145231
725 75113 121775
121775 725 75113
75113 725 121775
45615 62706 91351
62706 45615 91351
91351 45615 62706
146464 7855 44706
44706 7855 146464
7855 44706 146464
52037 53466 137752
53466 52037 137752
137752 52037 53466
122724 103321 134397
134397 103321 122724
103321 122724 134397
21102 50539 104279
50539 21102 104279
104279 21102 50539
59283 26359 129188
129188 26359 59283
26359 59283 129188
88566 29268 32957
32957 29268 88566
29268 32957 88566
4728 30707 56724
30707 4728 56724
56724 4728 30707
126918 32146 42066
42066 32146 126918
32146 42066 126918
67516 82982 121533
121533 67516 82982
82982 67516 121533
61126 7250 90316
7250 61126 90316
90316 7250 61126
81703 80902 107764
80902 81703 107764
107764 80902 81703
42553 33008 54885
54885 33008 42553
33008 42553 54885
113694 23855 89337
89337 23855 113694
23855 89337 113694
127895 24091 144063
144063 24091 127895
24091 127895 144063
78552 25931 84626
84626 25931 78552
25931 78552 84626
39407 84091 112077
112077 39407 84091
84091 39407 112077
23621 54564 64052
64052 23621 54564
54564 23621 64052
53690 49816 123048
123048 49816 53690
49816 53690 123048
144222 10126 30161
30161 10126 144222
10126 30161 144222
115403 57879 71568
71568 57879 115403
57879 71568 115403
64680 50974 71042
50974 64680 71042
71042 50974 64680
12754 12616 127879
12616 12754 127879
127879 12616 12754
38276 84126 124061
84126 38276 124061
124061 38276 84126
27955 104836 106284
104836 27955 106284
106284 27955 104836
108189 2291 68896
2291 68896 108189
68896 2291 108189
49442 67153 119245
119245 49442 67153
67153 49442 119245
107186 14340 32192
32192 14340 107186
14340 32192 107186
53550 19140 99213
99213 19140 53550
19140 53550 99213
46240 29723 88113
29723 46240 88113
88113 29723 46240
12903 77358 111678
77358 12903 111678
111678 12903 77358
52958 32701 91822
91822 32701 52958
32701 52958 91822
5218 2882 20312
2882 5218 20312
20312 2882 5218
134524 38341 64051
64051 38341 134524
38341 64051 134524
12440 42118 84488
42118 12440 84488
84488 12440 42118
119466 9741 78205
9741 78205 119466
78205 9741 119466
129203 97887 136173
97887 129203 136173
136173 97887 129203
36755 76425 106333
106333 36755 76425
76425 36755 106333
791 14909 78427
14909 791 78427
78427 791 14909
49911 89296 97137
89296 49911 97137
97137 49911 89296
112470 17088 94554
94554 17088 112470
17088 94554 112470
105029 4273 89999
89999 4273 105029
4273 89999 105029
128256 40986 87179
40986 87179 128256
87179 40986 128256
6465 97014 111032
97014 6465 111032
111032 6465 97014
104700 60151 129099
60151 104700 129099
129099 60151 104700
31950 69380 112378
69380 31950 112378
112378 31950 69380
48684 89597 141567
89597 48684 141567
141567 48684 89597
23849 49462 123582
49462 23849 123582
123582 23849 49462
142614 46338 122728
122728 46338 142614
46338 122728 142614
52250 24125 84339
24125 52250 84339
84339 24125 52250
98032 30458 90424
90424 30458 98032
30458 90424 98032
148139 105929 120021
120021 105929 148139
105929 120021 148139
148967 12687 92621
92621 12687 148967
12687 92621 148967
124024 19797 90090
90090 19797 124024
19797 90090 124024
98724 31106 51679
51679 31106 98724
31106 51679 98724
141690 82999 119045
82999 119045 141690
119045 82999 141690
55185 56720 84942
56720 55185 84942
84942 55185 56720
19840 98762 140440
98762 19840 140440
140440 19840 98762
37757 101612 101982
101612 37757 101982
101982 37757 101612
86624 66365 69538
69538 66365 86624
66365 69538 86624
7369 69602 72460
69602 7369 72460
72460 7369 69602
700 11507 143789
143789 700 11507
11507 700 143789
64693 4659 111637
111637 4659 64693
4659 64693 111637
59975 23711 131405
131405 23711 59975
23711 59975 131405
27861 28587 134589
28587 27861 134589
134589 27861 28587
15369 57948 146093
57948 15369 146093
146093 15369 57948
103869 9693 122015
9693 103869 122015
122015 9693 103869
79498 29455 89475
29455 79498 89475
89475 29455 79498
62718 61252 149934
61252 62718 149934
149934 61252 62718
97239 9677 29252
29252 9677 97239
9677 29252 97239
103729 3647 147079
147079 3647 103729
3647 103729 147079
22488 17466 93616
93616 17466 22488
17466 22488 93616
42839 24934 67214
67214 24934 42839
24934 42839 67214
8388 74202 123204
123204 8388 74202
74202 8388 123204
138507 73733 146918
146918 73733 138507
73733 138507 146918
77089 10652 81865
81865 10652 77089
10652 77089 81865
89442 35026 50036
50036 35026 89442
35026 50036 89442
44418 14495 63810
63810 14495 44418
14495 44418 63810
69330 55218 64735
55218 64735 69330
64735 55218 69330
10383 64689 69468
64689 10383 69468
69468 10383 64689
110949 43495 93472
93472 43495 110949
43495 93472 110949
115365 20091 117614
117614 20091 115365
20091 115365 117614
206 78882 110617
78882 206 110617
110617 206 78882
20978 2253 85795
2253 20978 85795
85795 2253 20978
129049 120548 130750
130750 120548 129049
120548 129049 130750
53728 13597 94040
13597 53728 94040
94040 13597 53728
124039 84341 89424
84341 89424 124039
89424 84341 124039
36457 46005 140734
140734 36457 46005
46005 36457 140734
102722 3650 25360
3650 25360 102722
25360 3650 102722
10968 19548 38182
38182 10968 19548
19548 10968 38182
46141 25649 111745
25649 46141 111745
111745 25649 46141
69299 33892 70124
33892 69299 70124
70124 33892 69299
128621 77331 137339
137339 77331 128621
77331 128621 137339
64300 134557 135299
135299 64300 134557
134557 64300 135299
9807 81070 108483
81070 9807 108483
108483 9807 81070
76936 24629 62771
24629 62771 76936
62771 24629 76936
97231 124895 132624
124895 97231 132624
132624 97231 124895
5690 92104 124718
124718 5690 92104
92104 5690 124718
59902 72175 99588
72175 59902 99588
99588 59902 72175
10280 9787 69834
9787 10280 69834
69834 9787 10280
1874 52586 78890
52586 1874 78890
78890 1874 52586
103135 3307 129531
3307 103135 129531
129531 3307 103135
112201 635 96120
96120 635 112201
635 96120 112201
104455 29667 38033
29667 38033 104455
38033 29667 104455
12824 39182 124543
39182 12824 124543
124543 12824 39182
69439 51768 147201
51768 69439 147201
147201 51768 69439
9359 85755 107389
107389 9359 85755
85755 9359 107389
68684 37356 141068
141068 37356 68684
37356 68684 141068
35794 23632 71307
71307 23632 35794
23632 35794 71307
148105 42773 124223
124223 42773 148105
42773 124223 148105
135921 91975 117145
91975 117145 135921
117145 91975 135921
57621 3491 74172
74172 3491 57621
3491 57621 74172
120658 76992 144729
76992 120658 144729
144729 76992 120658
108934 65353 105421
105421 65353 108934
65353 105421 108934
92624 35941 147159
35941 92624 147159
147159 35941 92624
50389 59468 93054
59468 50389 93054
93054 50389 59468
108654 88168 88557
88168 88557 108654
88557 88168 108654
84551 84428 85318
84428 84551 85318
85318 84428 84551
77485 30520 53286
53286 30520 77485
30520 53286 77485
135752 15347 42387
15347 42387 135752
42387 15347 135752
77973 72102 111596
72102 77973 111596
111596 72102 77973
13584 48093 143059
143059 13584 48093
48093 13584 143059
23922 30059 105443
105443 23922 30059
30059 23922 105443
101742 1400 55776
1400 55776 101742
55776 1400 101742
32425 124270 136612
124270 32425 136612
136612 32425 124270
50797 63282 115896
63282 50797 115896
115896 50797 63282
75158 10881 47458
47458 10881 75158
10881 47458 75158
83821 7891 24869
24869 7891 83821
7891 24869 83821
23447 99122 136355
136355 23447 99122
99122 23447 136355
146590 30975 129385
129385 30975 146590
30975 129385 146590
86528 142071 147203
147203 86528 142071
142071 86528 147203
111057 116121 137979
137979 111057 116121
116121 111057 137979
146682 20218 34716
20218 34716 146682
34716 20218 146682
90412 34446 40697
34446 40697 90412
40697 34446 90412
87499 61734 80705
80705 61734 87499
61734 80705 87499
12200 91125 115989
115989 12200 91125
91125 12200 115989
143219 83421 123635
123635 83421 143219
83421 123635 143219
104763 17192 132673
132673 17192 104763
17192 104763 132673
127018 57156 130432
130432 57156 127018
57156 127018 130432
67479 6796 66122
6796 66122 67479
66122 6796 67479
75650 88558 126459
88558 75650 126459
126459 75650 88558
61096 52932 127029
127029 52932 61096
52932 61096 127029
52532 4142 85776
4142 52532 85776
85776 4142 52532
53770 15272 72533
72533 15272 53770
15272 53770 72533
21187 37532 58978
37532 21187 58978
58978 21187 37532
99246 70115 125283
125283 70115 99246
70115 99246 125283
83333 34601 51427
34601 51427 83333
51427 34601 83333
2682 5129 112925
112925 2682 5129
5129 2682 112925
112728 37842 141662
37842 112728 141662
141662 37842 112728
138230 2395 63724
2395 63724 138230
63724 2395 138230
58849 45714 72238
72238 45714 58849
45714 58849 72238
51111 32863 114818
114818 32863 51111
32863 51111 114818
44252 61679 69818
61679 44252 69818
69818 44252 61679
84123 83491 137372
83491 84123 137372
137372 83491 84123
117301 140835 142225
142225 117301 140835
140835 117301 142225
58991 106287 125664
125664 58991 106287
106287 58991 125664
34918 44912 62976
44912 34918 62976
62976 34918 44912
77129 50010 149101
50010 77129 149101
149101 50010 77129
18597 78450 90078
78450 18597 90078
90078 18597 78450
53148 79083 126494
126494 53148 79083
79083 53148 126494
35710 6913 126532
126532 6913 35710
6913 35710 126532
18058 39020 75551
39020 18058 75551
75551 18058 39020
144649 26140 43453
43453 26140 144649
26140 43453 144649
773 16056 71916
16056 773 71916
71916 773 16056
39812 9849 78268
78268 9849 39812
9849 39812 78268
30965 24793 41681
41681 24793 30965
24793 30965 41681
21163 25735 124289
124289 21163 25735
25735 21163 124289
119534 68532 73819
73819 68532 119534
68532 73819 119534
146395 61297 126386
126386 61297 146395
61297 126386 146395
115500 63721 82043
63721 82043 115500
82043 63721 115500
29884 44427 59236
44427 29884 59236
59236 29884 44427
56893 20758 75833
75833 20758 56893
20758 56893 75833
119907 6538 85688
6538 85688 119907
85688 6538 119907
1415 127214 138210
127214 1415 138210
138210 1415 127214
12606 8735 133439
8735 12606 133439
133439 8735 12606
140872 73721 100184
100184 73721 140872
73721 100184 140872
67045 66063 90956
66063 67045 90956
90956 66063 67045
58333 63110 123854
63110 58333 123854
123854 58333 63110
2647 29309 147774
29309 2647 147774
147774 2647 29309
83576 5461 14981
5461 14981 83576
14981 5461 83576
117939 98138 104874
104874 98138 117939
98138 104874 117939
140169 45328 104884
104884 45328 140169
45328 104884 140169
145757 33377 34363
33377 34363 145757
34363 33377 145757
145299 40979 122176
40979 122176 145299
122176 40979 145299
76476 4762 125836
125836 4762 76476
4762 76476 125836
75516 23184 118550
23184 75516 118550
118550 23184 75516
35548 75008 101714
75008 35548 101714
101714 35548 75008
142120 91665 139006
91665 139006 142120
139006 91665 142120
139858 67717 105996
67717 105996 139858
105996 67717 139858
132078 11317 56118
56118 11317 132078
11317 56118 132078
98708 30255 96566
30255 96566 98708
96566 30255 98708
37158 111080 144496
111080 37158 144496
144496 37158 111080
33474 44142 145283
44142 33474 145283
145283 33474 44142
59146 72061 93360
93360 59146 72061
72061 59146 93360
100838 80132 129322
80132 100838 129322
129322 80132 100838
32874 18223 108136
18223 32874 108136
108136 18223 32874
34931 67304 126154
67304 34931 126154
126154 34931 67304
23623 70723 112705
70723 23623 112705
112705 23623 70723
90800 117239 118048
118048 90800 117239
117239 90800 118048
124758 12418 84082
12418 84082 124758
84082 12418 124758
134133 61374 130842
130842 61374 134133
61374 130842 134133
269 51996 117161
51996 269 117161
117161 269 51996
658 24983 80317
80317 658 24983
24983 658 80317
93832 17299 112111
17299 93832 112111
112111 17299 93832
12884 31495 43386
43386 12884 31495
31495 12884 43386
122457 25198 65440
25198 65440 122457
65440 25198 122457
724 33592 69259
69259 724 33592
33592 724 69259
146578 15767 64696
64696 15767 146578
15767 64696 146578
111559 100811 146560
100811 111559 146560
146560 100811 111559
56344 53325 75066
53325 56344 75066
75066 53325 56344
105671 23092 142401
142401 23092 105671
23092 105671 142401
76043 27953 42862
42862 27953 76043
27953 42862 76043
94123 104094 140960
140960 94123 104094
104094 94123 140960
12315 70777 99545
70777 12315 99545
99545 12315 70777
129106 10121 133718
10121 129106 133718
133718 10121 129106
115242 49921 132338
132338 49921 115242
49921 115242 132338
127303 57826 79978
57826 79978 127303
79978 57826 127303
46179 65820 104843
104843 46179 65820
65820 46179 104843
117948 31402 102246
102246 31402 117948
31402 102246 117948
79086 39619 122269
39619 79086 122269
122269 39619 79086
41882 40119 80265
80265 40119 41882
40119 41882 80265
103780 7494 96459
96459 7494 103780
7494 96459 103780
130895 124174 141368
141368 124174 130895
124174 130895 141368
74986 67562 131679
67562 74986 131679
131679 67562 74986
3242 3846 19773
19773 3242 3846
3846 3242 19773
108489 16160 35921
35921 16160 108489
16160 35921 108489
70614 3111 138415
3111 70614 138415
138415 3111 70614
63258 9096 88412
9096 63258 88412
88412 9096 63258
2651 4875 100203
100203 2651 4875
4875 2651 100203
97364 4909 92648
92648 4909 97364
4909 92648 97364
38664 53543 149134
53543 38664 149134
149134 38664 53543
117372 63022 72225
63022 72225 117372
72225 63022 117372
94630 104703 127799
127799 94630 104703
104703 94630 127799
135737 55899 135471
135471 55899 135737
55899 135471 135737
36275 95249 96813
96813 36275 95249
95249 36275 96813
145488 52540 132594
52540 132594 145488
132594 52540 145488
15402 44582 71472
44582 15402 71472
71472 15402 44582
105970 44553 82008
44553 82008 105970
82008 44553 105970
132664 34376 71246
71246 34376 132664
34376 71246 132664
80320 52944 98768
52944 80320 98768
98768 52944 80320
123309 54312 93233
93233 54312 123309
54312 93233 123309
135161 25023 135149
135149 25023 135161
25023 135149 135161
11631 61229 72682
61229 11631 72682
72682 11631 61229
28204 43696 61938
61938 28204 43696
43696 28204 61938
42525 42713 125739
125739 42525 42713
42713 42525 125739
83395 85838 110410
85838 83395 110410
110410 83395 85838
129376 83495 145884
145884 83495 129376
83495 129376 145884
56709 30004 93880
30004 56709 93880
93880 30004 56709
92596 5406 105669
105669 5406 92596
5406 92596 105669
116541 20537 29456
29456 20537 116541
20537 29456 116541
95937 33914 126813
126813 33914 95937
33914 95937 126813
91031 73365 112420
73365 91031 112420
112420 73365 91031
16814 122388 145479
145479 16814 122388
122388 16814 145479
34061 3318 52902
3318 34061 52902
52902 3318 34061
50590 31766 40839
40839 31766 50590
31766 40839 50590
20468 35864 43728
43728 20468 35864
35864 20468 43728
4859 8791 54113
54113 4859 8791
8791 4859 54113
112913 89708 91312
89708 91312 112913
91312 89708 112913
16360 49567 63892
63892 16360 49567
49567 16360 63892
129202 79692 137625
79692 129202 137625
137625 79692 129202
62665 51311 117618
117618 51311 62665
51311 62665 117618
61338 53594 68771
68771 53594 61338
53594 61338 68771
138334 53885 58756
53885 58756 138334
58756 53885 138334
43446 7116 110680
110680 7116 43446
7116 43446 110680
30579 32062 85510
32062 30579 85510
85510 30579 32062
25441 108669 144234
144234 25441 108669
108669 25441 144234
105801 38355 123579
123579 38355 105801
38355 105801 123579
12730 62835 125894
125894 12730 62835
62835 12730 125894
61027 45210 47560
45210 47560 61027
47560 45210 61027
4181 45600 117664
117664 4181 45600
45600 4181 117664
112237 20982 83736
83736 20982 112237
20982 83736 112237
114630 95123 134657
95123 114630 134657
134657 95123 114630
20558 43857 47531
47531 20558 43857
43857 20558 47531
62744 104106 110650
110650 62744 104106
104106 62744 110650
59407 29204 84130
84130 29204 59407
29204 59407 84130
123324 89718 142733
89718 123324 142733
142733 89718 123324
132634 132671 144030
132671 132634 144030
144030 132634 132671
48138 101352 123933
123933 48138 101352
101352 48138 123933
108018 2764 48527
2764 48527 108018
48527 2764 108018
89772 42575 130243
42575 89772 130243
130243 42575 89772
136814 10507 53265
10507 53265 136814
53265 10507 136814
58262 117619 135582
135582 58262 117619
117619 58262 135582
77354 76102 138003
138003 76102 77354
76102 77354 138003
59688 51789 101569
51789 59688 101569
101569 51789 59688
125253 6665 86451
6665 86451 125253
86451 6665 125253
26328 36564 55542
36564 26328 55542
55542 26328 36564
70231 46527 133290
133290 46527 70231
46527 70231 133290
61160 10650 76079
10650 61160 76079
76079 10650 61160
130740 20560 55140
20560 55140 130740
55140 20560 130740
29770 13434 99424
13434 29770 99424
99424 13434 29770
3518 54576 67293
54576 3518 67293
67293 3518 54576
87841 25514 135316
135316 25514 87841
25514 87841 135316
83705 88641 117631
117631 83705 88641
88641 83705 117631
42153 113242 141791
113242 42153 141791
141791 42153 113242
104158 39968 115851
115851 39968 104158
39968 104158 115851
8645 84044 126998
126998 8645 84044
84044 8645 126998
84579 25690 124191
124191 25690 84579
25690 84579 124191
125229 114378 126293
114378 125229 126293
126293 114378 125229
137626 73652 105483
105483 73652 137626
73652 105483 137626
74928 34580 123112
34580 74928 123112
123112 34580 74928
95370 89207 120690
89207 95370 120690
120690 89207 95370
68707 35387 96251
96251 35387 68707
35387 68707 96251
99299 23617 48495
48495 23617 99299
23617 48495 99299
87634 94406 103056
103056 87634 94406
94406 87634 103056
37960 122181 122718
122181 37960 122718
122718 37960 122181
99476 87967 113878
87967 99476 113878
113878 87967 99476
41094 53444 102247
102247 41094 53444
53444 41094 102247
131715 38885 132857
38885 131715 132857
132857 38885 131715
81859 27992 41656
41656 27992 81859
27992 41656 81859
33736 4364 65666
4364 33736 65666
65666 4364 33736
58898 26981 77971
77971 26981 58898
26981 58898 77971
24433 1274 124600
1274 24433 124600
124600 1274 24433
89694 11307 63586
63586 11307 89694
11307 63586 89694
45225 54551 116915
54551 45225 116915
116915 45225 54551
70522 97435 149625
149625 70522 97435
97435 70522 149625
99426 107113 135026
107113 99426 135026
135026 99426 107113
14383 6003 94211
94211 6003 14383
6003 14383 94211
61650 33434 114732
33434 61650 114732
114732 33434 61650
45396 71746 146775
71746 45396 146775
146775 45396 71746
101647 47284 64716
47284 64716 101647
64716 47284 101647
50786 128140 148157
148157 50786 128140
128140 50786 148157
149810 23377 120555
23377 120555 149810
120555 23377 149810
47480 77286 94121
94121 47480 77286
77286 47480 94121
6507 79564 113630
113630 6507 79564
79564 6507 113630
69309 25228 130426
130426 25228 69309
25228 69309 130426
127764 87493 124788
87493 124788 127764
124788 87493 127764
16867 121016 141184
121016 16867 141184
141184 16867 121016
34392 97508 121177
121177 34392 97508
97508 34392 121177
147197 67044 129321
129321 67044 147197
67044 129321 147197
89880 48296 104169
104169 48296 89880
48296 89880 104169
6320 2019 47895
47895 2019 6320
2019 6320 47895
89961 4652 79319
79319 4652 89961
4652 79319 89961
13831 27960 110455
27960 13831 110455
110455 13831 27960
15051 97551 112148
97551 15051 112148
112148 15051 97551
44937 100224 127326
127326 44937 100224
100224 44937 127326
125161 55590 81591
81591 55590 125161
55590 81591 125161
147500 6835 24913
6835 24913 147500
24913 6835 147500
138052 34967 113805
113805 34967 138052
34967 113805 138052
75350 40134 124459
124459 40134 75350
40134 75350 124459
29873 77468 98258
98258 29873 77468
77468 29873 98258
147333 31083 125133
31083 125133 147333
125133 31083 147333
66388 74429 147339
147339 66388 74429
74429 66388 147339
23545 76776 107118
76776 23545 107118
107118 23545 76776
15055 41444 66120
66120 15055 41444
41444 15055 66120
103783 15307 95737
95737 15307 103783
15307 95737 103783
40601 97034 133301
133301 40601 97034
97034 40601 133301
93875 80165 130622
130622 80165 93875
80165 93875 130622
84328 59224 107258
59224 84328 107258
107258 59224 84328
83626 26246 99167
99167 26246 83626
26246 83626 99167
77350 2106 105471
105471 2106 77350
2106 77350 105471
133915 29321 31923
31923 29321 133915
29321 31923 133915
65789 90304 97070
90304 65789 97070
97070 65789 90304
32542 18451 128649
18451 32542 128649
128649 18451 32542
108407 27198 35137
27198 35137 108407
35137 27198 108407
147355 41441 45671
45671 41441 147355
41441 45671 147355
137512 80710 105927
105927 80710 137512
80710 105927 137512
129943 66394 88516
88516 66394 129943
66394 88516 129943
127043 54561 81104
54561 81104 127043
81104 54561 127043
40396 79811 121787
79811 40396 121787
121787 40396 79811
126216 52808 138834
52808 126216 138834
138834 52808 126216
137734 43290 72576
43290 72576 137734
72576 43290 137734
1273 72871 120001
72871 1273 120001
120001 1273 72871
30879 19441 148424
19441 30879 148424
148424 19441 30879
93017 51756 57806
51756 57806 93017
57806 51756 93017
25272 66776 127970
66776 25272 127970
127970 25272 66776
65806 25371 70163
25371 65806 70163
70163 25371 65806
41095 49039 63700
49039 41095 63700
63700 41095 49039
77982 117769 145806
145806 77982 117769
117769 77982 145806
66042 38520 115151
38520 66042 115151
115151 38520 66042
97126 24265 128522
128522 24265 97126
24265 97126 128522
143062 37795 71737
71737 37795 143062
37795 71737 143062
25797 79613 107589
79613 25797 107589
107589 25797 79613
75788 8080 58678
8080 58678 75788
58678 8080 75788
68356 37510 50104
50104 37510 68356
37510 50104 68356
134066 58403 61645
58403 61645 134066
61645 58403 134066
85537 79646 142506
142506 79646 85537
79646 85537 142506
20378 46507 58175
58175 20378 46507
46507 20378 58175
45519 84573 138991
138991 45519 84573
84573 45519 138991
37636 33521 98834
98834 33521 37636
33521 37636 98834
85415 45144 119195
119195 45144 85415
45144 85415 119195
131794 24541 81674
24541 81674 131794
81674 24541 131794
55918 12386 46433
46433 12386 55918
12386 46433 55918
55965 86900 132630
86900 55965 132630
132630 55965 86900
72302 21133 102849
102849 21133 72302
21133 72302 102849
17898 44513 85052
85052 17898 44513
44513 17898 85052
67719 28681 64479
28681 64479 67719
64479 28681 67719
66455 73784 129841
73784 66455 129841
129841 66455 73784
142083 31762 96599
31762 96599 142083
96599 31762 142083
84610 23908 46389
23908 46389 84610
46389 23908 84610
40943 34748 78925
34748 40943 78925
78925 34748 40943
137417 65475 121732
121732 65475 137417
65475 121732 137417
101767 83057 96044
96044 83057 101767
83057 96044 101767
114168 46788 141705
141705 46788 114168
46788 114168 141705
95734 33174 61976
33174 61976 95734
61976 33174 95734
74558 18239 115608
115608 18239 74558
18239 74558 115608
10730 31327 116558
116558 10730 31327
31327 10730 116558
32143 3155 50653
50653 3155 32143
3155 32143 50653
143391 7804 65437
7804 65437 143391
65437 7804 143391
522 30736 60368
30736 522 60368
60368 522 30736
123924 4820 84386
4820 84386 123924
84386 4820 123924
149259 76387 138434
138434 76387 149259
76387 138434 149259
53394 59785 74229
59785 53394 74229
74229 53394 59785
136895 47737 56821
47737 56821 136895
56821 47737 136895
126200 33557 121424
33557 121424 126200
121424 33557 126200
8165 9574 104348
9574 8165 104348
104348 8165 9574
122747 49616 90591
49616 90591 122747
90591 49616 122747
25303 80000 96410
80000 25303 96410
96410 25303 80000
2352 92954 99841
92954 2352 99841
99841 2352 92954
128009 52458 80363
80363 52458 128009
52458 80363 128009
29606 34292 69773
34292 29606 69773
69773 29606 34292
55318 15874 112692
112692 15874 55318
15874 55318 112692
22646 83342 138232
138232 22646 83342
83342 22646 138232
24635 75915 128716
128716 24635 75915
75915 24635 128716
113773 25666 118587
25666 113773 118587
118587 25666 113773
96396 15020 16090
15020 16090 96396
16090 15020 96396
45701 14730 88554
14730 45701 88554
88554 14730 45701
66205 21769 39538
21769 39538 66205
39538 21769 66205
5563 3999 130168
3999 5563 130168
130168 3999 5563
97218 29018 149092
149092 29018 97218
29018 97218 149092
43979 71761 73050
71761 43979 73050
73050 43979 71761
122592 24732 60248
24732 60248 122592
60248 24732 122592
127599 122972 134861
134861 122972 127599
122972 127599 134861
79161 70487 92533
70487 79161 92533
92533 70487 79161
69300 42141 48123
48123 42141 69300
42141 48123 69300
63240 27896 80694
27896 63240 80694
80694 27896 63240
141112 27310 103073
103073 27310 141112
27310 103073 141112
59958 80866 81829
80866 59958 81829
81829 59958 80866
147165 39103 79239
79239 39103 147165
39103 79239 147165
95112 13877 73742
73742 13877 95112
13877 73742 95112
52052 67098 99185
67098 52052 99185
99185 52052 67098
1373 51548 142758
51548 1373 142758
142758 1373 51548
7061 27411 111116
111116 7061 27411
27411 7061 111116
65236 26694 145749
26694 65236 145749
145749 26694 65236
78783 340 97973
97973 340 78783
340 78783 97973
144276 7535 70882
7535 70882 144276
70882 7535 144276
108170 30912 37778
30912 37778 108170
37778 30912 108170
65582 11036 116744
11036 65582 116744
116744 11036 65582
126342 53582 116094
53582 116094 126342
116094 53582 126342
82907 96310 124722
96310 82907 124722
124722 82907 96310
121442 43593 63632
63632 43593 121442
43593 63632 121442
73045 81635 146509
81635 73045 146509
146509 73045 81635
2559 17426 143998
143998 2559 17426
17426 2559 143998
29791 63829 102173
63829 29791 102173
102173 29791 63829
112994 102420 138353
102420 112994 138353
138353 102420 112994
104850 20130 129036
129036 20130 104850
20130 104850 129036
25110 8889 27319
27319 8889 25110
8889 25110 27319
63743 72052 92178
72052 63743 92178
92178 63743 72052
139833 85996 113133
113133 85996 139833
85996 113133 139833
50284 89454 136783
89454 50284 136783
136783 50284 89454
138997 49118 134771
134771 49118 138997
49118 134771 138997
120526 69188 90819
69188 90819 120526
90819 69188 120526
105171 8683 102963
8683 102963 105171
102963 8683 105171
128841 32140 96954
32140 96954 128841
96954 32140 128841
48582 48567 84526
84526 48567 48582
48567 48582 84526
26448 6052 7996
6052 7996 26448
7996 6052 26448
116345 6759 51454
51454 6759 116345
6759 51454 116345
75544 22780 132850
132850 22780 75544
22780 75544 132850
11506 52998 145383
145383 11506 52998
52998 11506 145383
130359 54899 110068
54899 110068 130359
110068 54899 130359
116229 111447 128826
128826 111447 116229
111447 116229 128826
144251 16562 83271
83271 16562 144251
16562 83271 144251
95007 109263 125390
109263 95007 125390
125390 95007 109263
22154 25510 100175
25510 22154 100175
100175 22154 25510
28214 46317 148889
46317 28214 148889
148889 28214 46317
16280 15774 35550
35550 15774 16280
15774 16280 35550
8386 134206 143875
134206 8386 143875
143875 8386 134206
335 10155 116802
116802 335 10155
10155 335 116802
41844 52919 92149
52919 41844 92149
92149 41844 52919
84321 87392 149834
149834 84321 87392
87392 84321 149834
119947 22848 27316
27316 22848 119947
22848 27316 119947
19019 53648 75580
75580 19019 53648
53648 19019 75580
24048 37828 146725
146725 24048 37828
37828 24048 146725
139671 107191 113484
107191 113484 139671
113484 107191 139671
25512 22160 118331
118331 22160 25512
22160 25512 118331
78659 25934 26349
25934 26349 78659
26349 25934 78659
10067 25401 123618
123618 10067 25401
25401 10067 123618
98639 18007 127627
127627 18007 98639
18007 98639 127627
73327 111610 122517
