1272 244 434
434 244 1272
244 434 1272
1257 1153 1209
1209 1153 1257
1153 1209 1257
1487 106 1016
1016 106 1487
106 1016 1487
345 1083 1312
1312 345 1083
1083 345 1312
33 1371 1439
1439 33 1371
1371 33 1439
358 680 1206
680 358 1206
1206 358 680
1074 105 1168
105 1074 1168
1168 105 1074
1186 49 1360
1360 49 1186
49 1186 1360
1316 501 1020
501 1020 1316
1020 501 1316
152 429 770
429 152 770
770 152 429
1036 399 912
912 399 1036
399 912 1036
300 141 1110
141 300 1110
1110 141 300
1155 729 1193
729 1155 1193
1193 729 1155
735 464 1223
1223 464 735
464 735 1223
1401 323 1072
1072 323 1401
323 1072 1401
812 360 1165
1165 360 812
360 812 1165
1099 91 629
629 91 1099
91 629 1099
316 829 889
889 316 829
829 316 889
1134 93 672
93 672 1134
672 93 1134
452 509 1040
509 452 1040
1040 452 509
622 102 470
470 102 622
102 470 622
571 275 1336
275 571 1336
1336 275 571
1448 394 1219
394 1219 1448
1219 394 1448
122 362 1210
362 122 1210
1210 122 362
284 1031 1428
1031 284 1428
1428 284 1031
1043 797 1249
1249 797 1043
797 1043 1249
172 320 339
339 172 320
320 172 339
750 378 1403
378 750 1403
1403 378 750
1195 249 433
433 249 1195
249 433 1195
418 473 791
791 418 473
473 418 791
621 205 716
205 621 716
716 205 621
605 90 1259
1259 90 605
90 605 1259
167 548 653
548 167 653
653 167 548
528 327 1130
1130 327 528
327 528 1130
153 195 417
195 153 417
417 153 195
65 519 778
778 65 519
519 65 778
565 567 924
924 565 567
567 565 924
231 638 1162
1162 231 638
638 231 1162
364 959 992
959 364 992
992 364 959
1041 782 1281
782 1041 1281
1281 782 1041
1141 398 1014
398 1014 1141
1014 398 1141
208 761 1055
761 208 1055
1055 208 761
1202 245 346
346 245 1202
245 346 1202
575 583 899
583 575 899
899 575 583
92 853 1122
1122 92 853
853 92 1122
480 57 1211
57 480 1211
1211 57 480
1489 10 1472
1472 10 1489
10 1472 1489
918 539 1213
1213 539 918
539 918 1213
792 295 1432
295 792 1432
1432 295 792
129 666 1280
1280 129 666
666 129 1280
955 119 706
119 706 955
706 119 955
446 406 513
513 406 446
406 446 513
46 1025 1136
1025 46 1136
1136 46 1025
224 293 524
524 224 293
293 224 524
1138 923 1438
923 1138 1438
1438 923 1138
569 392 737
392 569 737
737 392 569
1286 686 730
730 686 1286
686 730 1286
764 89 278
89 278 764
278 89 764
708 549 577
577 549 708
549 577 708
527 1089 1395
1089 527 1395
1395 527 1089
807 1115 1132
1132 807 1115
1115 807 1132
75 147 481
481 75 147
147 75 481
803 479 1383
479 803 1383
1383 479 803
943 557 1255
1255 557 943
557 943 1255
902 210 676
676 210 902
210 676 902
1171 270 1003
1003 270 1171
270 1003 1171
457 272 467
467 272 457
272 457 467
1337 274 1234
1234 274 1337
274 1234 1337
252 650 1462
1462 252 650
650 252 1462
440 108 282
282 108 440
108 282 440
1204 507 982
507 982 1204
982 507 1204
1324 749 1305
1305 749 1324
749 1305 1324
733 520 663
520 663 733
663 520 733
1120 276 1479
276 1120 1479
1479 276 1120
356 493 523
523 356 493
493 356 523
707 1238 1302
1238 707 1302
1302 707 1238
559 164 658
164 559 658
658 164 559
134 176 387
387 134 176
176 134 387
956 893 1282
893 956 1282
1282 893 956
365 1157 1341
1157 365 1341
1341 365 1157
196 229 1142
1142 196 229
229 196 1142
784 866 1408
1408 784 866
866 784 1408
1263 1357 1427
1357 1263 1427
1427 1263 1357
871 62 1318
62 871 1318
1318 62 871
1446 984 1265
984 1265 1446
1265 984 1446
174 354 675
354 174 675
675 174 354
34 500 1244
500 34 1244
1244 34 500
56 101 1071
101 56 1071
1071 56 101
1176 237 1470
237 1176 1470
1470 237 1176
1295 79 321
79 321 1295
321 79 1295
1180 209 1492
209 1180 1492
1492 209 1180
715 247 1338
1338 247 715
247 715 1338
1498 11 1339
11 1339 1498
1339 11 1498
267 1159 1261
1261 267 1159
1159 267 1261
851 138 895
895 138 851
138 851 895
997 133 1054
133 997 1054
1054 133 997
1362 939 1313
939 1313 1362
1313 939 1362
757 772 1294
1294 757 772
772 757 1294
341 290 1378
290 341 1378
1378 290 341
88 160 1333
160 88 1333
1333 88 160
36 897 1235
1235 36 897
897 36 1235
1289 914 991
914 991 1289
991 914 1289
478 211 698
698 211 478
211 478 698
51 861 1267
1267 51 861
861 51 1267
391 415 1177
415 391 1177
1177 391 415
697 109 1416
109 697 1416
1416 109 697
754 990 1143
1143 754 990
990 754 1143
828 1309 1350
1309 828 1350
1350 828 1309
1441 651 804
804 651 1441
651 804 1441
261 822 1190
822 261 1190
1190 261 822
1453 43 228
43 228 1453
228 43 1453
98 373 1370
1370 98 373
373 98 1370
330 151 592
151 330 592
592 151 330
1201 476 898
476 898 1201
898 476 1201
491 1098 1482
1482 491 1098
1098 491 1482
14 714 1361
714 14 1361
1361 14 714
814 435 907
435 814 907
907 435 814
454 1227 1254
1227 454 1254
1254 454 1227
1056 183 607
183 607 1056
607 183 1056
227 184 892
184 227 892
892 184 227
835 486 635
486 635 835
635 486 835
1015 253 1037
1037 253 1015
253 1015 1037
1163 124 702
702 124 1163
124 702 1163
1047 510 1471
1471 510 1047
510 1047 1471
306 223 832
223 306 832
832 223 306
409 731 976
976 409 731
731 409 976
613 140 1485
1485 140 613
140 613 1485
1026 269 1359
1359 269 1026
269 1026 1359
194 162 801
162 194 801
801 162 194
1404 111 1346
111 1346 1404
1346 111 1404
753 820 946
946 753 820
820 753 946
241 404 1285
404 241 1285
1285 241 404
594 910 1388
1388 594 910
910 594 1388
225 903 1245
1245 225 903
903 225 1245
974 325 1059
1059 325 974
325 974 1059
421 48 906
906 48 421
48 421 906
606 308 1384
1384 308 606
308 606 1384
1279 790 1191
1191 790 1279
790 1191 1279
503 740 1407
1407 503 740
740 503 1407
673 625 1045
1045 625 673
625 673 1045
424 1017 1387
1017 424 1387
1387 424 1017
110 776 934
934 110 776
776 110 934
1310 1094 1375
1375 1094 1310
1094 1310 1375
1323 85 826
85 826 1323
826 85 1323
383 1063 1288
1288 383 1063
1063 383 1288
696 652 1495
652 696 1495
1495 652 696
1277 687 1104
1104 687 1277
687 1104 1277
947 811 1493
811 947 1493
1493 811 947
1156 335 1442
1442 335 1156
335 1156 1442
442 683 1064
683 442 1064
1064 442 683
591 4 1443
1443 4 591
4 591 1443
61 674 1278
674 61 1278
1278 61 674
665 200 382
200 382 665
382 200 665
767 254 566
566 254 767
254 566 767
86 529 1452
1452 86 529
529 86 1452
847 35 1334
1334 35 847
35 847 1334
870 831 1082
1082 831 870
831 870 1082
815 304 728
728 304 815
304 728 815
145 234 688
688 145 234
234 145 688
1247 298 1216
1216 298 1247
298 1216 1247
474 170 204
170 204 474
204 170 474
445 347 1484
1484 347 445
347 445 1484
1199 157 758
157 758 1199
758 157 1199
353 251 432
251 353 432
432 251 353
1021 938 1417
1417 938 1021
938 1021 1417
1067 6 403
6 403 1067
403 6 1067
593 530 1276
530 593 1276
1276 530 593
443 1010 1421
1421 443 1010
1010 443 1421
1119 314 1418
314 1119 1418
1418 314 1119
787 600 1086
600 787 1086
1086 600 787
842 114 763
114 763 842
763 114 842
1409 197 302
302 197 1409
197 302 1409
1349 926 1269
926 1269 1349
1269 926 1349
83 395 834
395 83 834
834 83 395
430 852 1184
1184 430 852
852 430 1184
355 465 1169
465 355 1169
1169 355 465
1326 560 885
885 560 1326
560 885 1326
1062 825 1270
1270 825 1062
825 1062 1270
44 313 1236
313 44 1236
1236 44 313
1024 489 614
489 614 1024
614 489 1024
468 743 1284
743 468 1284
1284 468 743
703 291 407
291 407 703
407 291 703
806 40 636
636 40 806
40 636 806
1002 739 967
739 967 1002
967 739 1002
180 1034 1422
1034 180 1422
1422 180 1034
242 965 1468
1468 242 965
965 242 1468
590 886 1111
886 590 1111
1111 590 886
260 830 857
857 260 830
830 260 857
340 544 930
930 340 544
544 340 930
332 554 1415
554 332 1415
1415 332 554
738 121 240
121 240 738
240 121 738
1250 100 837
837 100 1250
100 837 1250
1451 995 1457
995 1451 1457
1457 995 1451
1085 620 821
620 821 1085
821 620 1085
212 303 888
303 212 888
888 212 303
858 533 1298
1298 533 858
533 858 1298
588 54 1149
54 588 1149
1149 54 588
76 250 741
250 76 741
741 76 250
840 380 711
711 380 840
380 711 840
890 31 1429
1429 31 890
31 890 1429
271 669 1232
669 271 1232
1232 271 669
769 427 1005
1005 427 769
427 769 1005
1260 28 940
28 940 1260
940 28 1260
37 376 993
376 37 993
993 37 376
348 962 1256
962 348 1256
1256 348 962
1382 256 1473
256 1382 1473
1473 256 1382
315 1100 1396
1100 315 1396
1396 315 1100
610 710 1252
1252 610 710
710 610 1252
623 190 1068
1068 190 623
190 623 1068
135 216 905
216 135 905
905 135 216
1262 400 1175
400 1175 1262
1175 400 1262
1459 286 1296
286 1296 1459
1296 286 1459
351 1075 1458
1458 351 1075
1075 351 1458
1391 422 1124
1124 422 1391
422 1124 1391
1380 534 878
534 878 1380
878 534 1380
985 505 1297
505 985 1297
1297 505 985
1480 202 781
781 202 1480
202 781 1480
1449 385 1179
385 1179 1449
1179 385 1449
1460 1127 1129
1129 1127 1460
1127 1129 1460
615 972 1144
972 615 1144
1144 615 972
845 77 1061
77 845 1061
1061 77 845
927 1340 1374
1374 927 1340
1340 927 1374
72 363 393
393 72 363
363 72 393
1306 759 1053
1053 759 1306
759 1053 1306
1303 616 1205
616 1205 1303
1205 616 1303
1461 690 1376
1376 690 1461
690 1376 1461
1328 699 1128
699 1128 1328
1128 699 1328
896 700 1365
700 896 1365
1365 700 896
543 95 344
95 344 543
344 95 543
1145 495 723
723 495 1145
495 723 1145
634 289 472
289 472 634
472 289 634
1426 155 1319
1319 155 1426
155 1319 1426
45 477 925
925 45 477
477 45 925
366 99 762
99 366 762
762 99 366
684 802 1379
802 684 1379
1379 684 802
439 1140 1189
1140 439 1189
1189 439 1140
751 498 1394
498 751 1394
1394 498 751
833 1239 1351
1351 833 1239
1239 833 1351
979 84 220
84 220 979
220 84 979
1161 725 908
908 725 1161
725 908 1161
128 732 1368
732 128 1368
1368 128 732
324 139 1293
1293 139 324
139 324 1293
1096 475 490
475 490 1096
490 475 1096
1369 641 904
641 904 1369
904 641 1369
1012 540 849
540 849 1012
849 540 1012
521 1139 1248
1248 521 1139
1139 521 1248
349 413 691
413 349 691
691 349 413
201 537 944
537 201 944
944 201 537
860 612 1317
1317 612 860
612 860 1317
562 369 1121
369 562 1121
1121 369 562
768 937 1187
937 768 1187
1187 768 937
273 333 1233
333 273 1233
1233 273 333
695 436 1424
436 695 1424
1424 436 695
1314 875 1450
1450 875 1314
875 1314 1450
239 639 644
639 239 644
644 239 639
931 611 1274
611 931 1274
1274 611 931
859 455 701
455 701 859
701 455 859
1483 207 1290
207 1290 1483
1290 207 1483
87 144 977
977 87 144
144 87 977
779 642 941
642 779 941
941 642 779
958 169 1022
1022 169 958
169 958 1022
1001 945 1496
1496 945 1001
945 1001 1496
1217 568 589
568 589 1217
589 568 1217
471 113 488
488 113 471
113 471 488
969 375 1330
375 969 1330
1330 375 969
22 679 1466
1466 22 679
679 22 1466
1399 148 483
148 483 1399
483 148 1399
645 1194 1242
1242 645 1194
1194 645 1242
1390 425 518
425 518 1390
518 425 1390
920 659 1456
1456 659 920
659 920 1456
485 1090 1212
1090 485 1212
1212 485 1090
542 329 456
456 329 542
329 456 542
453 143 678
143 453 678
678 143 453
961 1065 1126
1065 961 1126
1126 961 1065
1077 396 1463
1463 396 1077
396 1077 1463
877 412 1437
1437 412 877
412 877 1437
909 132 1117
1117 132 909
132 909 1117
112 305 973
305 112 973
973 112 305
921 942 1464
1464 921 942
942 921 1464
582 115 263
115 263 582
263 115 582
408 437 721
437 408 721
721 408 437
381 70 718
70 381 718
718 70 381
1325 987 1363
1363 987 1325
987 1325 1363
1154 865 1092
865 1092 1154
1092 865 1154
322 572 800
572 322 800
800 322 572
1222 287 1080
1080 287 1222
287 1080 1222
988 535 1425
1425 535 988
535 988 1425
1488 868 960
868 960 1488
960 868 1488
68 795 1170
1170 68 795
795 68 1170
1112 50 646
646 50 1112
50 646 1112
667 218 626
218 626 667
626 218 667
1073 389 401
401 389 1073
389 401 1073
824 1008 1229
1008 824 1229
1229 824 1008
989 1215 1243
1215 989 1243
1243 989 1215
657 191 783
191 657 783
783 191 657
1348 131 402
131 402 1348
402 131 1348
259 384 1030
1030 259 384
384 259 1030
727 296 532
296 532 727
532 296 727
1133 288 508
508 288 1133
288 508 1133
370 203 746
746 203 370
203 370 746
1146 258 368
258 368 1146
368 258 1146
1331 188 515
188 515 1331
515 188 1331
587 309 460
460 309 587
309 460 587
719 97 788
97 719 788
788 97 719
867 1069 1203
1069 867 1203
1203 867 1069
668 262 517
517 262 668
262 517 668
552 558 564
558 552 564
564 552 558
1185 149 1367
1367 149 1185
149 1185 1367
1226 526 637
637 526 1226
526 637 1226
1118 230 312
230 312 1118
312 230 1118
63 514 876
876 63 514
514 63 876
1435 18 1057
18 1057 1435
1057 18 1435
3 156 1300
156 3 1300
1300 3 156
863 461 681
681 461 863
461 681 863
1352 497 1366
497 1352 1366
1366 497 1352
547 709 848
848 547 709
709 547 848
981 1114 1197
1197 981 1114
1114 981 1197
326 756 1406
1406 326 756
756 326 1406
420 257 1430
1430 257 420
257 420 1430
1048 970 1102
1102 970 1048
970 1048 1102
238 377 862
862 238 377
377 238 862
1434 334 469
469 334 1434
334 469 1434
1237 236 1000
1000 236 1237
236 1000 1237
1264 307 869
307 869 1264
869 307 1264
1402 17 555
555 17 1402
17 555 1402
20 556 1347
556 20 1347
1347 20 556
1158 609 742
609 742 1158
742 609 1158
627 294 1076
294 627 1076
1076 294 627
53 994 1377
994 53 1377
1377 53 994
1497 1116 1292
1292 1116 1497
1116 1292 1497
165 1321 1332
1321 165 1332
1332 165 1321
1423 499 1196
499 1196 1423
1196 499 1423
1023 773 913
913 773 1023
773 913 1023
243 198 1258
1258 198 243
198 243 1258
123 628 647
647 123 628
628 123 647
317 655 813
655 317 813
813 317 655
551 964 1181
1181 551 964
964 551 1181
1050 1271 1358
1271 1050 1358
1358 1050 1271
1091 24 744
24 744 1091
744 24 1091
69 233 1355
1355 69 233
233 69 1355
617 166 235
166 235 617
235 166 617
1107 689 1148
689 1107 1148
1148 689 1107
1311 1131 1397
1397 1131 1311
1131 1311 1397
1029 266 838
266 838 1029
838 266 1029
951 602 872
602 872 951
872 602 951
726 419 850
419 726 850
850 419 726
1006 118 1454
1454 118 1006
118 1006 1454
116 901 954
901 116 954
954 116 901
948 1327 1393
1327 948 1393
1393 948 1327
26 96 1084
1084 26 96
96 26 1084
980 55 459
459 55 980
55 459 980
662 458 604
604 458 662
458 604 662
504 487 694
694 487 504
487 504 694
372 357 856
357 372 856
856 357 372
331 596 1052
1052 331 596
596 331 1052
798 199 352
199 352 798
352 199 798
219 765 1315
1315 219 765
765 219 1315
1049 796 1097
796 1049 1097
1097 796 1049
819 1013 1105
1013 819 1105
1105 819 1013
186 1042 1268
1268 186 1042
1042 186 1268
843 414 1135
1135 414 843
414 843 1135
1307 297 808
297 808 1307
808 297 1307
563 633 915
633 563 915
915 563 633
512 1152 1308
1152 512 1308
1308 512 1152
410 27 649
27 410 649
649 27 410
771 336 911
336 771 911
911 336 771
595 745 1405
1405 595 745
745 595 1405
774 963 1436
963 774 1436
1436 774 963
978 213 1445
213 978 1445
1445 213 978
178 677 794
677 178 794
794 178 677
1231 15 1208
1208 15 1231
15 1208 1231
264 16 125
125 16 264
16 125 264
450 531 841
531 450 841
841 450 531
818 232 573
232 573 818
573 232 818
957 150 705
705 150 957
150 705 957
1192 580 928
928 580 1192
580 928 1192
80 41 1109
1109 41 80
41 80 1109
47 654 1004
654 47 1004
1004 47 654
32 81 599
599 32 81
81 32 599
104 187 722
187 104 722
722 104 187
545 586 1372
1372 545 586
586 545 1372
882 283 724
724 283 882
283 724 882
441 67 900
900 67 441
67 441 900
177 301 844
844 177 301
301 177 844
1251 388 1419
388 1251 1419
1419 388 1251
359 1039 1411
1411 359 1039
1039 359 1411
932 390 494
390 494 932
494 390 932
598 881 1174
1174 598 881
881 598 1174
971 361 660
361 660 971
660 361 971
1164 221 712
221 712 1164
712 221 1164
846 1342 1414
1342 846 1414
1414 846 1342
748 181 248
181 248 748
248 181 748
506 226 1287
1287 226 506
226 506 1287
827 717 1335
1335 717 827
717 827 1335
632 130 1385
130 632 1385
1385 130 632
538 246 1301
246 538 1301
1301 246 538
570 883 1078
883 570 1078
1078 570 883
39 416 1137
1137 39 416
416 39 1137
1079 466 1220
1220 466 1079
466 1079 1220
159 685 786
685 159 786
786 159 685
1467 922 1066
922 1066 1467
1066 922 1467
584 107 1266
107 584 1266
1266 107 584
541 550 805
805 541 550
550 541 805
682 374 1491
1491 374 682
374 682 1491
601 887 1490
1490 601 887
887 601 1490
52 734 1027
734 52 1027
1027 52 734
292 29 82
29 82 292
82 29 292
661 968 1320
968 661 1320
1320 661 968
193 38 823
38 193 823
823 38 193
1007 136 983
983 136 1007
136 983 1007
664 836 1494
836 664 1494
1494 664 836
752 310 1398
1398 310 752
310 752 1398
59 127 179
127 59 179
179 59 127
1207 891 1392
1392 891 1207
891 1207 1392
1373 71 1018
1018 71 1373
71 1018 1373
1160 120 1322
120 1160 1322
1322 120 1160
1200 747 1225
747 1200 1225
1225 747 1200
1093 775 1058
775 1058 1093
1058 775 1093
1455 671 1253
1253 671 1455
671 1253 1455
1230 192 1095
1095 192 1230
192 1095 1230
1173 66 1465
66 1173 1465
1465 66 1173
578 338 386
386 338 578
338 386 578
426 1433 1481
1481 426 1433
1433 426 1481
952 5 168
168 5 952
5 168 952
126 536 1228
1228 126 536
536 126 1228
785 1440 1499
1499 785 1440
1440 785 1499
1299 182 1356
1356 182 1299
182 1299 1356
154 137 350
137 154 350
350 137 154
874 189 1166
1166 189 874
189 874 1166
1364 619 1354
619 1354 1364
1354 619 1364
1032 760 1123
760 1032 1123
1123 760 1032
1478 9 736
736 9 1478
9 736 1478
163 279 936
936 163 279
279 163 936
60 1038 1088
1088 60 1038
1038 60 1088
880 431 1167
431 880 1167
1167 431 880
975 780 1447
780 975 1447
1447 780 975
950 397 720
720 397 950
397 720 950
1224 206 1060
206 1060 1224
1060 206 1224
855 597 648
597 648 855
648 597 855
1051 19 916
19 916 1051
916 19 1051
1 656 1019
1019 1 656
656 1 1019
966 146 1198
1198 146 966
146 966 1198
482 525 1150
1150 482 525
525 482 1150
1044 608 799
799 608 1044
608 799 1044
438 448 894
894 438 448
448 438 894
793 2 704
704 2 793
2 704 793
1343 173 1477
1477 173 1343
173 1343 1477
319 447 864
864 319 447
447 319 864
1444 839 1087
839 1087 1444
1087 839 1444
423 117 854
854 117 423
117 423 854
576 624 933
933 576 624
624 576 933
1113 879 1081
1081 879 1113
879 1081 1113
1500 511 553
553 511 1500
511 553 1500
998 185 640
185 640 998
640 185 998
917 222 884
884 222 917
222 884 917
693 78 171
78 171 693
171 78 693
1246 13 817
817 13 1246
13 817 1246
215 692 1240
1240 215 692
692 215 1240
1009 214 1329
1329 214 1009
214 1009 1329
1475 953 1103
1103 953 1475
953 1103 1475
579 328 337
337 328 579
328 337 579
630 342 1011
342 630 1011
1011 342 630
463 789 1420
789 463 1420
1420 463 789
713 161 405
161 405 713
405 161 713
996 1188 1291
1188 996 1291
1291 996 1188
12 175 986
986 12 175
175 12 986
8 255 371
371 8 255
255 8 371
777 217 999
217 777 999
999 217 777
411 73 929
73 411 929
929 73 411
1273 522 935
522 935 1273
935 522 1273
30 58 94
58 30 94
94 30 58
311 585 1345
585 311 1345
1345 311 585
451 277 343
343 277 451
277 343 451
1410 755 1389
755 1389 1410
1389 755 1410
810 670 1214
670 810 1214
1214 670 810
492 1344 1386
1344 492 1386
1386 492 1344
265 919 1413
919 265 1413
1413 265 919
1275 1304 1431
1431 1275 1304
1304 1275 1431
1101 949 1178
1178 949 1101
949 1101 1178
462 581 873
581 462 873
873 462 581
546 318 1381
1381 318 546
318 546 1381
1033 268 603
268 603 1033
603 268 1033
1035 64 631
631 64 1035
64 631 1035
1125 1108 1172
1108 1125 1172
1172 1108 1125
618 1353 1400
1353 618 1400
1400 618 1353
379 1182 1241
1182 379 1241
1241 379 1182
1028 299 1486
299 1028 1486
1486 299 1028
1221 444 1283
1283 444 1221
444 1221 1283
1218 158 1476
1476 158 1218
158 1218 1476
1151 766 1147
766 1147 1151
1147 766 1151
142 561 1412
1412 142 561
561 142 1412
1106 42 574
42 574 1106
574 42 1106
21 103 367
367 21 103
103 21 367
285 74 428
74 285 428
428 74 285
449 1183 1469
1469 449 1183
1183 449 1469
496 25 281
281 25 496
25 281 496
516 484 816
816 484 516
484 516 816
280 23 502
23 280 502
502 23 280
7 1046 1474
1474 7 1046
1046 7 1474
809 643 1070
643 809 1070
1070 643 809
