7730 1171 6652
1171 6652 7730
6652 1171 7730
13316 1538 8896
1538 8896 13316
8896 1538 13316
9445 1584 12959
1584 9445 12959
12959 1584 9445
7658 7796 12342
12342 7658 7796
7796 7658 12342
4124 1743 5073
5073 1743 4124
1743 4124 5073
14682 170 1594
1594 170 14682
170 1594 14682
10543 671 3762
671 3762 10543
3762 671 10543
865 5992 11122
5992 865 11122
11122 865 5992
9835 3126 11730
3126 9835 11730
11730 3126 9835
10320 6233 11918
11918 6233 10320
6233 10320 11918
10278 10732 12656
12656 10278 10732
10732 10278 12656
7891 1765 3871
1765 3871 7891
3871 1765 7891
5498 6095 7358
6095 5498 7358
7358 5498 6095
3998 8689 14231
8689 3998 14231
14231 3998 8689
10381 5684 11555
11555 5684 10381
5684 10381 11555
5114 3394 7558
3394 5114 7558
7558 3394 5114
10171 2216 3410
3410 2216 10171
2216 3410 10171
11326 11275 14003
11275 11326 14003
14003 11275 11326
12047 1194 7866
7866 1194 12047
1194 7866 12047
8517 3294 9851
3294 8517 9851
9851 3294 8517
14433 6723 8265
6723 8265 14433
8265 6723 14433
9758 2214 6442
6442 2214 9758
2214 6442 9758
5057 1406 11870
11870 1406 5057
1406 5057 11870
6987 767 13300
767 6987 13300
13300 767 6987
9105 4421 6745
6745 4421 9105
4421 6745 9105
1011 265 1926
265 1011 1926
1926 265 1011
2328 3749 10733
3749 2328 10733
10733 2328 3749
7245 10166 10430
10430 7245 10166
10166 7245 10430
9973 12705 14188
12705 9973 14188
14188 9973 12705
1626 3567 5651
5651 1626 3567
3567 1626 5651
455 36 8804
8804 36 455
36 455 8804
11344 4993 5646
5646 4993 11344
4993 5646 11344
5716 5701 12919
5701 5716 12919
12919 5701 5716
8310 13325 13609
13325 8310 13609
13609 8310 13325
6218 4218 8488
8488 4218 6218
4218 6218 8488
2961 3156 5041
3156 2961 5041
5041 2961 3156
6880 8391 12337
8391 6880 12337
12337 6880 8391
12917 10541 13722
10541 12917 13722
13722 10541 12917
9726 9424 12116
9424 9726 12116
12116 9424 9726
4084 321 3101
321 3101 4084
3101 321 4084
6997 2694 14823
2694 6997 14823
14823 2694 6997
6600 2648 3580
2648 3580 6600
3580 2648 6600
12164 1661 5609
1661 5609 12164
5609 1661 12164
9833 10771 14458
10771 9833 14458
14458 9833 10771
5460 4455 14600
14600 4455 5460
4455 5460 14600
1104 1507 2944
2944 1104 1507
1507 1104 2944
10254 8703 8893
8893 8703 10254
8703 8893 10254
9530 2543 3917
2543 3917 9530
3917 2543 9530
3072 12308 14426
12308 3072 14426
14426 3072 12308
521 8150 12946
8150 521 12946
12946 521 8150
2434 10221 13533
13533 2434 10221
10221 2434 13533
904 6088 10321
10321 904 6088
6088 904 10321
4681 8913 11088
8913 4681 11088
11088 4681 8913
5161 1607 5751
5751 1607 5161
1607 5161 5751
10753 8005 13562
13562 8005 10753
8005 10753 13562
10224 4394 9311
4394 9311 10224
9311 4394 10224
12849 6147 14384
6147 12849 14384
14384 6147 12849
2619 34 833
34 833 2619
833 34 2619
2581 8016 10222
10222 2581 8016
8016 2581 10222
3473 2892 9316
9316 2892 3473
2892 3473 9316
13347 9576 9593
9576 9593 13347
9593 9576 13347
992 2845 14747
2845 992 14747
14747 992 2845
11481 1416 5933
1416 5933 11481
5933 1416 11481
12971 235 14467
235 12971 14467
14467 235 12971
3381 13 4536
13 3381 4536
4536 13 3381
8503 5593 6530
5593 6530 8503
6530 5593 8503
7736 8386 8726
8386 7736 8726
8726 7736 8386
4568 3829 14002
3829 4568 14002
14002 3829 4568
3812 3125 5787
3125 3812 5787
5787 3125 3812
14578 6964 9857
6964 9857 14578
9857 6964 14578
5022 11620 12648
11620 5022 12648
12648 5022 11620
1327 3456 13081
3456 1327 13081
13081 1327 3456
3413 237 12089
237 3413 12089
12089 237 3413
10934 12482 13923
13923 10934 12482
12482 10934 13923
10967 3362 7349
7349 3362 10967
3362 7349 10967
13915 12568 14104
12568 13915 14104
14104 12568 13915
7383 4943 7003
7003 4943 7383
4943 7003 7383
14507 5903 9073
5903 9073 14507
9073 5903 14507
12802 11362 12600
12600 11362 12802
11362 12600 12802
4112 2374 11280
11280 2374 4112
2374 4112 11280
5120 1552 11189
11189 1552 5120
1552 5120 11189
10146 1157 2204
2204 1157 10146
1157 2204 10146
89 5412 8581
5412 89 8581
8581 89 5412
13243 1017 2033
2033 1017 13243
1017 2033 13243
8111 7032 12218
12218 7032 8111
7032 8111 12218
11296 10690 11521
10690 11296 11521
11521 10690 11296
1895 8412 13611
8412 1895 13611
13611 1895 8412
5040 7047 14871
7047 5040 14871
14871 5040 7047
10560 488 13074
488 10560 13074
13074 488 10560
8337 1053 1429
1429 1053 8337
1053 1429 8337
3642 1396 11458
1396 3642 11458
11458 1396 3642
8748 1489 7974
1489 7974 8748
7974 1489 8748
7257 13447 14803
13447 7257 14803
14803 7257 13447
324 6036 7254
6036 324 7254
7254 324 6036
14917 5244 9609
9609 5244 14917
5244 9609 14917
1771 6230 12082
6230 1771 12082
12082 1771 6230
7967 4884 13668
4884 7967 13668
13668 4884 7967
12061 2974 8331
8331 2974 12061
2974 8331 12061
6656 6829 10160
6829 6656 10160
10160 6656 6829
9141 5289 6019
6019 5289 9141
5289 6019 9141
8469 627 12004
627 8469 12004
12004 627 8469
9385 3648 5748
3648 5748 9385
5748 3648 9385
11180 4453 10662
10662 4453 11180
4453 10662 11180
1027 3964 5454
5454 1027 3964
3964 1027 5454
7818 3514 8588
3514 7818 8588
8588 3514 7818
5628 1058 2288
1058 2288 5628
2288 1058 5628
947 1873 4588
1873 947 4588
4588 947 1873
13069 573 14146
573 13069 14146
14146 573 13069
5916 12800 13371
13371 5916 12800
12800 5916 13371
2368 3927 7892
3927 2368 7892
7892 2368 3927
12753 7421 10927
7421 10927 12753
10927 7421 12753
9643 2176 9191
9191 2176 9643
2176 9191 9643
1479 3730 5310
3730 1479 5310
5310 1479 3730
978 12466 14027
12466 978 14027
14027 978 12466
13542 6458 10192
6458 10192 13542
10192 6458 13542
4524 1792 10940
1792 4524 10940
10940 1792 4524
13444 8786 11897
11897 8786 13444
8786 11897 13444
976 4008 11014
4008 976 11014
11014 976 4008
1368 2059 4904
2059 1368 4904
4904 1368 2059
2015 2297 2359
2359 2015 2297
2297 2015 2359
1422 4938 14768
14768 1422 4938
4938 1422 14768
14926 7726 11727
7726 11727 14926
11727 7726 14926
1476 8739 12686
8739 1476 12686
12686 1476 8739
11650 8061 9330
8061 9330 11650
9330 8061 11650
12617 2746 2962
2746 2962 12617
2962 2746 12617
2266 95 836
95 836 2266
836 95 2266
11269 853 5053
5053 853 11269
853 5053 11269
5575 5451 12627
12627 5451 5575
5451 5575 12627
6975 5263 10521
10521 5263 6975
5263 6975 10521
126 213 1517
213 126 1517
1517 126 213
11198 291 1944
1944 291 11198
291 1944 11198
544 7108 14667
7108 544 14667
14667 544 7108
11047 4354 5445
4354 5445 11047
5445 4354 11047
13343 10406 10860
10406 10860 13343
10860 10406 13343
8134 385 1581
1581 385 8134
385 1581 8134
8968 2714 5229
2714 5229 8968
5229 2714 8968
2349 5740 6593
5740 2349 6593
6593 2349 5740
12126 1235 7718
1235 7718 12126
7718 1235 12126
13595 5123 7423
5123 7423 13595
7423 5123 13595
4214 2887 9068
2887 4214 9068
9068 2887 4214
14465 1576 2725
2725 1576 14465
1576 2725 14465
4918 203 3031
3031 203 4918
203 3031 4918
8808 3501 5699
5699 3501 8808
3501 5699 8808
11256 4899 10286
10286 4899 11256
4899 10286 11256
8026 1434 13160
1434 8026 13160
13160 1434 8026
9716 3669 14573
14573 3669 9716
3669 9716 14573
9017 13525 13799
13799 9017 13525
13525 9017 13799
409 3573 14148
14148 409 3573
3573 409 14148
5599 2834 9602
9602 2834 5599
2834 5599 9602
14895 6146 10403
6146 10403 14895
10403 6146 14895
10491 3622 14219
3622 10491 14219
14219 3622 10491
8621 11678 14696
11678 8621 14696
14696 8621 11678
13963 11631 12692
12692 11631 13963
11631 12692 13963
14418 2350 8481
2350 8481 14418
8481 2350 14418
4692 1798 9324
1798 4692 9324
9324 1798 4692
290 7389 13659
13659 290 7389
7389 290 13659
11653 9976 12875
9976 11653 12875
12875 9976 11653
2408 1080 2527
2527 1080 2408
1080 2408 2527
9282 4541 8903
8903 4541 9282
4541 8903 9282
4078 5061 14888
5061 4078 14888
14888 4078 5061
860 3375 13686
13686 860 3375
3375 860 13686
6578 6196 9360
6196 6578 9360
9360 6196 6578
10429 4263 10339
10339 4263 10429
4263 10339 10429
5083 4935 12465
4935 5083 12465
12465 4935 5083
11133 8728 9262
8728 9262 11133
9262 8728 11133
1481 3124 13326
13326 1481 3124
3124 1481 13326
697 11190 13481
13481 697 11190
11190 697 13481
6734 4663 4879
4879 4663 6734
4663 4879 6734
773 9922 11322
9922 773 11322
11322 773 9922
10234 3237 10804
10804 3237 10234
3237 10234 10804
2757 11076 14378
11076 2757 14378
14378 2757 11076
2996 4134 12123
4134 2996 12123
12123 2996 4134
11733 1951 14889
14889 1951 11733
1951 11733 14889
14425 6802 10640
6802 10640 14425
10640 6802 14425
12414 5309 12611
5309 12414 12611
12611 5309 12414
3765 2790 2965
2790 2965 3765
2965 2790 3765
6255 3401 7806
7806 3401 6255
3401 6255 7806
8865 1155 2686
2686 1155 8865
1155 2686 8865
7172 1069 9310
9310 1069 7172
1069 7172 9310
11910 11569 13953
11569 11910 13953
13953 11569 11910
75 5522 12242
5522 75 12242
12242 75 5522
9194 4889 13304
13304 4889 9194
4889 9194 13304
7541 3750 4203
3750 4203 7541
4203 3750 7541
8305 2600 6616
2600 6616 8305
6616 2600 8305
191 12010 14012
14012 191 12010
12010 191 14012
1774 9504 11724
11724 1774 9504
9504 1774 11724
2205 2280 11966
2280 2205 11966
11966 2205 2280
13804 2353 13113
2353 13113 13804
13113 2353 13804
2317 11366 12006
11366 2317 12006
12006 2317 11366
350 851 7571
851 350 7571
7571 350 851
6621 8693 12868
8693 6621 12868
12868 6621 8693
11406 3706 11751
3706 11406 11751
11751 3706 11406
5323 8962 12384
8962 5323 12384
12384 5323 8962
5124 5569 13416
5569 5124 13416
13416 5124 5569
11049 4174 11267
4174 11049 11267
11267 4174 11049
12366 4294 6942
6942 4294 12366
4294 6942 12366
8809 5929 8571
5929 8571 8809
8571 5929 8809
8827 10143 14673
14673 8827 10143
10143 8827 14673
10207 5184 14053
14053 5184 10207
5184 10207 14053
9899 10565 13991
10565 9899 13991
13991 9899 10565
10672 6779 12914
12914 6779 10672
6779 10672 12914
4318 5128 8642
5128 4318 8642
8642 4318 5128
1778 7673 14319
7673 1778 14319
14319 1778 7673
9422 4566 6586
4566 6586 9422
6586 4566 9422
11964 1975 8908
1975 8908 11964
8908 1975 11964
13005 12856 13211
13211 12856 13005
12856 13005 13211
6292 3291 9222
9222 3291 6292
3291 6292 9222
12057 4646 4898
4646 4898 12057
4898 4646 12057
5232 13897 14912
13897 5232 14912
14912 5232 13897
7983 3478 12422
3478 7983 12422
12422 3478 7983
13372 5198 8033
8033 5198 13372
5198 8033 13372
1527 6689 8675
6689 1527 8675
8675 1527 6689
1596 10512 13751
13751 1596 10512
10512 1596 13751
10516 661 12550
661 10516 12550
12550 661 10516
9723 1501 14669
1501 9723 14669
14669 1501 9723
12513 11238 12495
11238 12495 12513
12495 11238 12513
1622 9490 12520
9490 1622 12520
12520 1622 9490
176 1303 10034
1303 176 10034
10034 176 1303
8020 12587 12947
12947 8020 12587
12587 8020 12947
12952 4456 5631
4456 5631 12952
5631 4456 12952
417 10099 13341
13341 417 10099
10099 417 13341
10347 10305 10980
10305 10347 10980
10980 10305 10347
2907 1145 9268
1145 2907 9268
9268 1145 2907
134 7744 14715
7744 134 14715
14715 134 7744
1313 9449 10005
10005 1313 9449
9449 1313 10005
10218 1082 13927
13927 1082 10218
1082 10218 13927
14787 7860 12411
7860 12411 14787
12411 7860 14787
48 13100 14249
13100 48 14249
14249 48 13100
9944 8858 13390
13390 8858 9944
8858 9944 13390
612 11321 11385
11321 612 11385
11385 612 11321
6102 1910 2289
2289 1910 6102
1910 2289 6102
2833 11605 12050
12050 2833 11605
11605 2833 12050
8375 656 6864
656 6864 8375
6864 656 8375
6725 1560 8226
1560 6725 8226
8226 1560 6725
7083 4253 6185
4253 6185 7083
6185 4253 7083
404 5876 9400
9400 404 5876
5876 404 9400
13706 3371 9028
3371 9028 13706
9028 3371 13706
8108 5387 11881
11881 5387 8108
5387 8108 11881
7166 1879 11746
1879 7166 11746
11746 1879 7166
2506 1536 4638
1536 2506 4638
4638 1536 2506
600 8308 11310
8308 600 11310
11310 600 8308
7045 2586 5042
2586 5042 7045
5042 2586 7045
12943 3586 13498
13498 3586 12943
3586 12943 13498
6154 6935 7817
6935 6154 7817
7817 6154 6935
2731 8553 11291
11291 2731 8553
8553 2731 11291
3002 4761 12806
4761 3002 12806
12806 3002 4761
11549 4155 5430
5430 4155 11549
4155 5430 11549
1553 463 8476
8476 463 1553
463 1553 8476
2767 6839 9131
9131 2767 6839
6839 2767 9131
4152 10243 14421
10243 4152 14421
14421 4152 10243
2365 3120 4170
4170 2365 3120
3120 2365 4170
4004 258 10100
258 4004 10100
10100 258 4004
10036 5578 12449
5578 10036 12449
12449 5578 10036
11872 11411 14538
14538 11411 11872
11411 11872 14538
7036 1741 3330
1741 3330 7036
3330 1741 7036
2104 837 12623
837 2104 12623
12623 837 2104
13269 969 8851
969 8851 13269
8851 969 13269
431 4237 12031
4237 431 12031
12031 431 4237
2650 1162 6112
1162 2650 6112
6112 1162 2650
9054 4766 12642
12642 4766 9054
4766 9054 12642
149 3153 5788
5788 149 3153
3153 149 5788
11711 8529 11038
11038 8529 11711
8529 11038 11711
13166 6113 11508
6113 11508 13166
11508 6113 13166
14208 652 3117
652 3117 14208
3117 652 14208
214 3032 6367
3032 214 6367
6367 214 3032
11229 101 4917
101 4917 11229
4917 101 11229
12672 3803 3873
3873 3803 12672
3803 3873 12672
322 1662 6041
1662 322 6041
6041 322 1662
1943 3282 4985
3282 1943 4985
4985 1943 3282
5157 3430 5570
5570 3430 5157
3430 5157 5570
4895 11793 13797
13797 4895 11793
11793 4895 13797
3398 603 2498
2498 603 3398
603 2498 3398
13493 1787 5358
5358 1787 13493
1787 5358 13493
12730 5160 10545
10545 5160 12730
5160 10545 12730
11091 3677 14614
14614 3677 11091
3677 11091 14614
12442 2959 10255
10255 2959 12442
2959 10255 12442
3583 4303 14772
4303 3583 14772
14772 3583 4303
5564 6032 7449
6032 5564 7449
7449 5564 6032
14817 1096 9306
1096 9306 14817
9306 1096 14817
10285 11306 14000
11306 10285 14000
14000 10285 11306
577 224 9204
9204 224 577
224 577 9204
10508 10086 14385
10086 10508 14385
14385 10086 10508
14169 9322 10981
9322 10981 14169
10981 9322 14169
6261 3105 3318
3318 3105 6261
3105 3318 6261
5691 3961 11690
3961 5691 11690
11690 3961 5691
2080 5974 12310
12310 2080 5974
5974 2080 12310
12606 11636 14369
14369 11636 12606
11636 12606 14369
12999 815 8595
815 8595 12999
8595 815 12999
2673 9841 12811
12811 2673 9841
9841 2673 12811
863 440 8852
440 863 8852
8852 440 863
12445 10375 13816
13816 10375 12445
10375 12445 13816
432 389 10758
10758 389 432
389 432 10758
11248 843 2859
2859 843 11248
843 2859 11248
9113 152 11623
152 9113 11623
11623 152 9113
10795 1296 10158
10158 1296 10795
1296 10158 10795
118 3346 5887
3346 118 5887
5887 118 3346
11037 12403 14131
12403 11037 14131
14131 11037 12403
8700 9214 13066
9214 8700 13066
13066 8700 9214
9584 8340 13413
8340 9584 13413
13413 8340 9584
2804 808 11731
11731 808 2804
808 2804 11731
12523 9603 11109
9603 11109 12523
11109 9603 12523
10301 11641 13685
11641 10301 13685
13685 10301 11641
9714 4675 5780
5780 4675 9714
4675 5780 9714
12372 395 13842
13842 395 12372
395 12372 13842
3038 6537 13596
6537 3038 13596
13596 3038 6537
2370 9694 10772
9694 2370 10772
10772 2370 9694
11202 255 5085
255 5085 11202
5085 255 11202
11486 3390 13896
13896 3390 11486
3390 11486 13896
12134 4016 14984
4016 12134 14984
14984 4016 12134
9193 8140 12419
8140 9193 12419
12419 8140 9193
10356 5255 11557
5255 10356 11557
11557 5255 10356
10139 3889 14454
14454 3889 10139
3889 10139 14454
1981 2271 14722
14722 1981 2271
2271 1981 14722
14735 2615 3278
3278 2615 14735
2615 3278 14735
13056 4466 6459
4466 6459 13056
6459 4466 13056
12371 2943 4039
4039 2943 12371
2943 4039 12371
551 1900 14412
14412 551 1900
1900 551 14412
30 8563 9579
9579 30 8563
8563 30 9579
7769 7378 14945
14945 7378 7769
7378 7769 14945
14495 825 7585
7585 825 14495
825 7585 14495
4962 1149 9353
1149 4962 9353
9353 1149 4962
2604 6483 14172
6483 2604 14172
14172 2604 6483
2898 10553 14021
14021 2898 10553
10553 2898 14021
3416 310 6165
6165 310 3416
310 3416 6165
11221 4743 7314
4743 7314 11221
7314 4743 11221
3518 11661 12641
11661 3518 12641
12641 3518 11661
2208 4967 9870
4967 2208 9870
9870 2208 4967
13811 5881 7324
7324 5881 13811
5881 7324 13811
7870 11011 11171
11011 7870 11171
11171 7870 11011
5271 3734 8202
3734 5271 8202
8202 3734 5271
4384 5572 9675
9675 4384 5572
5572 4384 9675
4000 11527 14948
14948 4000 11527
11527 4000 14948
2761 5088 8232
5088 2761 8232
8232 2761 5088
6134 6508 7013
6508 6134 7013
7013 6134 6508
4012 1745 3405
3405 1745 4012
1745 3405 4012
4819 8309 12909
12909 4819 8309
8309 4819 12909
8470 8971 14734
8971 8470 14734
14734 8470 8971
6469 981 10372
10372 981 6469
981 6469 10372
1515 10344 10561
10344 1515 10561
10561 1515 10344
10023 1234 14793
14793 1234 10023
1234 10023 14793
8105 6726 12810
6726 8105 12810
12810 6726 8105
11272 11672 13285
13285 11272 11672
11672 11272 13285
453 3574 8510
8510 453 3574
3574 453 8510
10396 7728 9720
7728 9720 10396
9720 7728 10396
9845 975 11132
11132 975 9845
975 9845 11132
11220 347 12114
12114 347 11220
347 11220 12114
1987 7670 8424
8424 1987 7670
7670 1987 8424
9804 8566 12087
12087 8566 9804
8566 9804 12087
11436 2909 12041
2909 11436 12041
12041 2909 11436
11849 12809 13875
12809 11849 13875
13875 11849 12809
14225 4439 8679
4439 8679 14225
8679 4439 14225
8946 4285 5797
4285 5797 8946
5797 4285 8946
7309 1638 12844
12844 1638 7309
1638 7309 12844
11662 4634 5659
5659 4634 11662
4634 5659 11662
8229 4959 8861
4959 8229 8861
8861 4959 8229
3992 10332 13184
10332 3992 13184
13184 3992 10332
7825 1646 13281
13281 1646 7825
1646 7825 13281
9283 602 1831
602 1831 9283
1831 602 9283
5737 8441 14494
8441 5737 14494
14494 5737 8441
4209 2693 11765
2693 4209 11765
11765 2693 4209
8482 5866 10212
10212 5866 8482
5866 8482 10212
7241 3721 4530
3721 4530 7241
4530 3721 7241
6430 12318 14774
12318 6430 14774
14774 6430 12318
14133 2495 11009
2495 11009 14133
11009 2495 14133
1279 6521 11013
6521 1279 11013
11013 1279 6521
6168 6448 12693
6448 6168 12693
12693 6168 6448
10657 4707 14676
4707 10657 14676
14676 4707 10657
1264 9437 11155
11155 1264 9437
9437 1264 11155
785 2670 7888
7888 785 2670
2670 785 7888
6369 7636 11639
7636 6369 11639
11639 6369 7636
1612 8546 9438
9438 1612 8546
8546 1612 9438
8434 2672 7672
2672 7672 8434
7672 2672 8434
6818 19 3976
19 3976 6818
3976 19 6818
57 4092 9747
9747 57 4092
4092 57 9747
10284 5613 14283
5613 10284 14283
14283 5613 10284
7306 7417 7812
7812 7306 7417
7417 7306 7812
13317 3316 7435
7435 3316 13317
3316 7435 13317
724 2605 14852
2605 724 14852
14852 724 2605
4565 8537 13003
13003 4565 8537
8537 4565 13003
3728 2979 9808
9808 2979 3728
2979 3728 9808
10985 2360 14321
14321 2360 10985
2360 10985 14321
14142 2343 2592
2343 2592 14142
2592 2343 14142
10997 2278 8301
8301 2278 10997
2278 8301 10997
8203 8818 12612
12612 8203 8818
8818 8203 12612
1588 5943 13546
5943 1588 13546
13546 1588 5943
12616 1655 6217
1655 6217 12616
6217 1655 12616
11470 462 10444
10444 462 11470
462 10444 11470
582 4050 14201
14201 582 4050
4050 582 14201
9383 3115 12649
3115 9383 12649
12649 3115 9383
1267 2310 4989
2310 1267 4989
4989 1267 2310
14375 13920 14796
14796 13920 14375
13920 14375 14796
9961 4057 10159
4057 9961 10159
10159 4057 9961
10040 2351 7939
7939 2351 10040
2351 7939 10040
5189 2668 9842
9842 2668 5189
2668 5189 9842
7631 872 14256
872 7631 14256
14256 872 7631
14936 9545 14068
14068 9545 14936
9545 14068 14936
9069 3331 10775
10775 3331 9069
3331 9069 10775
12985 10472 11432
10472 11432 12985
11432 10472 12985
449 8336 13717
13717 449 8336
8336 449 13717
115 2145 14480
14480 115 2145
2145 115 14480
7496 1357 11884
11884 1357 7496
1357 7496 11884
3537 2461 14703
2461 3537 14703
14703 2461 3537
3512 8379 12272
8379 3512 12272
12272 3512 8379
81 2082 4592
4592 81 2082
2082 81 4592
10300 5075 12662
12662 5075 10300
5075 10300 12662
5248 272 2008
272 2008 5248
2008 272 5248
6339 10714 11776
11776 6339 10714
10714 6339 11776
7464 9658 12812
12812 7464 9658
9658 7464 12812
4371 2390 10002
10002 2390 4371
2390 4371 10002
12819 1120 3967
3967 1120 12819
1120 3967 12819
13051 11792 12858
11792 12858 13051
12858 11792 13051
2110 13303 13756
13756 2110 13303
13303 2110 13756
6 6190 8222
6190 6 8222
8222 6 6190
10615 5589 14401
14401 5589 10615
5589 10615 14401
4858 5772 12545
5772 4858 12545
12545 4858 5772
13605 2973 4165
2973 4165 13605
4165 2973 13605
907 2814 8845
8845 907 2814
2814 907 8845
12745 8661 14101
14101 8661 12745
8661 12745 14101
10557 753 4087
753 4087 10557
4087 753 10557
10087 6520 11234
6520 10087 11234
11234 6520 10087
8769 6327 10791
10791 6327 8769
6327 8769 10791
10579 2913 3874
3874 2913 10579
2913 3874 10579
8258 7964 13197
13197 7964 8258
7964 8258 13197
10186 1321 4674
1321 4674 10186
4674 1321 10186
10459 6029 6554
6029 6554 10459
6554 6029 10459
1672 6677 14214
14214 1672 6677
6677 1672 14214
13612 2952 11124
11124 2952 13612
2952 11124 13612
1667 10064 12426
12426 1667 10064
10064 1667 12426
379 6838 10550
10550 379 6838
6838 379 10550
2258 5511 12199
12199 2258 5511
5511 2258 12199
9905 4074 9834
9834 4074 9905
4074 9834 9905
3281 6335 14601
14601 3281 6335
6335 3281 14601
6350 8376 9232
9232 6350 8376
8376 6350 9232
7235 3048 3733
3733 3048 7235
3048 3733 7235
11207 3680 13019
3680 11207 13019
13019 3680 11207
3904 9266 9740
9740 3904 9266
9266 3904 9740
14008 2156 14742
2156 14008 14742
14742 2156 14008
7894 5494 11028
5494 7894 11028
11028 5494 7894
9993 2949 4577
2949 4577 9993
4577 2949 9993
11808 4587 13545
13545 4587 11808
4587 11808 13545
2005 4970 13949
13949 2005 4970
4970 2005 13949
6246 284 1402
284 1402 6246
1402 284 6246
13499 7035 11829
7035 11829 13499
11829 7035 13499
12296 9298 13704
13704 9298 12296
9298 12296 13704
11354 3246 4822
3246 4822 11354
4822 3246 11354
3170 842 3463
3463 842 3170
842 3170 3463
6444 5596 9343
9343 5596 6444
5596 6444 9343
11907 891 8777
891 8777 11907
8777 891 11907
13850 8826 13917
13917 8826 13850
8826 13850 13917
1001 13237 13714
13714 1001 13237
13237 1001 13714
1917 14892 14950
14950 1917 14892
14892 1917 14950
2000 6969 13455
13455 2000 6969
6969 2000 13455
2551 6770 11993
11993 2551 6770
6770 2551 11993
3887 1232 10957
10957 1232 3887
1232 3887 10957
7225 7875 8070
8070 7225 7875
7875 7225 8070
4859 5357 12459
5357 4859 12459
12459 4859 5357
4064 4885 12710
4885 4064 12710
12710 4064 4885
2028 10872 14386
14386 2028 10872
10872 2028 14386
13922 1113 9639
9639 1113 13922
1113 9639 13922
5164 7669 10290
10290 5164 7669
7669 5164 10290
10130 2325 14923
14923 2325 10130
2325 10130 14923
384 617 3774
3774 384 617
617 384 3774
2854 8887 14114
14114 2854 8887
8887 2854 14114
9696 3286 12766
3286 9696 12766
12766 3286 9696
1863 8129 11680
8129 1863 11680
11680 1863 8129
13783 1203 3924
3924 1203 13783
1203 3924 13783
2822 1851 9913
1851 2822 9913
9913 1851 2822
7183 5365 5775
5365 5775 7183
5775 5365 7183
2369 8348 9642
9642 2369 8348
8348 2369 9642
13492 4882 8958
8958 4882 13492
4882 8958 13492
6623 10318 13348
10318 6623 13348
13348 6623 10318
13512 9260 12514
9260 12514 13512
12514 9260 13512
6672 54 1810
54 1810 6672
1810 54 6672
4864 1504 6701
6701 1504 4864
1504 4864 6701
445 10988 12724
10988 445 12724
12724 445 10988
12829 7187 8171
8171 7187 12829
7187 8171 12829
5436 6518 14767
14767 5436 6518
6518 5436 14767
14670 10245 13852
13852 10245 14670
10245 13852 14670
12621 314 11230
314 11230 12621
11230 314 12621
13841 2838 6668
2838 6668 13841
6668 2838 13841
12137 6210 14617
14617 6210 12137
6210 12137 14617
14832 13362 13550
13550 13362 14832
13362 13550 14832
7550 7476 8712
8712 7476 7550
7476 7550 8712
9838 3821 11355
3821 9838 11355
11355 3821 9838
8390 11909 11927
11909 8390 11927
11927 8390 11909
11273 7143 10792
10792 7143 11273
7143 10792 11273
14476 361 9355
9355 361 14476
361 9355 14476
14576 1439 14258
14258 1439 14576
1439 14258 14576
7537 8799 13807
8799 7537 13807
13807 7537 8799
2362 1401 1797
1797 1401 2362
1401 1797 2362
12789 5305 12314
12314 5305 12789
5305 12314 12789
2528 3890 6811
6811 2528 3890
3890 2528 6811
3683 12981 13844
12981 3683 13844
13844 3683 12981
6805 427 7723
427 6805 7723
7723 427 6805
11276 3544 13466
13466 3544 11276
3544 11276 13466
1740 8947 12615
8947 1740 12615
12615 1740 8947
12362 3594 11066
11066 3594 12362
3594 11066 12362
13891 649 5283
5283 649 13891
649 5283 13891
9462 8097 14031
14031 8097 9462
8097 9462 14031
6960 3076 10728
10728 3076 6960
3076 6960 10728
6164 9540 13007
13007 6164 9540
9540 6164 13007
7886 7899 11191
7899 7886 11191
11191 7886 7899
691 4042 6480
6480 691 4042
4042 691 6480
5327 489 10177
10177 489 5327
489 5327 10177
14047 8363 9866
9866 8363 14047
8363 9866 14047
160 4606 12297
4606 160 12297
12297 160 4606
13086 1961 2475
2475 1961 13086
1961 2475 13086
4069 11961 12359
12359 4069 11961
11961 4069 12359
8901 3912 8617
3912 8617 8901
8617 3912 8901
9002 8445 8625
8445 8625 9002
8625 8445 9002
7370 2272 5003
2272 5003 7370
5003 2272 7370
14697 1541 6133
6133 1541 14697
1541 6133 14697
8832 6905 8562
6905 8562 8832
8562 6905 8832
14304 9210 13571
9210 13571 14304
13571 9210 14304
9814 11520 14759
11520 9814 14759
14759 9814 11520
5700 3317 14993
14993 3317 5700
3317 5700 14993
7115 2983 14675
2983 7115 14675
14675 2983 7115
10190 6781 10195
6781 10190 10195
10195 6781 10190
7146 2932 8448
8448 2932 7146
2932 7146 8448
4627 7272 12912
12912 4627 7272
7272 4627 12912
14489 4529 9742
4529 9742 14489
9742 4529 14489
10973 286 3794
286 3794 10973
3794 286 10973
10514 563 2855
563 2855 10514
2855 563 10514
6553 694 1624
1624 694 6553
694 1624 6553
10584 1650 10325
1650 10325 10584
10325 1650 10584
6280 5542 12231
5542 6280 12231
12231 5542 6280
10515 7344 8179
8179 7344 10515
7344 8179 10515
7854 1728 7966
1728 7854 7966
7966 1728 7854
1719 1220 7396
7396 1220 1719
1220 1719 7396
11736 471 9529
471 9529 11736
9529 471 11736
6585 6791 12381
6791 6585 12381
12381 6585 6791
14618 9582 10486
9582 10486 14618
10486 9582 14618
5331 12461 13780
13780 5331 12461
12461 5331 13780
9362 5993 9796
5993 9362 9796
9796 5993 9362
11558 11984 12454
11984 11558 12454
12454 11558 11984
6104 2132 7919
2132 6104 7919
7919 2132 6104
1404 83 5288
83 1404 5288
5288 83 1404
4295 4386 4583
4386 4295 4583
4583 4295 4386
9946 2972 6397
6397 2972 9946
2972 6397 9946
14029 9651 11882
11882 9651 14029
9651 11882 14029
545 2024 6950
6950 545 2024
2024 545 6950
624 354 7721
354 624 7721
7721 354 624
4279 6079 7227
7227 4279 6079
6079 4279 7227
3787 3884 4791
3884 3787 4791
4791 3787 3884
5739 436 3826
3826 436 5739
436 3826 5739
1257 11850 14884
11850 1257 14884
14884 1257 11850
11772 2782 7614
7614 2782 11772
2782 7614 11772
4321 10908 13087
13087 4321 10908
10908 4321 13087
10539 12177 12485
12177 10539 12485
12485 10539 12177
8302 3075 7186
3075 7186 8302
7186 3075 8302
13700 2539 8402
2539 8402 13700
8402 2539 13700
12986 3037 6529
3037 6529 12986
6529 3037 12986
13232 4444 11518
11518 4444 13232
4444 11518 13232
12864 6137 6178
6178 6137 12864
6137 6178 12864
12358 8738 10649
8738 10649 12358
10649 8738 12358
5126 4986 7356
4986 5126 7356
7356 4986 5126
14207 1813 3736
1813 3736 14207
3736 1813 14207
14716 12666 14721
12666 14716 14721
14721 12666 14716
14406 5682 5828
5828 5682 14406
5682 5828 14406
8794 1733 11735
1733 8794 11735
11735 1733 8794
3404 14428 14841
14428 3404 14841
14841 3404 14428
14100 12383 12386
12383 12386 14100
12386 12383 14100
6727 6714 10598
6714 6727 10598
10598 6714 6727
13773 655 11876
655 11876 13773
11876 655 13773
6142 3722 10052
10052 3722 6142
3722 6142 10052
10479 1057 7807
1057 7807 10479
7807 1057 10479
13124 3791 7697
7697 3791 13124
3791 7697 13124
13032 1077 1273
1077 1273 13032
1273 1077 13032
10504 3147 14346
3147 10504 14346
14346 3147 10504
3530 5499 8536
8536 3530 5499
5499 3530 8536
10170 7453 13161
13161 7453 10170
7453 10170 13161
5444 5690 6774
6774 5444 5690
5690 5444 6774
6653 8774 9650
9650 6653 8774
8774 6653 9650
5048 5254 10742
10742 5048 5254
5254 5048 10742
3178 1985 3077
1985 3077 3178
3077 1985 3178
9592 3713 13288
13288 3713 9592
3713 9592 13288
1575 3347 7068
3347 1575 7068
7068 1575 3347
8568 8283 10145
10145 8283 8568
8283 8568 10145
12215 6494 6917
6494 6917 12215
6917 6494 12215
6515 4802 11576
4802 6515 11576
11576 4802 6515
212 8475 11184
11184 212 8475
8475 212 11184
8635 12188 13899
12188 8635 13899
13899 8635 12188
10575 9175 9453
9453 9175 10575
9175 9453 10575
857 6321 11962
6321 857 11962
11962 857 6321
13678 4709 10901
10901 4709 13678
4709 10901 13678
5925 9500 9982
9982 5925 9500
9500 5925 9982
12768 14132 14991
14132 12768 14991
14991 12768 14132
12940 1692 14488
14488 1692 12940
1692 12940 14488
8466 1668 9622
9622 1668 8466
1668 8466 9622
11213 3022 3023
3023 3022 11213
3022 3023 11213
9811 4875 10706
4875 9811 10706
10706 4875 9811
2491 631 12330
12330 631 2491
631 2491 12330
8431 51 14885
51 8431 14885
14885 51 8431
11173 3242 7042
7042 3242 11173
3242 7042 11173
10126 5182 14706
5182 10126 14706
14706 5182 10126
3241 7872 8766
7872 3241 8766
8766 3241 7872
9090 11370 11442
11370 9090 11442
11442 9090 11370
13175 10367 14915
14915 10367 13175
10367 13175 14915
4001 2710 8438
2710 4001 8438
8438 2710 4001
13485 2633 12360
12360 2633 13485
2633 12360 13485
11199 7269 9480
7269 9480 11199
9480 7269 11199
13296 1163 7387
7387 1163 13296
1163 7387 13296
3420 7247 8925
7247 3420 8925
8925 3420 7247
12818 10891 11832
11832 10891 12818
10891 11832 12818
12634 8792 14143
8792 12634 14143
14143 8792 12634
774 7581 12830
12830 774 7581
7581 774 12830
908 2144 7943
2144 908 7943
7943 908 2144
13414 270 780
780 270 13414
270 780 13414
14251 685 5853
5853 685 14251
685 5853 14251
9995 2254 6821
2254 6821 9995
6821 2254 9995
10262 8725 10497
8725 10262 10497
10497 8725 10262
989 3035 6074
3035 989 6074
6074 989 3035
11757 2536 6414
6414 2536 11757
2536 6414 11757
498 5949 10458
5949 498 10458
10458 498 5949
2715 9815 11699
9815 2715 11699
11699 2715 9815
13856 8101 13429
13429 8101 13856
8101 13429 13856
87 7981 14754
7981 87 14754
14754 87 7981
10754 1089 14542
14542 1089 10754
1089 10754 14542
12321 2982 9782
9782 2982 12321
2982 9782 12321
4873 562 11749
562 4873 11749
11749 562 4873
6138 9094 12346
12346 6138 9094
9094 6138 12346
10020 4680 12960
4680 10020 12960
12960 4680 10020
14579 6010 14664
6010 14579 14664
14664 6010 14579
2151 4327 9800
9800 2151 4327
4327 2151 9800
13388 800 9314
800 9314 13388
9314 800 13388
3951 4271 4483
4271 3951 4483
4483 3951 4271
5023 10264 13820
10264 5023 13820
13820 5023 10264
7327 2413 6267
2413 6267 7327
6267 2413 7327
8857 1255 9457
9457 1255 8857
1255 8857 9457
5990 5486 6120
5486 5990 6120
6120 5486 5990
1322 3219 13795
13795 1322 3219
3219 1322 13795
14622 7298 13337
7298 13337 14622
13337 7298 14622
4861 1952 14746
14746 1952 4861
1952 4861 14746
12440 7693 11806
11806 7693 12440
7693 11806 12440
14331 6657 11308
11308 6657 14331
6657 11308 14331
6450 5032 7380
5032 6450 7380
7380 5032 6450
9987 5385 8406
5385 8406 9987
8406 5385 9987
10740 6454 13324
13324 6454 10740
6454 10740 13324
1678 8622 11144
11144 1678 8622
8622 1678 11144
13109 109 14668
109 13109 14668
14668 109 13109
14534 4110 12092
4110 12092 14534
12092 4110 14534
10970 1304 7680
1304 7680 10970
7680 1304 10970
3021 1098 12652
1098 3021 12652
12652 1098 3021
12997 6563 8161
6563 8161 12997
8161 6563 12997
304 424 12020
12020 304 424
424 304 12020
519 3121 6039
3121 519 6039
6039 519 3121
1000 7236 10910
7236 1000 10910
10910 1000 7236
6517 5723 11972
5723 6517 11972
11972 5723 6517
11094 7994 11319
11319 7994 11094
7994 11094 11319
2250 1513 2412
2412 1513 2250
1513 2250 2412
7130 9997 13981
13981 7130 9997
9997 7130 13981
801 14217 14922
14922 801 14217
14217 801 14922
6094 359 5630
359 5630 6094
5630 359 6094
5121 4442 5702
4442 5121 5702
5702 4442 5121
11592 11158 14953
11158 11592 14953
14953 11158 11592
3082 6854 7766
6854 3082 7766
7766 3082 6854
739 3655 9514
3655 739 9514
9514 739 3655
7969 10871 13398
13398 7969 10871
10871 7969 13398
10558 796 13994
13994 796 10558
796 10558 13994
8332 13172 14463
14463 8332 13172
13172 8332 14463
2856 2054 2547
2547 2054 2856
2054 2547 2856
10378 11433 12825
12825 10378 11433
11433 10378 12825
6437 3427 13171
3427 6437 13171
13171 3427 6437
6356 3211 12433
12433 3211 6356
3211 6356 12433
719 6491 11871
11871 719 6491
6491 719 11871
6837 2505 5338
5338 2505 6837
2505 5338 6837
13616 3000 12827
12827 3000 13616
3000 12827 13616
527 7640 9339
9339 527 7640
7640 527 9339
12475 4641 5922
4641 5922 12475
5922 4641 12475
3638 8932 14551
8932 3638 14551
14551 3638 8932
5265 11710 14437
11710 5265 14437
14437 5265 11710
1654 1186 11147
1186 1654 11147
11147 1186 1654
3699 4807 5111
4807 3699 5111
5111 3699 4807
10384 4114 13507
13507 4114 10384
4114 10384 13507
3798 7427 13387
7427 3798 13387
13387 3798 7427
13814 8032 8154
8154 8032 13814
8032 8154 13814
7445 9794 14374
9794 7445 14374
14374 7445 9794
12334 367 2674
367 2674 12334
2674 367 12334
13517 1094 14997
1094 13517 14997
14997 1094 13517
12121 3922 5873
5873 3922 12121
3922 5873 12121
4290 4502 10467
10467 4290 4502
4502 4290 10467
14797 6245 14560
6245 14560 14797
14560 6245 14797
2261 4372 8604
4372 2261 8604
8604 2261 4372
13826 6343 7612
6343 7612 13826
7612 6343 13826
12160 2038 6311
2038 6311 12160
6311 2038 12160
2720 8456 9629
9629 2720 8456
8456 2720 9629
13314 4246 13364
4246 13314 13364
13364 4246 13314
3536 5926 9571
5926 3536 9571
9571 3536 5926
11103 4987 6782
6782 4987 11103
4987 6782 11103
710 6815 11938
11938 710 6815
6815 710 11938
7139 5004 5170
5004 5170 7139
5170 5004 7139
8367 845 14594
845 8367 14594
14594 845 8367
12594 1842 12289
12289 1842 12594
1842 12289 12594
6035 14295 14851
14851 6035 14295
14295 6035 14851
1899 4474 6780
4474 1899 6780
6780 1899 4474
5897 1336 13249
1336 5897 13249
13249 1336 5897
11052 3535 14954
3535 11052 14954
14954 3535 11052
2057 1764 3149
3149 1764 2057
1764 2057 3149
12265 4835 12842
4835 12265 12842
12842 4835 12265
2497 5461 10925
10925 2497 5461
5461 2497 10925
4623 6355 13052
13052 4623 6355
6355 4623 13052
6541 3552 13483
3552 6541 13483
13483 3552 6541
1486 4331 5025
4331 1486 5025
5025 1486 4331
4096 2128 3044
2128 3044 4096
3044 2128 4096
13558 5480 11577
5480 11577 13558
11577 5480 13558
12608 311 14659
14659 311 12608
311 12608 14659
7401 302 10249
10249 302 7401
302 7401 10249
351 1300 10424
10424 351 1300
1300 351 10424
11794 1800 14651
14651 1800 11794
1800 11794 14651
14846 7039 14124
7039 14124 14846
14124 7039 14846
11388 6179 6319
6179 6319 11388
6319 6179 11388
13942 3532 14155
3532 13942 14155
14155 3532 13942
183 1346 11619
11619 183 1346
1346 183 11619
6801 11948 13664
13664 6801 11948
11948 6801 13664
11683 2007 13898
13898 2007 11683
2007 11683 13898
2548 2480 6493
6493 2480 2548
2480 2548 6493
13625 4289 10572
10572 4289 13625
4289 10572 13625
1006 699 9182
9182 699 1006
699 1006 9182
7128 3714 3981
3981 3714 7128
3714 3981 7128
6285 1112 2001
2001 1112 6285
1112 2001 6285
11476 2632 5941
5941 2632 11476
2632 5941 11476
12598 4920 13190
4920 12598 13190
13190 4920 12598
6320 4239 11931
4239 6320 11931
11931 4239 6320
6524 944 6862
6862 944 6524
944 6524 6862
2165 7123 9337
7123 2165 9337
9337 2165 7123
11449 7615 14367
7615 11449 14367
14367 7615 11449
6034 4272 6016
6016 4272 6034
4272 6016 6034
4936 1617 6892
1617 4936 6892
6892 1617 4936
1989 5707 12936
12936 1989 5707
5707 1989 12936
2091 5904 11053
5904 2091 11053
11053 2091 5904
5180 3489 11035
3489 5180 11035
11035 3489 5180
8293 2534 8871
8871 2534 8293
2534 8293 8871
10942 5074 14070
14070 5074 10942
5074 10942 14070
4626 5466 6313
6313 4626 5466
5466 4626 6313
725 10716 13861
10716 725 13861
13861 725 10716
14061 9015 11102
11102 9015 14061
9015 11102 14061
12399 9226 9671
9226 9671 12399
9671 9226 12399
5066 10390 12589
12589 5066 10390
10390 5066 12589
4768 8630 14701
14701 4768 8630
8630 4768 14701
687 1210 11715
1210 687 11715
11715 687 1210
10167 2447 3336
3336 2447 10167
2447 3336 10167
5047 2327 12878
2327 5047 12878
12878 2327 5047
9897 5611 5634
5634 5611 9897
5611 5634 9897
3326 6441 8643
8643 3326 6441
6441 3326 8643
11303 4312 10711
10711 4312 11303
4312 10711 11303
11842 6675 8280
6675 8280 11842
8280 6675 11842
278 7599 8484
8484 278 7599
7599 278 8484
13292 2243 10801
2243 10801 13292
10801 2243 13292
4679 3630 9616
9616 3630 4679
3630 4679 9616
10619 1595 6433
6433 1595 10619
1595 6433 10619
14135 10259 10748
10748 10259 14135
10259 10748 14135
10439 832 14597
14597 832 10439
832 10439 14597
6680 5482 13945
5482 6680 13945
13945 5482 6680
2640 8121 14001
14001 2640 8121
8121 2640 14001
7479 1332 14163
1332 7479 14163
14163 1332 7479
5093 1845 4514
1845 4514 5093
4514 1845 5093
14436 9116 10845
10845 9116 14436
9116 10845 14436
8089 7625 11000
11000 7625 8089
7625 8089 11000
3804 5896 10068
10068 3804 5896
5896 3804 10068
14629 3732 5837
3732 5837 14629
5837 3732 14629
1361 993 11025
11025 993 1361
993 1361 11025
7996 4598 9126
4598 7996 9126
9126 4598 7996
14154 3710 7790
7790 3710 14154
3710 7790 14154
142 97 1854
97 142 1854
1854 97 142
13373 10219 12977
10219 12977 13373
12977 10219 13373
11274 9423 12939
12939 9423 11274
9423 11274 12939
11809 12276 14606
14606 11809 12276
12276 11809 14606
5335 7469 9778
7469 5335 9778
9778 5335 7469
4521 5957 13798
13798 4521 5957
5957 4521 13798
1973 6101 10202
6101 1973 10202
10202 1973 6101
10296 3409 6273
3409 6273 10296
6273 3409 10296
5764 571 2666
2666 571 5764
571 2666 5764
5980 4739 9839
9839 4739 5980
4739 5980 9839
13739 1656 10935
1656 10935 13739
10935 1656 13739
5637 2200 8599
2200 5637 8599
8599 2200 5637
2284 6928 10843
6928 2284 10843
10843 2284 6928
10031 10517 13629
13629 10031 10517
10517 10031 13629
7851 10482 13438
13438 7851 10482
10482 7851 13438
14686 4015 6876
4015 6876 14686
6876 4015 14686
5132 13105 13229
13229 5132 13105
13105 5132 13229
7805 2942 7803
7803 2942 7805
2942 7803 7805
13713 2922 14840
14840 2922 13713
2922 13713 14840
10978 3067 14448
14448 3067 10978
3067 10978 14448
12447 8198 13242
8198 12447 13242
13242 8198 12447
7953 4021 5867
4021 5867 7953
5867 4021 7953
3772 7198 11644
11644 3772 7198
7198 3772 11644
11195 2456 8194
8194 2456 11195
2456 8194 11195
4906 4651 7101
4651 4906 7101
7101 4651 4906
14023 274 3502
3502 274 14023
274 3502 14023
11178 1531 4292
4292 1531 11178
1531 4292 11178
3833 11759 14838
14838 3833 11759
11759 3833 14838
11988 4827 9367
9367 4827 11988
4827 9367 11988
13085 3458 9144
3458 9144 13085
9144 3458 13085
12026 1132 9526
9526 1132 12026
1132 9526 12026
8929 886 14440
14440 886 8929
886 8929 14440
1530 619 4811
619 1530 4811
4811 619 1530
6463 6373 13597
6373 6463 13597
13597 6373 6463
11729 1621 8159
8159 1621 11729
1621 8159 11729
6474 7316 9648
7316 6474 9648
9648 6474 7316
7908 6834 11479
6834 7908 11479
11479 6834 7908
11914 2423 9753
2423 9753 11914
9753 2423 11914
1117 507 9565
507 1117 9565
9565 507 1117
12755 1389 12210
1389 12210 12755
12210 1389 12755
3835 4801 14212
14212 3835 4801
4801 3835 14212
12200 2819 5191
5191 2819 12200
2819 5191 12200
7407 7569 14326
14326 7407 7569
7569 7407 14326
8216 6005 11843
6005 8216 11843
11843 6005 8216
10966 9448 10129
10129 9448 10966
9448 10129 10966
13397 11865 13227
13227 11865 13397
11865 13227 13397
10029 4708 5523
4708 5523 10029
5523 4708 10029
12913 1323 13796
1323 12913 13796
13796 1323 12913
10460 727 6471
727 6471 10460
6471 727 10460
11634 7835 8437
8437 7835 11634
7835 8437 11634
5467 1759 7587
1759 5467 7587
7587 1759 5467
6731 9253 14737
9253 6731 14737
14737 6731 9253
3005 7026 7623
7623 3005 7026
7026 3005 7623
9255 668 14642
14642 668 9255
668 9255 14642
8054 1853 10635
10635 1853 8054
1853 8054 10635
2427 3533 11129
3533 2427 11129
11129 2427 3533
14608 926 11211
11211 926 14608
926 11211 14608
6737 642 6717
6717 642 6737
642 6717 6737
10943 7920 12203
7920 10943 12203
12203 7920 10943
9195 1802 10016
1802 9195 10016
10016 1802 9195
10666 829 14287
829 10666 14287
14287 829 10666
4984 8854 10599
10599 4984 8854
8854 4984 10599
3230 711 2455
2455 711 3230
711 2455 3230
4688 10863 13523
13523 4688 10863
10863 4688 13523
10239 8014 13463
8014 10239 13463
13463 8014 10239
4026 5324 12457
5324 4026 12457
12457 4026 5324
420 755 5681
755 420 5681
5681 420 755
2948 4894 12502
4894 2948 12502
12502 2948 4894
1419 7559 7845
7845 1419 7559
7559 1419 7845
3934 1676 10898
1676 3934 10898
10898 1676 3934
14048 1521 9192
1521 9192 14048
9192 1521 14048
4723 3333 7195
7195 3333 4723
3333 4723 7195
7163 5623 11160
5623 7163 11160
11160 5623 7163
11802 6328 10333
10333 6328 11802
6328 10333 11802
12737 7758 9792
9792 7758 12737
7758 9792 12737
8868 3461 5632
5632 3461 8868
3461 5632 8868
12035 4700 14262
4700 12035 14262
14262 4700 12035
14276 2630 6715
2630 6715 14276
6715 2630 14276
444 9287 11446
11446 444 9287
9287 444 11446
