1369 803 834
834 803 1369
803 834 1369
6 761 1076
761 6 1076
1076 6 761
1296 772 1398
1398 772 1296
772 1296 1398
935 246 1140
246 935 1140
1140 246 935
412 1201 1211
1211 412 1201
1201 412 1211
570 157 367
367 157 570
157 367 570
213 662 1027
662 213 1027
1027 213 662
909 1034 1322
1034 909 1322
1322 909 1034
1421 226 661
226 661 1421
661 226 1421
354 404 1457
1457 354 404
404 354 1457
1087 1121 1301
1121 1087 1301
1301 1087 1121
155 722 744
722 155 744
744 155 722
1093 146 974
146 974 1093
974 146 1093
1277 28 869
869 28 1277
28 869 1277
626 141 1422
1422 141 626
141 626 1422
916 53 512
512 53 916
53 512 916
770 59 1471
1471 59 770
59 770 1471
1475 1130 1345
1345 1130 1475
1130 1345 1475
1315 269 535
535 269 1315
269 535 1315
480 774 1082
774 480 1082
1082 480 774
459 498 877
498 459 877
877 459 498
1107 236 788
788 236 1107
236 788 1107
388 109 298
298 109 388
109 298 388
18 247 1473
1473 18 247
247 18 1473
1097 1073 1336
1336 1073 1097
1073 1097 1336
65 923 1452
1452 65 923
923 65 1452
135 93 513
513 93 135
93 135 513
216 827 1305
1305 216 827
827 216 1305
608 419 1423
1423 419 608
419 608 1423
552 609 1297
609 552 1297
1297 552 609
124 188 389
188 124 389
389 124 188
611 131 278
131 278 611
278 131 611
763 3 1153
1153 3 763
3 763 1153
270 640 655
655 270 640
640 270 655
855 472 1219
472 855 1219
1219 472 855
945 192 612
612 192 945
192 612 945
29 12 1276
12 29 1276
1276 12 29
831 1035 1258
1035 831 1258
1258 831 1035
1200 305 519
305 519 1200
519 305 1200
850 376 562
562 376 850
376 562 850
1351 204 1284
204 1284 1351
1284 204 1351
1178 499 914
914 499 1178
499 914 1178
1019 582 764
764 582 1019
582 764 1019
522 47 303
47 303 522
303 47 522
1468 369 1146
1146 369 1468
369 1146 1468
1096 469 1020
469 1020 1096
1020 469 1096
1400 84 842
842 84 1400
84 842 1400
603 185 687
687 185 603
185 603 687
1042 302 622
302 622 1042
622 302 1042
351 871 1050
1050 351 871
871 351 1050
982 345 547
345 547 982
547 345 982
237 2 312
312 2 237
2 237 312
161 240 825
825 161 240
240 161 825
805 596 1415
1415 596 805
596 805 1415
1155 821 1006
1006 821 1155
821 1006 1155
422 295 1321
1321 295 422
295 422 1321
245 629 951
629 245 951
951 245 629
1230 52 571
52 571 1230
571 52 1230
1214 748 1313
748 1214 1313
1313 748 1214
514 835 943
943 514 835
835 514 943
584 643 1237
643 584 1237
1237 584 643
162 26 912
912 26 162
26 162 912
1202 873 987
987 873 1202
873 987 1202
1453 174 263
263 174 1453
174 263 1453
516 195 1412
1412 195 516
195 516 1412
1432 865 1294
1294 865 1432
865 1294 1432
40 105 1402
1402 40 105
105 40 1402
1395 27 299
299 27 1395
27 299 1395
754 358 1373
1373 358 754
358 754 1373
905 931 1464
931 905 1464
1464 905 931
742 996 1047
1047 742 996
996 742 1047
328 365 692
692 328 365
365 328 692
1397 601 1063
601 1063 1397
1063 601 1397
452 435 868
868 435 452
435 452 868
767 970 1442
1442 767 970
970 767 1442
228 151 870
870 151 228
151 228 870
650 90 297
297 90 650
90 297 650
1474 126 1445
126 1445 1474
1445 126 1474
743 266 849
849 266 743
266 743 849
1405 799 1444
799 1405 1444
1444 799 1405
262 633 1335
1335 262 633
633 262 1335
249 416 1088
1088 249 416
416 249 1088
1467 71 1067
1067 71 1467
71 1067 1467
132 721 1068
1068 132 721
721 132 1068
1162 123 739
123 739 1162
739 123 1162
864 1161 1330
1161 864 1330
1330 864 1161
1447 273 826
826 273 1447
273 826 1447
1150 698 1365
1365 698 1150
698 1150 1365
78 96 829
829 78 96
96 78 829
1407 994 1417
1417 994 1407
994 1407 1417
621 30 690
30 621 690
690 30 621
597 117 1418
1418 117 597
117 597 1418
1216 407 1113
407 1113 1216
1113 407 1216
381 332 1175
332 381 1175
1175 332 381
1167 674 714
714 674 1167
674 714 1167
307 143 954
143 307 954
954 143 307
463 82 708
708 82 463
82 463 708
511 359 1108
359 511 1108
1108 359 511
787 172 301
172 301 787
301 172 787
1370 618 620
620 618 1370
618 620 1370
1160 789 989
789 989 1160
989 789 1160
311 617 1289
1289 311 617
617 311 1289
804 1031 1279
1279 804 1031
1031 804 1279
487 545 780
780 487 545
545 487 780
807 464 1177
1177 464 807
464 807 1177
1148 769 900
769 900 1148
900 769 1148
300 1086 1486
1486 300 1086
1086 300 1486
206 995 1001
1001 206 995
995 206 1001
331 11 223
11 223 331
223 11 331
1346 197 317
197 317 1346
317 197 1346
1105 1172 1461
1461 1105 1172
1172 1105 1461
579 445 934
934 445 579
445 579 934
106 901 1184
1184 106 901
901 106 1184
737 642 939
642 737 939
939 642 737
1090 102 200
200 102 1090
102 200 1090
930 45 846
45 846 930
846 45 930
1123 1241 1329
1329 1123 1241
1241 1123 1329
1436 792 1115
792 1115 1436
1115 792 1436
17 523 980
980 17 523
523 17 980
1401 429 1460
1460 429 1401
429 1401 1460
728 62 285
62 285 728
285 62 728
103 502 1104
1104 103 502
502 103 1104
1408 344 637
637 344 1408
344 637 1408
746 122 1411
1411 122 746
122 746 1411
1212 1072 1261
1261 1072 1212
1072 1212 1261
1143 822 1288
822 1143 1288
1288 822 1143
198 670 1459
670 198 1459
1459 198 670
180 139 1124
139 180 1124
1124 139 180
1183 854 886
886 854 1183
854 886 1183
1394 355 1236
355 1236 1394
1236 355 1394
168 1368 1433
1433 168 1368
1368 168 1433
1425 546 575
575 546 1425
546 575 1425
64 207 1341
1341 64 207
207 64 1341
815 10 542
542 10 815
10 542 815
130 420 738
738 130 420
420 130 738
797 340 411
340 411 797
411 340 797
1111 219 647
219 647 1111
647 219 1111
646 1138 1205
1205 646 1138
1138 646 1205
731 718 1181
1181 718 731
718 731 1181
717 315 709
315 709 717
709 315 717
1182 291 1331
1331 291 1182
291 1182 1331
537 390 1307
1307 390 537
390 537 1307
1125 19 671
671 19 1125
19 671 1125
1170 599 907
907 599 1170
599 907 1170
1496 555 602
555 602 1496
602 555 1496
108 125 1492
1492 108 125
125 108 1492
1238 183 998
183 998 1238
998 183 1238
426 79 178
79 178 426
178 79 426
1334 723 1164
723 1164 1334
1164 723 1334
167 838 1281
838 167 1281
1281 167 838
529 352 696
352 529 696
696 352 529
231 423 811
811 231 423
423 231 811
275 551 627
627 275 551
551 275 627
1316 414 937
937 414 1316
414 937 1316
437 1413 1428
1428 437 1413
1413 437 1428
1023 700 1017
1017 700 1023
700 1017 1023
644 83 1049
1049 83 644
83 644 1049
844 175 1299
1299 175 844
175 844 1299
733 173 1264
173 733 1264
1264 173 733
955 129 624
624 129 955
129 624 955
677 1228 1403
1228 677 1403
1403 677 1228
154 115 1458
1458 115 154
115 154 1458
87 1192 1477
1192 87 1477
1477 87 1192
156 992 1485
1485 156 992
992 156 1485
1129 853 1242
853 1129 1242
1242 853 1129
701 941 1420
941 701 1420
1420 701 941
1416 194 940
194 940 1416
940 194 1416
506 350 1481
350 506 1481
1481 350 506
171 1166 1298
1298 171 1166
1166 171 1298
385 282 820
282 385 820
820 282 385
950 159 428
428 159 950
159 428 950
576 20 409
20 409 576
409 20 576
140 142 678
142 140 678
678 140 142
284 304 1293
1293 284 304
304 284 1293
267 395 1304
1304 267 395
395 267 1304
233 727 917
917 233 727
727 233 917
378 634 1491
1491 378 634
634 378 1491
383 425 1348
1348 383 425
425 383 1348
903 25 57
57 25 903
25 57 903
1465 732 1039
1039 732 1465
732 1039 1465
439 244 1102
244 439 1102
1102 244 439
1291 1054 1209
1209 1054 1291
1054 1209 1291
530 421 1119
1119 421 530
421 530 1119
1142 1244 1340
1340 1142 1244
1244 1142 1340
1406 89 1008
1008 89 1406
89 1008 1406
181 716 1151
1151 181 716
716 181 1151
856 277 897
897 277 856
277 856 897
465 433 1338
433 465 1338
1338 433 465
1243 635 852
852 635 1243
635 852 1243
1163 144 462
462 144 1163
144 462 1163
49 21 1010
1010 21 49
21 49 1010
965 403 1410
1410 403 965
403 965 1410
259 613 946
613 259 946
946 259 613
1190 214 1059
1059 214 1190
214 1059 1190
1147 116 859
859 116 1147
116 859 1147
1443 1248 1318
1318 1248 1443
1248 1318 1443
508 1144 1197
1144 508 1197
1197 508 1144
489 110 1231
1231 110 489
110 489 1231
949 632 1132
632 949 1132
1132 632 949
201 625 1478
625 201 1478
1478 201 625
882 1028 1229
1229 882 1028
1028 882 1229
1066 166 321
321 166 1066
166 321 1066
36 636 893
636 36 893
893 36 636
918 491 1033
1033 491 918
491 918 1033
527 264 1359
264 527 1359
1359 264 527
888 229 1409
229 888 1409
1409 229 888
239 14 330
14 239 330
330 14 239
885 100 1498
1498 100 885
100 885 1498
783 318 544
544 318 783
318 544 783
382 392 942
942 382 392
392 382 942
961 1078 1493
1493 961 1078
1078 961 1493
1252 591 1438
1438 591 1252
591 1252 1438
1120 466 1390
466 1120 1390
1390 466 1120
413 165 1500
165 413 1500
1500 165 413
1232 1100 1309
1100 1232 1309
1309 1100 1232
274 486 676
486 274 676
676 274 486
1075 265 706
265 706 1075
706 265 1075
1043 689 911
911 689 1043
689 911 1043
693 32 493
32 493 693
493 32 693
1476 186 691
691 186 1476
186 691 1476
1495 606 680
606 680 1495
680 606 1495
983 474 1185
1185 474 983
474 983 1185
366 250 393
393 250 366
250 366 393
127 1069 1352
1352 127 1069
1069 127 1352
70 1152 1157
1157 70 1152
1152 70 1157
531 568 1114
568 531 1114
1114 531 568
1441 928 986
986 928 1441
928 986 1441
581 460 501
460 501 581
501 460 581
91 58 641
58 91 641
641 58 91
160 657 1176
657 160 1176
1176 160 657
373 490 891
490 373 891
891 373 490
353 1267 1380
1380 353 1267
1267 353 1380
494 208 361
208 361 494
361 208 494
973 203 448
203 448 973
448 203 973
222 500 1389
1389 222 500
500 222 1389
1007 832 1134
832 1007 1134
1134 832 1007
1286 1207 1218
1207 1218 1286
1218 1207 1286
971 933 1324
1324 933 971
933 971 1324
720 932 976
932 720 976
976 720 932
503 42 656
656 42 503
42 503 656
894 505 778
778 505 894
505 778 894
268 56 817
817 56 268
56 268 817
509 569 1327
569 509 1327
1327 509 569
189 681 1427
681 189 1427
1427 189 681
230 557 758
557 230 758
758 230 557
667 8 286
286 8 667
8 286 667
69 567 1499
1499 69 567
567 69 1499
308 158 536
536 158 308
158 308 536
118 205 1131
205 118 1131
1131 118 205
521 417 1383
1383 417 521
417 521 1383
1426 775 915
775 915 1426
915 775 1426
1040 592 688
592 688 1040
688 592 1040
675 43 337
43 337 675
337 43 675
1095 590 1013
590 1013 1095
1013 590 1095
1057 476 1300
476 1057 1300
1300 476 1057
1290 1253 1377
1253 1290 1377
1377 1253 1290
1357 981 990
990 981 1357
981 990 1357
1199 137 1135
137 1135 1199
1135 137 1199
966 190 948
190 948 966
948 190 966
217 384 703
384 217 703
703 217 384
225 292 1194
1194 225 292
292 225 1194
94 296 485
485 94 296
296 94 485
685 150 896
896 150 685
150 685 896
964 588 614
588 614 964
614 588 964
724 4 741
741 4 724
4 724 741
560 561 791
561 560 791
791 560 561
1026 862 1489
862 1026 1489
1489 862 1026
554 187 779
187 554 779
779 187 554
1272 1052 1239
1239 1052 1272
1052 1239 1272
443 145 686
145 443 686
686 145 443
1312 600 1180
1180 600 1312
600 1180 1312
786 241 520
241 520 786
520 241 786
969 379 922
922 379 969
379 922 969
1349 908 1254
1254 908 1349
908 1254 1349
839 66 967
66 839 967
967 66 839
587 1074 1384
1384 587 1074
1074 587 1384
61 757 1274
757 61 1274
1274 61 757
377 694 762
694 377 762
762 377 694
1419 60 878
60 878 1419
878 60 1419
1273 38 616
38 616 1273
616 38 1273
479 944 1191
944 479 1191
1191 479 944
925 85 1222
85 925 1222
1222 85 925
808 441 1275
1275 441 808
441 808 1275
54 95 1388
95 54 1388
1388 54 95
327 1271 1337
1337 327 1271
1271 327 1337
1112 707 1311
1311 707 1112
707 1112 1311
164 549 947
947 164 549
549 164 947
659 648 1434
1434 648 659
648 659 1434
121 347 860
347 121 860
860 121 347
1251 1024 1062
1062 1024 1251
1024 1062 1251
1382 320 751
320 751 1382
751 320 1382
1245 713 1116
1116 713 1245
713 1116 1245
1306 605 711
605 711 1306
711 605 1306
1060 660 921
921 660 1060
660 921 1060
695 338 828
828 338 695
338 695 828
963 432 875
875 432 963
432 875 963
517 488 782
488 517 782
782 488 517
324 1171 1367
1367 324 1171
1171 324 1367
450 777 1118
1118 450 777
777 450 1118
1217 457 765
457 765 1217
765 457 1217
639 454 1347
454 639 1347
1347 454 639
857 510 1016
510 857 1016
1016 510 857
63 396 895
895 63 396
396 63 895
1081 492 1234
492 1081 1234
1234 492 1081
1497 86 470
470 86 1497
86 470 1497
1435 44 623
44 623 1435
623 44 1435
1262 386 837
837 386 1262
386 837 1262
843 387 1061
387 843 1061
1061 387 843
257 147 1109
147 257 1109
1109 147 257
1077 926 1371
926 1077 1371
1371 926 1077
638 23 1392
23 638 1392
1392 23 638
1226 98 979
98 979 1226
979 98 1226
1065 138 1353
1353 138 1065
138 1065 1353
848 179 482
179 482 848
482 179 848
795 475 766
475 766 795
766 475 795
1041 583 1139
583 1041 1139
1139 583 1041
1376 391 1328
1328 391 1376
391 1328 1376
1210 322 841
841 322 1210
322 841 1210
566 424 810
424 566 810
810 424 566
1440 256 550
256 550 1440
550 256 1440
120 1 1449
1449 1 120
1 120 1449
975 253 679
253 679 975
679 253 975
1480 594 1136
1136 594 1480
594 1136 1480
1084 471 1064
1064 471 1084
471 1064 1084
1173 289 1484
289 1173 1484
1484 289 1173
1323 294 1221
1221 294 1323
294 1221 1323
952 578 1036
1036 578 952
578 952 1036
734 1250 1278
1250 734 1278
1278 734 1250
1450 242 260
242 260 1450
260 242 1450
334 518 985
518 334 985
985 334 518
1466 370 725
725 370 1466
370 725 1466
534 745 1488
745 534 1488
1488 534 745
790 319 446
446 319 790
319 446 790
1325 619 809
619 809 1325
809 619 1325
818 92 375
92 375 818
375 92 818
1165 342 515
342 515 1165
515 342 1165
1071 1314 1333
1314 1071 1333
1333 1071 1314
802 615 1342
615 802 1342
1342 615 802
1225 1126 1431
1431 1126 1225
1126 1225 1431
280 16 478
16 280 478
478 16 280
227 48 1092
48 227 1092
1092 48 227
212 397 1356
397 212 1356
1356 212 397
1188 191 434
191 434 1188
434 191 1188
1472 343 607
343 607 1472
607 343 1472
255 863 1038
863 255 1038
1038 255 863
906 726 1009
726 906 1009
1009 726 906
276 406 589
589 276 406
406 276 589
458 1363 1393
1393 458 1363
1363 458 1393
1101 1018 1479
1479 1018 1101
1018 1101 1479
1454 451 858
858 451 1454
451 858 1454
593 272 1387
1387 272 593
272 593 1387
1302 254 929
254 929 1302
929 254 1302
1000 564 1455
564 1000 1455
1455 564 1000
309 368 371
371 309 368
368 309 371
113 220 715
715 113 220
220 113 715
1399 430 883
883 430 1399
430 883 1399
653 902 957
957 653 902
902 653 957
55 243 847
847 55 243
243 55 847
580 1030 1470
1470 580 1030
1030 580 1470
341 440 444
440 341 444
444 341 440
483 645 668
645 483 668
668 483 645
22 24 664
24 22 664
664 22 24
148 1083 1451
1083 148 1451
1451 148 1083
1204 336 1375
1375 336 1204
336 1204 1375
218 258 1058
1058 218 258
258 218 1058
1098 755 1025
1025 755 1098
755 1025 1098
879 76 1127
1127 76 879
76 879 1127
526 504 1490
1490 504 526
504 526 1490
77 372 1265
372 77 1265
1265 77 372
497 798 1044
1044 497 798
798 497 1044
1310 81 101
81 101 1310
101 81 1310
455 663 1462
663 455 1462
1462 455 663
753 1287 1374
1287 753 1374
1374 753 1287
7 224 953
224 7 953
953 7 224
68 920 1483
920 68 1483
1483 68 920
631 540 1089
540 631 1089
1089 540 631
1189 910 1014
910 1014 1189
1014 910 1189
449 872 919
872 449 919
919 449 872
541 796 887
796 541 887
887 541 796
740 572 682
572 682 740
682 572 740
1117 221 658
221 658 1117
658 221 1117
1249 456 1280
456 1249 1280
1280 456 1249
46 993 1233
993 46 1233
1233 46 993
1282 418 1168
418 1168 1282
1168 418 1282
310 88 170
170 88 310
88 170 310
1269 467 1227
467 1227 1269
1227 467 1269
558 374 1259
1259 374 558
374 558 1259
33 380 924
380 33 924
924 33 380
1355 37 801
37 801 1355
801 37 1355
684 196 610
196 610 684
610 196 684
1174 899 1358
899 1174 1358
1358 899 1174
453 348 997
997 348 453
348 453 997
1385 936 1137
936 1137 1385
1137 936 1385
1386 316 574
574 316 1386
316 574 1386
984 538 1437
1437 538 984
538 984 1437
346 182 1378
182 346 1378
1378 182 346
252 1154 1169
1169 252 1154
1154 252 1169
362 281 1158
1158 281 362
281 362 1158
1487 533 867
533 867 1487
867 533 1487
806 51 781
781 51 806
51 781 806
1424 251 1056
1056 251 1424
251 1056 1424
1141 525 956
525 956 1141
956 525 1141
1446 524 1362
1362 524 1446
524 1362 1446
1332 447 1430
447 1332 1430
1430 447 1332
35 958 1372
958 35 1372
1372 35 958
176 5 729
5 176 729
729 5 176
1268 630 840
630 840 1268
840 630 1268
1079 812 1015
1015 812 1079
812 1015 1079
880 710 1193
1193 710 880
710 880 1193
1404 823 1029
823 1029 1404
1029 823 1404
833 704 1354
704 833 1354
1354 704 833
1005 968 1366
1366 968 1005
968 1005 1366
1463 149 293
293 149 1463
149 293 1463
72 977 1379
1379 72 977
977 72 1379
438 719 1319
1319 438 719
719 438 1319
1439 111 1360
111 1360 1439
1360 111 1439
991 279 323
279 323 991
323 279 991
1429 559 730
559 730 1429
730 559 1429
1414 356 1448
356 1414 1448
1448 356 1414
553 1094 1106
1106 553 1094
1094 553 1106
153 431 484
431 153 484
484 153 431
468 238 329
238 329 468
329 238 468
436 577 1159
577 436 1159
1159 436 577
749 199 672
199 672 749
672 199 749
1295 232 702
702 232 1295
232 702 1295
819 134 1103
1103 134 819
134 819 1103
34 99 1048
1048 34 99
99 34 1048
532 892 1179
1179 532 892
892 532 1179
209 133 699
699 133 209
133 209 699
959 415 845
415 845 959
845 415 959
67 360 1002
1002 67 360
360 67 1002
735 74 1303
74 735 1303
1303 74 735
585 400 1292
1292 400 585
400 585 1292
394 202 1344
1344 202 394
202 394 1344
565 114 290
114 290 565
290 114 565
107 210 1391
1391 107 210
210 107 1391
1045 750 1021
1021 750 1045
750 1021 1045
628 1128 1203
1128 628 1203
1203 628 1128
1206 333 760
760 333 1206
333 760 1206
1256 193 548
548 193 1256
193 548 1256
1213 104 481
104 481 1213
481 104 1213
683 364 784
364 683 784
784 364 683
1308 326 669
326 669 1308
669 326 1308
1022 128 776
128 776 1022
776 128 1022
904 1051 1145
1145 904 1051
1051 904 1145
830 598 1456
598 830 1456
1456 598 830
398 773 793
793 398 773
773 398 793
1085 50 1032
1032 50 1085
50 1032 1085
9 960 1196
1196 9 960
960 9 1196
1037 1003 1080
1003 1037 1080
1080 1003 1037
876 261 813
261 813 876
813 261 876
1224 473 1320
473 1224 1320
1320 473 1224
1187 401 408
408 401 1187
401 408 1187
1326 771 1053
1053 771 1326
771 1053 1326
1012 405 756
756 405 1012
405 756 1012
1220 884 889
884 889 1220
889 884 1220
736 427 697
427 697 736
697 427 736
836 363 752
752 363 836
363 752 836
1285 1110 1133
1133 1110 1285
1110 1133 1285
665 768 1198
1198 665 768
768 665 1198
313 271 314
271 313 314
314 271 313
410 248 1343
1343 248 410
248 410 1343
507 235 881
235 507 881
881 235 507
1317 184 785
184 785 1317
785 184 1317
1494 169 1339
169 1339 1494
1339 169 1494
349 402 586
402 349 586
586 349 402
1381 1255 1350
1350 1255 1381
1255 1350 1381
215 39 913
39 215 913
913 39 215
80 41 1263
41 80 1263
1263 41 80
495 800 1215
1215 495 800
800 495 1215
1247 283 814
283 814 1247
814 283 1247
962 1208 1361
1208 962 1361
1361 962 1208
288 528 1266
1266 288 528
528 288 1266
1004 794 938
794 938 1004
938 794 1004
477 851 1482
851 477 1482
1482 477 851
75 816 1070
1070 75 816
816 75 1070
824 13 1156
1156 13 824
13 824 1156
1099 112 1260
1260 112 1099
112 1099 1260
556 136 999
136 556 999
999 136 556
357 539 927
539 357 927
927 357 539
1046 287 604
287 604 1046
604 287 1046
1364 898 1186
1186 898 1364
898 1186 1364
73 705 874
874 73 705
705 73 874
335 759 1257
1257 335 759
759 335 1257
1195 972 1283
1283 972 1195
972 1195 1283
988 654 978
978 654 988
654 978 988
1235 15 306
15 306 1235
306 15 1235
563 666 1469
1469 563 666
666 563 1469
543 861 1055
861 543 1055
1055 543 861
747 339 496
339 496 747
496 339 747
234 649 651
649 234 651
651 234 649
177 652 866
652 177 866
866 177 652
1091 119 1396
119 1091 1396
1396 119 1091
97 163 673
673 97 163
163 97 673
399 712 1240
1240 399 712
712 399 1240
1270 442 461
461 442 1270
442 461 1270
595 31 573
31 573 595
573 31 595
152 211 325
325 152 211
211 152 325
1223 1122 1246
1122 1223 1246
1246 1122 1223
1149 890 1011
890 1011 1149
1011 890 1149
