116472 24343 42435
24343 42435 116472
42435 24343 116472
77505 9256 29218
29218 9256 77505
9256 29218 77505
69748 57367 132215
57367 69748 132215
132215 57367 69748
69838 74938 111395
74938 69838 111395
111395 69838 74938
67469 75482 127170
127170 67469 75482
75482 67469 127170
136403 8276 94088
8276 94088 136403
94088 8276 136403
115631 18354 112571
112571 18354 115631
18354 112571 115631
55590 30461 58598
58598 30461 55590
30461 55590 58598
45311 46865 48579
46865 45311 48579
48579 45311 46865
36306 90266 118888
118888 36306 90266
90266 36306 118888
134878 25748 131893
131893 25748 134878
25748 131893 134878
40687 31217 67894
31217 40687 67894
67894 31217 40687
20310 2442 60985
60985 2442 20310
2442 20310 60985
77716 16269 49304
16269 49304 77716
49304 16269 77716
81167 22150 100925
100925 22150 81167
22150 81167 100925
137623 108883 120663
108883 120663 137623
120663 108883 137623
17385 7563 139979
7563 17385 139979
139979 7563 17385
95760 24891 83802
83802 24891 95760
24891 83802 95760
39114 1642 70695
70695 1642 39114
1642 39114 70695
85867 36829 112877
36829 85867 112877
112877 36829 85867
792 34012 37720
37720 792 34012
34012 792 37720
73084 86922 145585
145585 73084 86922
86922 73084 145585
83978 3414 83970
3414 83970 83978
83970 3414 83978
69843 4712 63347
63347 4712 69843
4712 63347 69843
83788 28090 34196
34196 28090 83788
28090 34196 83788
98103 15930 140384
140384 15930 98103
15930 98103 140384
90227 22863 99178
22863 90227 99178
99178 22863 90227
41999 99250 119288
99250 41999 119288
119288 41999 99250
25929 29245 57995
29245 25929 57995
57995 25929 29245
95900 53842 148850
148850 53842 95900
53842 95900 148850
45945 67084 143363
143363 45945 67084
67084 45945 143363
81943 72789 123956
123956 72789 81943
72789 81943 123956
99977 36002 61644
36002 61644 99977
61644 36002 99977
13622 56858 96162
96162 13622 56858
56858 13622 96162
93056 27539 86271
27539 86271 93056
86271 27539 93056
17965 64166 104416
104416 17965 64166
64166 17965 104416
30327 124036 138315
138315 30327 124036
124036 30327 138315
50960 40544 49951
49951 40544 50960
40544 49951 50960
79706 10181 93072
93072 10181 79706
10181 79706 93072
126010 46022 90248
46022 90248 126010
90248 46022 126010
85284 41926 79335
79335 41926 85284
41926 79335 85284
9299 45609 67722
67722 9299 45609
45609 9299 67722
117974 9898 95319
9898 95319 117974
95319 9898 117974
54848 11768 84637
11768 54848 84637
84637 11768 54848
101290 16977 113453
16977 101290 113453
113453 16977 101290
111747 22085 39172
22085 39172 111747
39172 22085 111747
52556 78301 131757
131757 52556 78301
78301 52556 131757
137356 31438 91712
31438 91712 137356
91712 31438 137356
133904 15294 133262
133262 15294 133904
15294 133262 133904
117992 15404 95785
95785 15404 117992
15404 95785 117992
85758 27426 149825
27426 85758 149825
149825 27426 85758
108898 6479 35915
6479 35915 108898
35915 6479 108898
82346 83170 130425
83170 82346 130425
130425 82346 83170
108177 1803 59410
59410 1803 108177
1803 59410 108177
21512 127386 148897
148897 21512 127386
127386 21512 148897
103352 68625 136550
68625 103352 136550
136550 68625 103352
135318 53938 115011
53938 115011 135318
115011 53938 135318
84380 38806 78613
38806 78613 84380
78613 38806 84380
140380 70440 99252
70440 99252 140380
99252 70440 140380
36209 98188 136284
136284 36209 98188
98188 36209 136284
143107 5330 16101
5330 16101 143107
16101 5330 143107
29402 10689 68597
68597 10689 29402
10689 29402 68597
26313 40385 133680
133680 26313 40385
40385 26313 133680
117311 52949 121143
52949 117311 121143
121143 52949 117311
4092 29030 108411
108411 4092 29030
29030 4092 108411
16239 62691 68153
68153 16239 62691
62691 16239 68153
148819 77995 138741
138741 77995 148819
77995 138741 148819
27202 25136 53543
53543 25136 27202
25136 27202 53543
110017 111132 121109
111132 110017 121109
121109 110017 111132
78550 119672 124300
124300 78550 119672
119672 78550 124300
81391 4602 83354
83354 4602 81391
4602 81391 83354
112933 22155 34517
34517 22155 112933
22155 34517 112933
12301 59396 83912
83912 12301 59396
59396 12301 83912
93624 59609 130352
59609 93624 130352
130352 59609 93624
125584 35438 106507
106507 35438 125584
35438 106507 125584
73629 74741 100866
100866 73629 74741
74741 73629 100866
134662 74885 121371
121371 74885 134662
74885 121371 134662
37262 10662 99100
99100 10662 37262
10662 37262 99100
99285 37224 55199
37224 55199 99285
55199 37224 99285
1000 2846 88900
88900 1000 2846
2846 1000 88900
86526 103355 137462
103355 86526 137462
137462 86526 103355
31658 7608 86381
86381 7608 31658
7608 31658 86381
63078 87619 144135
87619 63078 144135
144135 63078 87619
14054 79717 81974
79717 14054 81974
81974 14054 79717
73493 46677 81626
81626 46677 73493
46677 73493 81626
130274 25211 110242
25211 110242 130274
110242 25211 130274
21032 54397 72375
72375 21032 54397
54397 21032 72375
130756 110751 138813
138813 110751 130756
110751 130756 138813
47014 53550 77444
77444 47014 53550
53550 47014 77444
111084 2668 27266
2668 27266 111084
27266 2668 111084
94621 80387 86261
80387 86261 94621
86261 80387 94621
139303 8093 99818
99818 8093 139303
8093 99818 139303
80180 5866 108632
108632 5866 80180
5866 80180 108632
119643 5238 88491
88491 5238 119643
5238 88491 119643
58406 32645 119969
119969 32645 58406
32645 58406 119969
44557 119936 145688
145688 44557 119936
119936 44557 145688
142128 63030 82216
63030 82216 142128
82216 63030 142128
20255 47421 129157
47421 20255 129157
129157 20255 47421
59905 52206 106513
52206 59905 106513
106513 52206 59905
99758 46295 70500
46295 70500 99758
70500 46295 99758
40584 49008 88035
88035 40584 49008
49008 40584 88035
80892 41677 134753
41677 80892 134753
134753 41677 80892
44589 80014 87538
87538 44589 80014
80014 44589 87538
19267 125736 134884
125736 19267 134884
134884 19267 125736
131649 79638 91151
91151 79638 131649
79638 91151 131649
59945 5051 59296
5051 59296 59945
59296 5051 59945
102801 78936 120894
78936 102801 120894
120894 78936 102801
123587 10167 106142
106142 10167 123587
10167 106142 123587
146918 33553 104681
104681 33553 146918
33553 104681 146918
30388 72520 93093
93093 30388 72520
72520 30388 93093
121534 44229 91611
44229 91611 121534
91611 44229 121534
31363 82709 142205
142205 31363 82709
82709 31363 142205
31923 42589 142809
42589 31923 142809
142809 31923 42589
97840 9173 21012
9173 21012 97840
21012 9173 97840
136859 112255 116529
112255 116529 136859
116529 112255 136859
141194 134176 146527
134176 141194 146527
146527 134176 141194
4236 2177 46382
46382 2177 4236
2177 4236 46382
71403 6039 70033
6039 70033 71403
70033 6039 71403
102181 41217 136531
136531 41217 102181
41217 102181 136531
224 86564 118874
118874 224 86564
86564 224 118874
3048 105399 129195
105399 3048 129195
129195 3048 105399
27118 50309 94191
50309 27118 94191
94191 27118 50309
48653 30517 74015
30517 48653 74015
74015 30517 48653
145974 125291 133819
133819 125291 145974
125291 133819 145974
49334 12799 15160
12799 15160 49334
15160 12799 49334
44004 55565 132269
132269 44004 55565
55565 44004 132269
42890 239 7675
7675 239 42890
239 7675 42890
147565 3770 45479
45479 3770 147565
3770 45479 147565
10670 31014 53291
31014 10670 53291
53291 10670 31014
17243 13011 94109
94109 13011 17243
13011 17243 94109
40897 26284 123993
123993 26284 40897
26284 40897 123993
63623 41122 56997
56997 41122 63623
41122 56997 63623
69242 111958 149969
111958 69242 149969
149969 69242 111958
114393 91911 102947
91911 102947 114393
102947 91911 114393
35739 22406 46125
22406 35739 46125
46125 22406 35739
92608 47 39054
47 39054 92608
39054 47 92608
2751 35605 107396
35605 2751 107396
107396 2751 35605
108748 78739 108356
78739 108356 108748
108356 78739 108748
91587 17219 121484
17219 91587 121484
121484 17219 91587
61635 7685 78148
7685 61635 78148
78148 7685 61635
75626 123858 129273
129273 75626 123858
123858 75626 129273
141774 1065 79522
1065 79522 141774
79522 1065 141774
36307 63946 96967
96967 36307 63946
63946 36307 96967
79531 8338 49942
8338 49942 79531
49942 8338 79531
63106 42361 92704
92704 42361 63106
42361 63106 92704
116350 28983 131373
28983 116350 131373
131373 28983 116350
107616 8865 137486
137486 8865 107616
8865 107616 137486
106360 25441 30404
30404 25441 106360
25441 30404 106360
96793 23169 106465
23169 96793 106465
106465 23169 96793
33398 48988 68719
68719 33398 48988
48988 33398 68719
20650 94406 123738
123738 20650 94406
94406 20650 123738
12574 25789 140823
25789 12574 140823
140823 12574 25789
104794 89580 114242
114242 89580 104794
89580 104794 114242
131180 62616 116101
116101 62616 131180
62616 116101 131180
144868 8010 16246
16246 8010 144868
8010 16246 144868
134696 92138 118333
92138 118333 134696
118333 92138 134696
5837 7107 73524
73524 5837 7107
7107 5837 73524
114598 32588 131418
32588 114598 131418
131418 32588 114598
74342 21747 146163
21747 74342 146163
146163 21747 74342
32130 27435 124731
27435 32130 124731
124731 27435 32130
68816 44246 66936
66936 44246 68816
44246 66936 68816
146590 95461 122284
122284 95461 146590
95461 122284 146590
63342 37008 113647
113647 37008 63342
37008 63342 113647
109591 19622 79436
79436 19622 109591
19622 79436 109591
109579 93354 129933
93354 109579 129933
129933 93354 109579
25134 39631 74595
74595 25134 39631
39631 25134 74595
55788 76300 141518
141518 55788 76300
76300 55788 141518
109971 31362 134781
31362 109971 134781
134781 31362 109971
128400 54178 87553
87553 54178 128400
54178 87553 128400
110418 14847 35913
14847 35913 110418
35913 14847 110418
72006 12910 60066
60066 12910 72006
12910 60066 72006
3298 6138 147438
147438 3298 6138
6138 3298 147438
46006 16791 26375
26375 16791 46006
16791 26375 46006
3331 51230 96860
96860 3331 51230
51230 3331 96860
102394 13497 135098
13497 102394 135098
135098 13497 102394
52666 33951 64862
33951 52666 64862
64862 33951 52666
60967 52689 82359
52689 60967 82359
82359 52689 60967
11824 89956 100496
100496 11824 89956
89956 11824 100496
68195 15204 70206
15204 68195 70206
70206 15204 68195
67364 128873 148119
148119 67364 128873
128873 67364 148119
67826 22962 132639
22962 67826 132639
132639 22962 67826
102788 105867 143874
105867 102788 143874
143874 102788 105867
47161 44964 97968
97968 44964 47161
44964 47161 97968
96525 46164 147544
46164 96525 147544
147544 46164 96525
27768 73168 124439
124439 27768 73168
73168 27768 124439
133596 92759 140896
140896 92759 133596
92759 133596 140896
100401 97368 106738
106738 97368 100401
97368 100401 106738
61239 64025 125930
125930 61239 64025
64025 61239 125930
132571 27438 116900
27438 116900 132571
116900 27438 132571
93096 37819 148730
148730 37819 93096
37819 93096 148730
2493 26725 43120
43120 2493 26725
26725 2493 43120
100772 49634 87822
87822 49634 100772
49634 87822 100772
88744 18801 111537
111537 18801 88744
18801 88744 111537
62101 39229 71665
71665 39229 62101
39229 62101 71665
95646 80700 119190
80700 95646 119190
119190 80700 95646
99106 25237 45455
25237 45455 99106
45455 25237 99106
75443 79534 108270
79534 75443 108270
108270 75443 79534
124027 18469 56118
18469 56118 124027
56118 18469 124027
75199 107430 139608
139608 75199 107430
107430 75199 139608
91772 36466 83571
36466 83571 91772
83571 36466 91772
145999 7897 121055
7897 121055 145999
121055 7897 145999
98358 88106 134155
88106 98358 134155
134155 88106 98358
19873 29130 113403
29130 19873 113403
113403 19873 29130
42280 90934 128267
128267 42280 90934
90934 42280 128267
134735 104807 117595
117595 104807 134735
104807 117595 134735
149243 72300 148629
148629 72300 149243
72300 148629 149243
112730 73839 123409
73839 112730 123409
123409 73839 112730
29574 111722 148049
111722 29574 148049
148049 29574 111722
58613 125353 130113
125353 58613 130113
130113 58613 125353
8234 95527 149225
95527 8234 149225
149225 8234 95527
86289 41656 117810
117810 41656 86289
41656 86289 117810
81460 22367 122611
22367 81460 122611
122611 22367 81460
96460 11368 56087
56087 11368 96460
11368 56087 96460
134909 111938 134775
134775 111938 134909
111938 134775 134909
128916 71554 112301
71554 112301 128916
112301 71554 128916
31540 45796 102123
45796 31540 102123
102123 31540 45796
69702 118519 137163
118519 69702 137163
137163 69702 118519
109171 59643 122970
59643 109171 122970
122970 59643 109171
127286 48267 80058
48267 80058 127286
80058 48267 127286
51397 83795 112549
112549 51397 83795
83795 51397 112549
53911 24424 80502
80502 24424 53911
24424 53911 80502
47703 57645 116409
57645 47703 116409
116409 47703 57645
129698 126087 136504
136504 126087 129698
126087 129698 136504
44329 61532 67540
61532 44329 67540
67540 44329 61532
127868 92088 117067
117067 92088 127868
92088 117067 127868
124183 43801 48203
48203 43801 124183
43801 48203 124183
103118 5161 46517
5161 46517 103118
46517 5161 103118
108744 10810 119339
10810 108744 119339
119339 10810 108744
90115 83981 97996
97996 83981 90115
83981 90115 97996
45041 35550 68200
35550 45041 68200
68200 35550 45041
94262 4922 125953
125953 4922 94262
4922 94262 125953
117555 51508 111578
111578 51508 117555
51508 111578 117555
44280 38447 64087
38447 44280 64087
64087 38447 44280
27072 33446 121090
121090 27072 33446
33446 27072 121090
94482 13185 117868
117868 13185 94482
13185 94482 117868
18836 83605 128411
128411 18836 83605
83605 18836 128411
82613 87759 139604
139604 82613 87759
87759 82613 139604
896 112500 132749
112500 896 132749
132749 896 112500
89756 874 123555
123555 874 89756
874 89756 123555
103426 36597 136096
136096 36597 103426
36597 103426 136096
56544 24360 68563
68563 24360 56544
24360 56544 68563
122511 40177 76892
76892 40177 122511
40177 76892 122511
16960 123077 128682
123077 16960 128682
128682 16960 123077
120941 43927 145624
145624 43927 120941
43927 120941 145624
92412 46051 138076
138076 46051 92412
46051 92412 138076
141168 1046 1339
1339 1046 141168
1046 1339 141168
114387 86061 144790
86061 114387 144790
144790 86061 114387
112329 41337 53480
53480 41337 112329
41337 53480 112329
100140 71631 143424
71631 100140 143424
143424 71631 100140
124528 254 109832
254 109832 124528
109832 254 124528
35254 31634 40925
31634 35254 40925
40925 31634 35254
106601 93115 122428
122428 93115 106601
93115 106601 122428
1376 119961 127194
119961 1376 127194
127194 1376 119961
96365 94006 135483
94006 96365 135483
135483 94006 96365
12700 67687 147764
67687 12700 147764
147764 12700 67687
33704 115328 144261
115328 33704 144261
144261 33704 115328
117451 17072 115007
17072 115007 117451
115007 17072 117451
120251 47089 143389
47089 120251 143389
143389 47089 120251
104545 108 116457
108 104545 116457
116457 108 104545
106389 51498 147824
147824 51498 106389
51498 106389 147824
11993 110556 140957
110556 11993 140957
140957 11993 110556
98448 43476 147793
147793 43476 98448
43476 98448 147793
129430 43714 104848
43714 104848 129430
104848 43714 129430
42012 16256 32447
16256 32447 42012
32447 16256 42012
118778 7083 73551
7083 73551 118778
73551 7083 118778
9877 26841 54963
26841 9877 54963
54963 9877 26841
31208 31936 144381
31936 31208 144381
144381 31208 31936
123657 57421 65931
65931 57421 123657
57421 65931 123657
84569 27841 142769
142769 27841 84569
27841 84569 142769
112247 19337 95926
19337 95926 112247
95926 19337 112247
51700 33123 62913
62913 33123 51700
33123 51700 62913
92835 34186 64790
34186 64790 92835
64790 34186 92835
104676 18277 55583
18277 55583 104676
55583 18277 104676
143955 26701 126581
126581 26701 143955
26701 126581 143955
127492 26463 86633
86633 26463 127492
26463 86633 127492
92205 102183 133609
133609 92205 102183
102183 92205 133609
125898 84827 89935
89935 84827 125898
84827 89935 125898
90312 103070 129302
129302 90312 103070
103070 90312 129302
83386 18192 52225
52225 18192 83386
18192 52225 83386
97615 5618 123043
123043 5618 97615
5618 97615 123043
22335 58736 89737
58736 22335 89737
89737 22335 58736
122082 34427 136362
136362 34427 122082
34427 122082 136362
15785 61448 115349
61448 15785 115349
115349 15785 61448
90349 42373 47166
42373 47166 90349
47166 42373 90349
95992 72323 148425
72323 95992 148425
148425 72323 95992
121753 57901 145239
57901 121753 145239
145239 57901 121753
138406 22361 40863
22361 40863 138406
40863 22361 138406
82371 20547 78032
20547 78032 82371
78032 20547 82371
23641 7653 44057
7653 23641 44057
44057 7653 23641
88696 2485 149690
149690 2485 88696
2485 88696 149690
139695 29356 102894
29356 102894 139695
102894 29356 139695
4161 127647 141900
127647 4161 141900
141900 4161 127647
752 58157 146650
146650 752 58157
58157 752 146650
62127 3945 73816
73816 3945 62127
3945 62127 73816
17334 947 124623
947 17334 124623
124623 947 17334
133828 63680 89259
63680 89259 133828
89259 63680 133828
65575 91445 132936
132936 65575 91445
91445 65575 132936
19915 40309 95601
95601 19915 40309
40309 19915 95601
132178 91047 123199
123199 91047 132178
91047 123199 132178
146553 65928 66444
66444 65928 146553
65928 66444 146553
21827 15370 91601
15370 21827 91601
91601 15370 21827
83330 24843 28977
24843 28977 83330
28977 24843 83330
122761 98294 148946
148946 98294 122761
98294 122761 148946
33394 14176 122578
122578 14176 33394
14176 33394 122578
102301 62646 85423
62646 85423 102301
85423 62646 102301
20872 83615 142478
83615 20872 142478
142478 20872 83615
145574 123165 147639
123165 145574 147639
147639 123165 145574
149037 16240 111598
16240 111598 149037
111598 16240 149037
37639 13792 88936
13792 37639 88936
88936 13792 37639
7245 82064 133949
82064 7245 133949
133949 7245 82064
60590 40211 148208
40211 60590 148208
148208 40211 60590
83401 42342 119276
119276 42342 83401
42342 83401 119276
7773 28205 149357
149357 7773 28205
28205 7773 149357
27112 60626 75247
75247 27112 60626
60626 27112 75247
55049 38132 57439
38132 55049 57439
57439 38132 55049
17630 21366 116464
116464 17630 21366
21366 17630 116464
83355 17851 118334
17851 83355 118334
118334 17851 83355
18695 56342 61557
56342 18695 61557
61557 18695 56342
97655 24506 33850
33850 24506 97655
24506 33850 97655
116140 54866 148936
54866 116140 148936
148936 54866 116140
59829 76416 143552
76416 59829 143552
143552 59829 76416
40621 62105 116681
116681 40621 62105
62105 40621 116681
109856 54474 79916
79916 54474 109856
54474 79916 109856
1153 48016 78094
78094 1153 48016
48016 1153 78094
116647 118745 141162
141162 116647 118745
118745 116647 141162
112959 88116 137641
137641 88116 112959
88116 112959 137641
30786 16895 119001
16895 30786 119001
119001 16895 30786
104472 65547 87832
65547 87832 104472
87832 65547 104472
8099 69955 149265
69955 8099 149265
149265 8099 69955
34074 121294 149980
121294 34074 149980
149980 34074 121294
137908 79911 102608
79911 102608 137908
102608 79911 137908
72416 2782 14500
14500 2782 72416
2782 14500 72416
18499 16896 76458
76458 16896 18499
16896 18499 76458
28860 60213 137900
60213 28860 137900
137900 28860 60213
44985 50243 121392
121392 44985 50243
50243 44985 121392
5242 142572 148248
142572 5242 148248
148248 5242 142572
102992 55021 76360
76360 55021 102992
55021 76360 102992
72260 31273 59094
59094 31273 72260
31273 59094 72260
38655 91156 114375
91156 38655 114375
114375 38655 91156
63637 15455 21557
15455 21557 63637
21557 15455 63637
100112 118154 149018
149018 100112 118154
118154 100112 149018
30698 35056 42561
42561 30698 35056
35056 30698 42561
114096 15147 103937
103937 15147 114096
15147 103937 114096
21180 25406 27451
25406 21180 27451
27451 21180 25406
25561 93405 115277
93405 25561 115277
115277 25561 93405
114005 8666 80361
8666 80361 114005
80361 8666 114005
134156 26955 127318
127318 26955 134156
26955 127318 134156
38187 1995 106354
106354 1995 38187
1995 38187 106354
53118 16907 69553
16907 53118 69553
69553 16907 53118
30869 2204 72713
2204 30869 72713
72713 2204 30869
148430 49544 68343
49544 68343 148430
68343 49544 148430
7954 16574 71867
71867 7954 16574
16574 7954 71867
26574 3668 48608
3668 26574 48608
48608 3668 26574
25234 6121 57485
57485 6121 25234
6121 25234 57485
44579 27440 35236
35236 27440 44579
27440 35236 44579
77528 3883 143849
3883 77528 143849
143849 3883 77528
120610 5322 106134
106134 5322 120610
5322 106134 120610
95991 32813 141883
141883 32813 95991
32813 95991 141883
126389 40554 122281
122281 40554 126389
40554 122281 126389
132702 28770 77088
28770 77088 132702
77088 28770 132702
47809 14192 115107
115107 14192 47809
14192 47809 115107
102875 68021 77116
68021 77116 102875
77116 68021 102875
129751 78383 90844
90844 78383 129751
78383 90844 129751
51985 29133 136727
136727 29133 51985
29133 51985 136727
131114 47670 55234
47670 55234 131114
55234 47670 131114
88512 85242 121742
85242 88512 121742
121742 85242 88512
92181 66906 146181
146181 66906 92181
66906 92181 146181
137620 4353 104177
4353 104177 137620
104177 4353 137620
193 3230 38804
3230 193 38804
38804 193 3230
21467 14339 55453
55453 14339 21467
14339 21467 55453
9017 50354 92790
92790 9017 50354
50354 9017 92790
97761 3616 133356
133356 3616 97761
3616 97761 133356
41687 10097 128517
128517 10097 41687
10097 41687 128517
24460 4007 59809
4007 24460 59809
59809 4007 24460
82920 15979 23346
15979 23346 82920
23346 15979 82920
94423 25669 95937
25669 94423 95937
95937 25669 94423
137465 77096 108820
77096 108820 137465
108820 77096 137465
118634 8428 36070
36070 8428 118634
8428 36070 118634
71146 127885 136086
127885 71146 136086
136086 71146 127885
1846 6418 67686
6418 1846 67686
67686 1846 6418
31396 9910 30154
30154 9910 31396
9910 30154 31396
67369 64519 123437
123437 64519 67369
64519 67369 123437
127448 68895 139886
139886 68895 127448
68895 127448 139886
137885 25844 121483
25844 121483 137885
121483 25844 137885
88294 21627 136089
136089 21627 88294
21627 88294 136089
141445 82917 119405
82917 119405 141445
119405 82917 141445
54469 64117 108466
64117 54469 108466
108466 54469 64117
27403 7295 62019
62019 7295 27403
7295 27403 62019
115597 10766 129179
129179 10766 115597
10766 115597 129179
4485 37800 112465
37800 4485 112465
112465 4485 37800
114504 113615 118445
118445 113615 114504
113615 114504 118445
15324 42341 143137
42341 15324 143137
143137 15324 42341
76974 31094 139676
31094 76974 139676
139676 31094 76974
47641 28186 126806
28186 47641 126806
126806 28186 47641
84813 82595 149000
149000 82595 84813
82595 84813 149000
22252 4836 132255
132255 4836 22252
4836 22252 132255
120867 10969 100650
10969 100650 120867
100650 10969 120867
90050 86201 130876
130876 86201 90050
86201 90050 130876
85041 20115 101953
20115 85041 101953
101953 20115 85041
72201 43052 71573
43052 71573 72201
71573 43052 72201
85534 64009 102498
64009 85534 102498
102498 64009 85534
98211 108792 112334
108792 98211 112334
112334 98211 108792
18195 433 46279
433 18195 46279
46279 433 18195
6984 26323 128033
26323 6984 128033
128033 6984 26323
114531 1140 20977
1140 20977 114531
20977 1140 114531
55474 56965 101723
101723 55474 56965
56965 55474 101723
139137 33352 48964
48964 33352 139137
33352 48964 139137
3984 6642 26369
26369 3984 6642
6642 3984 26369
5373 94128 116705
94128 5373 116705
116705 5373 94128
11303 44461 114275
114275 11303 44461
44461 11303 114275
49483 74772 120054
120054 49483 74772
74772 49483 120054
89252 78748 141843
78748 89252 141843
141843 78748 89252
147616 19148 146060
146060 19148 147616
19148 146060 147616
38379 20000 69972
69972 20000 38379
20000 38379 69972
46269 122482 148375
122482 46269 148375
148375 46269 122482
65069 52635 105064
52635 65069 105064
105064 52635 65069
119015 38462 89238
38462 89238 119015
89238 38462 119015
20782 72119 97944
97944 20782 72119
72119 20782 97944
43214 38405 77549
38405 43214 77549
77549 38405 43214
59045 70552 133979
70552 59045 133979
133979 59045 70552
104950 33535 44919
44919 33535 104950
33535 44919 104950
38615 8538 111355
111355 8538 38615
8538 38615 111355
140264 26831 98181
26831 98181 140264
98181 26831 140264
55667 52321 65246
52321 55667 65246
65246 52321 55667
33882 55078 67776
55078 33882 67776
67776 33882 55078
103876 17470 74840
74840 17470 103876
17470 74840 103876
2973 65026 125793
125793 2973 65026
65026 2973 125793
88658 4219 60891
60891 4219 88658
4219 60891 88658
64180 9486 76834
76834 9486 64180
9486 64180 76834
138877 5144 50573
5144 50573 138877
50573 5144 138877
44712 75636 116689
116689 44712 75636
75636 44712 116689
81769 39460 112904
39460 81769 112904
112904 39460 81769
40280 18757 101592
101592 18757 40280
18757 40280 101592
115571 30708 127689
30708 115571 127689
127689 30708 115571
30580 13759 58411
13759 30580 58411
58411 13759 30580
110804 66939 88890
88890 66939 110804
66939 88890 110804
104983 63905 133733
133733 63905 104983
63905 104983 133733
79280 31592 67605
67605 31592 79280
31592 67605 79280
17326 38679 112110
112110 17326 38679
38679 17326 112110
70421 59822 87352
87352 59822 70421
59822 70421 87352
67911 55501 71254
71254 55501 67911
55501 67911 71254
44528 18901 46387
46387 18901 44528
18901 44528 46387
90759 36772 128934
36772 90759 128934
128934 36772 90759
122153 35230 123530
123530 35230 122153
35230 122153 123530
94662 18056 23729
18056 23729 94662
23729 18056 94662
91584 101838 142498
142498 91584 101838
101838 91584 142498
89207 68843 122589
122589 68843 89207
68843 89207 122589
101759 1929 25404
25404 1929 101759
1929 25404 101759
121432 1313 148101
148101 1313 121432
1313 121432 148101
109317 96665 125400
96665 109317 125400
125400 96665 109317
59391 91438 144623
144623 59391 91438
91438 59391 144623
79932 60419 121756
121756 60419 79932
60419 79932 121756
112982 47353 143390
143390 47353 112982
47353 112982 143390
61487 50675 51394
50675 51394 61487
51394 50675 61487
135498 127496 142593
127496 135498 142593
142593 127496 135498
11665 10298 56607
56607 10298 11665
10298 11665 56607
115612 65592 90962
90962 65592 115612
65592 90962 115612
30413 25909 67935
25909 30413 67935
67935 25909 30413
107944 10317 22363
22363 10317 107944
10317 22363 107944
123919 111719 120304
111719 120304 123919
120304 111719 123919
26008 48376 142166
142166 26008 48376
48376 26008 142166
105347 74123 83280
74123 83280 105347
83280 74123 105347
103280 38534 43978
43978 38534 103280
38534 43978 103280
77832 22213 34306
34306 22213 77832
22213 34306 77832
20287 47253 102873
102873 20287 47253
47253 20287 102873
48436 81095 109292
109292 48436 81095
81095 48436 109292
8024 13239 84276
84276 8024 13239
13239 8024 84276
57697 49388 77205
49388 57697 77205
77205 49388 57697
113056 53768 131770
131770 53768 113056
53768 113056 131770
41443 59517 108506
59517 41443 108506
108506 41443 59517
122775 39117 73817
39117 73817 122775
73817 39117 122775
134514 42579 136802
136802 42579 134514
42579 134514 136802
96389 26772 57171
57171 26772 96389
26772 57171 96389
27954 17816 46728
17816 27954 46728
46728 17816 27954
133080 19049 60675
60675 19049 133080
19049 60675 133080
26637 68861 138863
68861 26637 138863
138863 26637 68861
40152 16406 137169
137169 16406 40152
16406 40152 137169
139115 73663 143213
143213 73663 139115
73663 139115 143213
38186 95018 115130
95018 38186 115130
115130 38186 95018
90256 53304 74390
74390 53304 90256
53304 74390 90256
78801 4462 41701
4462 41701 78801
41701 4462 78801
97901 6539 56892
56892 6539 97901
6539 56892 97901
117545 61746 73638
61746 73638 117545
73638 61746 117545
65502 57814 123145
57814 65502 123145
123145 57814 65502
52399 86699 130615
130615 52399 86699
86699 52399 130615
31375 39233 110297
110297 31375 39233
39233 31375 110297
8281 28122 28440
28122 8281 28440
28440 8281 28122
29054 52671 113124
113124 29054 52671
52671 29054 113124
67445 136583 143391
143391 67445 136583
136583 67445 143391
37320 39851 107334
107334 37320 39851
39851 37320 107334
116398 56258 127334
56258 116398 127334
127334 56258 116398
32423 22429 132499
22429 32423 132499
132499 22429 32423
85715 34066 34173
34173 34066 85715
34066 34173 85715
84123 92207 136665
136665 84123 92207
92207 84123 136665
66547 9227 37052
37052 9227 66547
9227 37052 66547
112457 12864 57203
12864 57203 112457
57203 12864 112457
74636 33031 100429
100429 33031 74636
33031 74636 100429
143372 53715 57177
57177 53715 143372
53715 57177 143372
51214 119939 135583
119939 51214 135583
135583 51214 119939
39265 8948 98113
98113 8948 39265
8948 39265 98113
14466 65195 69574
65195 14466 69574
69574 14466 65195
94495 53384 143183
143183 53384 94495
53384 94495 143183
70650 22888 36032
36032 22888 70650
22888 36032 70650
195 42137 144720
42137 195 144720
144720 195 42137
95035 42023 67584
42023 67584 95035
67584 42023 95035
64562 53156 54214
53156 54214 64562
54214 53156 64562
102941 35052 103890
103890 35052 102941
35052 102941 103890
7742 2351 9343
2351 7742 9343
9343 2351 7742
79190 40652 131356
40652 79190 131356
131356 40652 79190
14970 22893 105151
22893 14970 105151
105151 14970 22893
80457 4863 70232
70232 4863 80457
4863 70232 80457
89180 54770 148560
148560 54770 89180
54770 89180 148560
93302 122833 138738
138738 93302 122833
122833 93302 138738
12101 26315 60720
26315 12101 60720
60720 12101 26315
90841 100527 113368
113368 90841 100527
100527 90841 113368
60400 49391 117215
49391 60400 117215
117215 49391 60400
31733 124922 143839
143839 31733 124922
124922 31733 143839
68007 97330 100593
97330 68007 100593
100593 68007 97330
115821 102382 130551
130551 102382 115821
102382 115821 130551
97651 25545 48092
48092 25545 97651
25545 48092 97651
109442 82726 122759
122759 82726 109442
82726 109442 122759
130033 105542 145707
145707 105542 130033
105542 130033 145707
122351 40350 61270
40350 61270 122351
61270 40350 122351
121495 44787 117088
44787 117088 121495
117088 44787 121495
119796 104839 136774
104839 119796 136774
136774 104839 119796
55200 68396 132273
68396 55200 132273
132273 55200 68396
92170 73981 90541
73981 90541 92170
90541 73981 92170
22906 13679 27863
27863 13679 22906
13679 22906 27863
32190 136465 136825
136465 32190 136825
136825 32190 136465
114936 19398 28478
28478 19398 114936
19398 28478 114936
112613 26377 142064
26377 112613 142064
142064 26377 112613
93958 39098 148643
39098 93958 148643
148643 39098 93958
30944 84112 122546
122546 30944 84112
84112 30944 122546
147868 98421 110815
98421 110815 147868
110815 98421 147868
37677 17966 37996
37996 17966 37677
17966 37677 37996
50170 17693 64502
17693 50170 64502
64502 17693 50170
92938 26818 122025
122025 26818 92938
26818 92938 122025
33477 88074 90443
90443 33477 88074
88074 33477 90443
109624 140414 140664
140664 109624 140414
140414 109624 140664
113993 67929 138800
138800 67929 113993
67929 113993 138800
19961 47980 148724
148724 19961 47980
47980 19961 148724
70437 53848 133769
133769 53848 70437
53848 70437 133769
123001 55260 149292
55260 123001 149292
149292 55260 123001
58721 66662 117914
66662 58721 117914
117914 58721 66662
143561 74074 112715
74074 112715 143561
112715 74074 143561
130411 85835 135873
135873 85835 130411
85835 130411 135873
54833 35651 64572
64572 35651 54833
35651 54833 64572
110193 27237 138764
27237 110193 138764
138764 27237 110193
44913 8312 109342
8312 44913 109342
109342 8312 44913
119923 8431 11497
8431 11497 119923
11497 8431 119923
106104 80160 145643
80160 106104 145643
145643 80160 106104
52719 8940 25701
25701 8940 52719
8940 25701 52719
82819 50963 79701
50963 79701 82819
79701 50963 82819
46931 7119 95123
95123 7119 46931
7119 46931 95123
73263 60921 147986
60921 73263 147986
147986 60921 73263
29763 81778 109727
81778 29763 109727
109727 29763 81778
81019 2927 49127
49127 2927 81019
2927 49127 81019
94103 16327 119038
16327 94103 119038
119038 16327 94103
51033 22604 100284
22604 51033 100284
100284 22604 51033
18751 24077 82443
82443 18751 24077
24077 18751 82443
118148 12001 144935
144935 12001 118148
12001 118148 144935
94608 57858 119746
57858 94608 119746
119746 57858 94608
125134 1567 126243
126243 1567 125134
1567 125134 126243
110106 12017 23952
23952 12017 110106
12017 23952 110106
35257 71455 149128
71455 35257 149128
149128 35257 71455
81010 76790 135264
135264 76790 81010
76790 81010 135264
129130 52269 88991
52269 88991 129130
88991 52269 129130
146728 70406 90212
90212 70406 146728
70406 90212 146728
10822 97520 106618
97520 10822 106618
106618 10822 97520
110935 6815 84078
84078 6815 110935
6815 84078 110935
120053 51150 106434
51150 106434 120053
106434 51150 120053
7977 8707 51668
8707 7977 51668
51668 7977 8707
125078 34485 57747
57747 34485 125078
34485 57747 125078
15990 41224 95052
95052 15990 41224
41224 15990 95052
4496 61816 142670
61816 4496 142670
142670 4496 61816
122514 117326 119360
119360 117326 122514
117326 119360 122514
63580 87749 93945
93945 63580 87749
87749 63580 93945
75952 97915 140571
97915 75952 140571
140571 75952 97915
147270 47128 64611
64611 47128 147270
47128 64611 147270
82890 90086 148647
90086 82890 148647
148647 82890 90086
52448 87022 109460
87022 52448 109460
109460 52448 87022
45252 38571 143427
38571 45252 143427
143427 38571 45252
7638 12003 99444
12003 7638 99444
99444 7638 12003
78380 20874 116438
116438 20874 78380
20874 78380 116438
44062 11997 129205
11997 44062 129205
129205 11997 44062
72867 114514 129140
114514 72867 129140
129140 72867 114514
95012 14482 134603
134603 14482 95012
14482 95012 134603
117489 24897 33965
24897 33965 117489
33965 24897 117489
98792 43474 107094
107094 43474 98792
43474 98792 107094
51626 736 100279
100279 736 51626
736 51626 100279
20145 23199 135307
23199 20145 135307
135307 20145 23199
11088 13235 33527
13235 11088 33527
33527 11088 13235
96034 14728 98128
14728 96034 98128
98128 14728 96034
41712 272 69307
272 41712 69307
69307 272 41712
18519 69341 93526
69341 18519 93526
93526 18519 69341
130905 86472 99556
99556 86472 130905
86472 99556 130905
146279 107501 116235
116235 107501 146279
107501 116235 146279
29982 38443 63814
63814 29982 38443
38443 29982 63814
139266 9249 33732
9249 33732 139266
33732 9249 139266
63595 34429 87442
87442 34429 63595
34429 63595 87442
62031 132564 141735
132564 62031 141735
141735 62031 132564
109397 62597 71929
62597 71929 109397
71929 62597 109397
149240 15942 72721
15942 72721 149240
72721 15942 149240
137468 33706 141552
33706 137468 141552
141552 33706 137468
93064 36763 42761
36763 42761 93064
42761 36763 93064
137808 130492 136317
136317 130492 137808
130492 136317 137808
72329 29920 117952
117952 29920 72329
29920 72329 117952
122010 123624 143195
123624 122010 143195
143195 122010 123624
52077 118590 134860
118590 52077 134860
134860 52077 118590
100800 99591 137276
137276 99591 100800
99591 100800 137276
44287 38319 136748
136748 38319 44287
38319 44287 136748
27842 854 107732
107732 854 27842
854 27842 107732
66267 17656 105042
105042 17656 66267
17656 66267 105042
144638 109418 139238
139238 109418 144638
109418 139238 144638
138782 47452 88562
47452 88562 138782
88562 47452 138782
120289 3443 82849
82849 3443 120289
3443 82849 120289
10440 20950 35449
35449 10440 20950
20950 10440 35449
39250 69982 72913
69982 39250 72913
72913 39250 69982
94680 71413 109522
109522 71413 94680
71413 94680 109522
125439 96679 133161
96679 125439 133161
133161 96679 125439
42267 59434 77132
59434 42267 77132
77132 42267 59434
71454 86691 132006
132006 71454 86691
86691 71454 132006
52256 32092 78694
32092 52256 78694
78694 32092 52256
16668 3110 119842
3110 16668 119842
119842 3110 16668
144145 39503 39932
39932 39503 144145
39503 39932 144145
105269 724 52876
52876 724 105269
724 52876 105269
113450 14926 95965
95965 14926 113450
14926 95965 113450
87470 3725 63183
3725 63183 87470
63183 3725 87470
52800 18597 98553
18597 52800 98553
98553 18597 52800
121972 122007 142784
122007 121972 142784
142784 121972 122007
9687 120086 126470
120086 9687 126470
126470 9687 120086
115224 26730 140334
26730 115224 140334
140334 26730 115224
23769 18894 133992
18894 23769 133992
133992 18894 23769
63113 102254 108822
108822 63113 102254
102254 63113 108822
105554 111770 125665
125665 105554 111770
111770 105554 125665
48786 50521 140798
50521 48786 140798
140798 48786 50521
5879 119187 124811
124811 5879 119187
119187 5879 124811
93751 21051 56482
56482 21051 93751
21051 56482 93751
75637 58410 146204
58410 75637 146204
146204 58410 75637
74682 71734 112089
71734 74682 112089
112089 71734 74682
138784 12111 148010
148010 12111 138784
12111 138784 148010
3066 75451 78411
78411 3066 75451
75451 3066 78411
45464 79295 143048
143048 45464 79295
79295 45464 143048
90410 10597 49748
10597 49748 90410
49748 10597 90410
96928 4338 144065
4338 96928 144065
144065 4338 96928
115242 86294 86438
86294 86438 115242
86438 86294 115242
22105 48445 61328
61328 22105 48445
48445 22105 61328
55094 41933 127590
127590 41933 55094
41933 55094 127590
32855 55034 129844
55034 32855 129844
129844 32855 55034
112945 64871 129463
64871 112945 129463
129463 64871 112945
38384 78351 116179
78351 38384 116179
116179 38384 78351
91474 55861 56879
55861 56879 91474
56879 55861 91474
65593 86931 127855
127855 65593 86931
86931 65593 127855
8899 141972 149991
149991 8899 141972
141972 8899 149991
88836 98513 121253
98513 88836 121253
121253 88836 98513
141566 57857 81057
57857 81057 141566
81057 57857 141566
35886 35138 82000
82000 35138 35886
35138 35886 82000
148393 8547 96666
8547 96666 148393
96666 8547 148393
51099 57105 88362
88362 51099 57105
57105 51099 88362
110179 36875 125127
36875 110179 125127
125127 36875 110179
26072 49772 140906
140906 26072 49772
49772 26072 140906
110258 38640 104947
38640 104947 110258
104947 38640 110258
97225 23985 33281
23985 33281 97225
33281 23985 97225
48289 14274 96222
14274 48289 96222
96222 14274 48289
132199 18965 27639
27639 18965 132199
18965 27639 132199
98546 4211 125342
125342 4211 98546
4211 98546 125342
2597 93904 130027
130027 2597 93904
93904 2597 130027
28952 56213 122015
56213 28952 122015
122015 28952 56213
129562 11005 47594
11005 47594 129562
47594 11005 129562
93596 101714 138979
101714 93596 138979
138979 93596 101714
124699 7110 85923
7110 85923 124699
85923 7110 124699
48221 61900 143525
61900 48221 143525
143525 48221 61900
135674 25952 64115
64115 25952 135674
25952 64115 135674
129791 63521 126717
126717 63521 129791
63521 126717 129791
71652 53846 65287
53846 65287 71652
65287 53846 71652
39652 12245 102667
12245 39652 102667
102667 12245 39652
91464 25567 108824
108824 25567 91464
25567 91464 108824
134961 45057 91641
45057 91641 134961
91641 45057 134961
18358 113460 137587
137587 18358 113460
113460 18358 137587
74949 29906 53858
29906 53858 74949
53858 29906 74949
109239 54276 140230
140230 54276 109239
54276 109239 140230
573 39217 115986
39217 573 115986
115986 573 39217
84393 39735 97121
39735 84393 97121
97121 39735 84393
99182 131142 134732
134732 99182 131142
131142 99182 134732
147439 85919 116983
85919 116983 147439
116983 85919 147439
14715 81994 129022
129022 14715 81994
81994 14715 129022
5006 87981 99299
99299 5006 87981
87981 5006 99299
112021 28330 65684
65684 28330 112021
28330 65684 112021
32791 72243 115206
115206 32791 72243
72243 32791 115206
33131 31155 47582
31155 33131 47582
47582 31155 33131
86644 21980 137543
21980 86644 137543
137543 21980 86644
14195 29415 129824
29415 14195 129824
129824 14195 29415
126374 118481 148275
148275 118481 126374
118481 126374 148275
75975 21212 57659
57659 21212 75975
21212 57659 75975
109538 3698 44893
44893 3698 109538
3698 44893 109538
90632 14088 85946
14088 85946 90632
85946 14088 90632
38592 39934 136698
39934 38592 136698
136698 38592 39934
133829 143923 144126
144126 133829 143923
143923 133829 144126
110745 50572 149791
149791 50572 110745
50572 110745 149791
136320 104192 138244
138244 104192 136320
104192 136320 138244
133120 15293 108312
108312 15293 133120
15293 108312 133120
88481 35859 127888
35859 88481 127888
127888 35859 88481
129908 21590 57254
57254 21590 129908
21590 57254 129908
80956 11121 44816
44816 11121 80956
11121 44816 80956
44136 65377 76767
76767 44136 65377
65377 44136 76767
18294 17668 28291
17668 18294 28291
28291 17668 18294
16774 71095 80487
71095 16774 80487
80487 16774 71095
92638 31632 51349
51349 31632 92638
31632 51349 92638
63042 84874 95245
84874 63042 95245
95245 63042 84874
89337 56475 112708
112708 56475 89337
56475 89337 112708
31505 16144 133536
