731 381 958
958 381 731
381 731 958
1111 378 666
666 378 1111
378 666 1111
947 34 366
34 366 947
366 34 947
1468 228 1168
228 1168 1468
1168 228 1468
1013 301 650
650 301 1013
301 650 1013
1486 468 1414
468 1414 1486
1414 468 1486
221 478 1229
478 221 1229
1229 221 478
224 242 1057
1057 224 242
242 224 1057
1403 6 1386
1386 6 1403
6 1386 1403
1455 556 739
739 556 1455
556 739 1455
1036 239 936
936 239 1036
239 936 1036
1417 186 212
212 186 1417
186 212 1417
1394 293 1346
1346 293 1394
293 1346 1394
480 627 1257
1257 480 627
627 480 1257
865 1068 1413
1068 865 1413
1413 865 1068
100 993 1302
993 100 1302
1302 100 993
970 337 1470
337 970 1470
1470 337 970
61 630 829
829 61 630
630 61 829
1078 138 693
693 138 1078
138 693 1078
621 22 490
22 490 621
490 22 621
355 240 816
240 355 816
816 240 355
900 1422 1433
1422 900 1433
1433 900 1422
1450 867 1478
1478 867 1450
867 1450 1478
862 164 1392
1392 164 862
164 862 1392
1418 898 1235
1235 898 1418
898 1235 1418
1135 402 702
702 402 1135
402 702 1135
428 935 1475
1475 428 935
935 428 1475
340 229 724
724 229 340
229 340 724
339 314 1220
314 339 1220
1220 314 339
359 708 1091
708 359 1091
1091 359 708
1206 546 844
844 546 1206
546 844 1206
934 1279 1322
1279 934 1322
1322 934 1279
777 67 499
67 499 777
499 67 777
458 152 295
152 295 458
295 152 458
698 809 1378
809 698 1378
1378 698 809
996 675 1292
675 996 1292
1292 675 996
713 1361 1439
1439 713 1361
1361 713 1439
1104 438 1186
1186 438 1104
438 1104 1186
368 1205 1477
1477 368 1205
1205 368 1477
105 391 1126
391 105 1126
1126 105 391
1181 107 555
107 555 1181
555 107 1181
918 609 1230
609 918 1230
1230 609 918
12 73 658
658 12 73
73 12 658
1490 244 1349
244 1349 1490
1349 244 1490
216 674 882
674 216 882
882 216 674
1364 505 1383
1383 505 1364
505 1364 1383
550 285 717
285 550 717
717 285 550
672 840 1476
1476 672 840
840 672 1476
1208 1333 1362
1362 1208 1333
1333 1208 1362
1176 845 1086
845 1086 1176
1086 845 1176
74 4 1290
1290 4 74
4 74 1290
392 843 1389
843 392 1389
1389 392 843
1155 1377 1487
1487 1155 1377
1377 1155 1487
712 648 1012
1012 648 712
648 712 1012
1146 730 1355
730 1146 1355
1355 730 1146
132 82 1081
82 132 1081
1081 82 132
1008 141 1359
141 1008 1359
1359 141 1008
1451 466 908
466 908 1451
908 466 1451
329 147 827
147 329 827
827 147 329
1090 676 1051
676 1051 1090
1051 676 1090
534 870 1295
870 534 1295
1295 534 870
912 715 1491
1491 715 912
715 912 1491
84 253 1023
1023 84 253
253 84 1023
1029 171 267
171 267 1029
267 171 1029
856 7 1129
1129 7 856
7 856 1129
537 581 1074
1074 537 581
581 537 1074
557 726 1458
1458 557 726
726 557 1458
19 207 1031
1031 19 207
207 19 1031
485 962 1270
962 485 1270
1270 485 962
805 68 497
497 68 805
68 497 805
1457 1040 1442
1442 1040 1457
1040 1442 1457
96 276 955
276 96 955
955 96 276
1187 117 189
117 189 1187
189 117 1187
464 694 776
776 464 694
694 464 776
847 320 1374
320 847 1374
1374 320 847
636 467 496
467 496 636
496 467 636
287 206 756
206 287 756
756 206 287
204 812 1226
1226 204 812
812 204 1226
605 439 1421
1421 439 605
439 605 1421
396 349 853
853 349 396
349 396 853
487 969 1315
1315 487 969
969 487 1315
158 773 1112
773 158 1112
1112 158 773
899 465 1388
465 899 1388
1388 465 899
15 641 863
863 15 641
641 15 863
312 135 265
265 135 312
135 265 312
486 483 1050
1050 483 486
483 486 1050
995 961 1183
1183 961 995
961 995 1183
575 584 991
991 575 584
584 575 991
35 114 196
196 35 114
114 35 196
1296 1082 1134
1082 1134 1296
1134 1082 1296
1028 563 1222
563 1028 1222
1222 563 1028
1221 498 826
498 826 1221
826 498 1221
849 149 512
512 149 849
149 512 849
1202 514 1223
1223 514 1202
514 1202 1223
399 737 1314
737 399 1314
1314 399 737
624 495 1219
1219 495 624
495 624 1219
153 120 1114
120 153 1114
1114 120 153
449 303 566
303 449 566
566 303 449
1444 309 1109
1109 309 1444
309 1109 1444
492 1032 1420
1032 492 1420
1420 492 1032
1483 183 298
183 298 1483
298 183 1483
1408 401 1142
1142 401 1408
401 1142 1408
876 139 683
139 683 876
683 139 876
1003 565 1351
565 1003 1351
1351 565 1003
787 429 921
429 787 921
921 429 787
493 645 1406
645 493 1406
1406 493 645
1453 87 976
976 87 1453
87 976 1453
651 291 903
903 291 651
291 651 903
1045 151 352
352 151 1045
151 352 1045
1323 245 1271
1271 245 1323
245 1271 1323
1115 906 985
985 906 1115
906 985 1115
213 569 1463
569 213 1463
1463 213 569
166 446 594
594 166 446
446 166 594
192 3 802
802 3 192
3 192 802
1152 356 1425
356 1152 1425
1425 356 1152
345 613 986
613 345 986
986 345 613
131 373 1027
1027 131 373
373 131 1027
1130 1412 1465
1465 1130 1412
1412 1130 1465
1204 31 211
211 31 1204
31 211 1204
554 365 1246
365 554 1246
1246 365 554
736 788 1353
788 736 1353
1353 736 788
1069 344 1436
1436 344 1069
344 1069 1436
1055 40 427
40 427 1055
427 40 1055
473 794 1011
1011 473 794
794 473 1011
262 520 1416
520 262 1416
1416 262 520
1119 1002 1298
1002 1119 1298
1298 1002 1119
1373 23 1307
1307 23 1373
23 1307 1373
543 1234 1261
1234 543 1261
1261 543 1234
597 1360 1500
1500 597 1360
1360 597 1500
896 184 1189
1189 184 896
184 896 1189
372 681 972
681 372 972
972 372 681
1426 313 1228
313 1228 1426
1228 313 1426
1410 540 1103
1103 540 1410
540 1103 1410
144 919 1245
1245 144 919
919 144 1245
1303 161 1242
1242 161 1303
161 1242 1303
1454 395 1154
1154 395 1454
395 1154 1454
109 1240 1367
1240 109 1367
1367 109 1240
394 959 1127
1127 394 959
959 394 1127
879 890 1318
890 879 1318
1318 879 890
968 751 886
751 886 968
886 751 968
124 128 519
128 124 519
519 124 128
953 358 830
358 830 953
830 358 953
1080 52 669
52 669 1080
669 52 1080
895 286 1097
1097 286 895
286 895 1097
561 1391 1395
1391 561 1395
1395 561 1391
1284 268 527
527 268 1284
268 527 1284
1107 727 1469
1469 727 1107
727 1107 1469
457 1198 1297
1297 457 1198
1198 457 1297
1369 975 1348
975 1348 1369
1348 975 1369
774 1184 1280
1184 774 1280
1280 774 1184
1428 615 1273
615 1273 1428
1273 615 1428
400 79 516
79 400 516
516 79 400
1472 37 823
823 37 1472
37 823 1472
484 233 1000
1000 233 484
233 484 1000
1160 188 703
188 703 1160
703 188 1160
1485 541 1398
541 1398 1485
1398 541 1485
1494 283 729
283 729 1494
729 283 1494
235 30 1017
30 235 1017
1017 30 235
951 588 687
588 687 951
687 588 951
2 93 1316
1316 2 93
93 2 1316
992 97 922
97 922 992
922 97 992
620 81 1289
1289 81 620
81 620 1289
1405 808 1267
808 1267 1405
1267 808 1405
790 1301 1404
1301 790 1404
1404 790 1301
604 384 723
723 384 604
384 604 723
971 1063 1396
1396 971 1063
1063 971 1396
121 1277 1342
1277 121 1342
1342 121 1277
1294 178 1140
178 1140 1294
1140 178 1294
572 688 783
688 572 783
783 572 688
619 1066 1352
1066 619 1352
1352 619 1066
1001 432 587
432 587 1001
587 432 1001
370 574 1156
574 370 1156
1156 370 574
1259 710 1203
1203 710 1259
710 1203 1259
544 1025 1320
1320 544 1025
1025 544 1320
322 232 533
533 232 322
232 322 533
1047 939 1339
939 1047 1339
1339 939 1047
988 757 1438
1438 757 988
757 988 1438
673 377 451
377 451 673
451 377 673
767 1093 1313
1313 767 1093
1093 767 1313
1124 217 984
217 984 1124
984 217 1124
728 60 933
933 60 728
60 728 933
348 749 1312
1312 348 749
749 348 1312
1260 214 1099
1099 214 1260
214 1099 1260
70 952 1337
1337 70 952
952 70 1337
558 656 966
656 558 966
966 558 656
873 617 836
836 617 873
617 836 873
818 578 741
741 578 818
578 741 818
1052 535 1225
535 1052 1225
1225 535 1052
1195 801 938
801 938 1195
938 801 1195
174 282 1254
282 174 1254
1254 174 282
564 86 231
86 231 564
231 86 564
1216 820 1327
1327 820 1216
820 1216 1327
860 441 463
441 463 860
463 441 860
104 39 1053
39 104 1053
1053 39 104
1178 220 331
220 331 1178
331 220 1178
290 71 1397
71 290 1397
1397 71 290
866 528 568
528 568 866
568 528 866
353 735 990
735 353 990
990 353 735
667 176 914
176 667 914
914 176 667
1179 129 1415
129 1179 1415
1415 129 1179
941 759 842
759 842 941
842 759 941
165 288 1133
288 165 1133
1133 165 288
570 822 1317
822 570 1317
1317 570 822
872 511 602
511 602 872
602 511 872
894 406 1096
1096 406 894
406 894 1096
679 415 1382
1382 415 679
415 679 1382
974 306 1159
1159 306 974
306 974 1159
1116 200 998
200 998 1116
998 200 1116
603 383 1243
383 603 1243
1243 383 603
1118 255 586
255 586 1118
586 255 1118
1429 931 1381
931 1381 1429
1381 931 1429
76 501 1084
501 76 1084
1084 76 501
1447 408 1424
1424 408 1447
408 1424 1447
1488 591 753
753 591 1488
591 753 1488
126 264 793
264 126 793
793 126 264
459 481 670
670 459 481
481 459 670
1026 789 875
875 789 1026
789 875 1026
1304 664 1167
664 1167 1304
1167 664 1304
430 407 431
431 407 430
407 430 431
529 45 1371
1371 45 529
45 529 1371
1324 90 1067
90 1067 1324
1067 90 1324
275 1285 1435
1285 275 1435
1435 275 1285
420 311 1325
311 420 1325
1325 311 420
1048 434 577
577 434 1048
434 577 1048
854 601 633
601 633 854
633 601 854
123 234 1139
234 123 1139
1139 123 234
778 1016 1034
1016 778 1034
1034 778 1016
1215 326 1358
1358 326 1215
326 1215 1358
1079 477 924
477 924 1079
924 477 1079
375 707 864
864 375 707
707 375 864
64 304 705
304 64 705
705 64 304
140 442 611
442 140 611
611 140 442
742 1 686
686 1 742
1 686 742
689 855 1072
1072 689 855
855 689 1072
159 305 405
305 159 405
405 159 305
156 218 828
218 156 828
828 156 218
1076 571 973
571 973 1076
973 571 1076
471 168 1253
168 471 1253
1253 168 471
1448 447 701
701 447 1448
447 701 1448
142 1054 1409
1054 142 1409
1409 142 1054
1331 185 868
868 185 1331
185 868 1331
1177 659 977
977 659 1177
659 977 1177
1434 488 1493
1493 488 1434
488 1434 1493
62 573 1387
1387 62 573
573 62 1387
1035 417 1262
1262 417 1035
417 1035 1262
338 1005 1379
1379 338 1005
1005 338 1379
9 83 88
88 9 83
83 9 88
766 27 1368
1368 27 766
27 766 1368
716 328 795
795 328 716
328 716 795
680 205 559
559 205 680
205 559 680
786 740 978
978 740 786
740 786 978
567 652 1340
1340 567 652
652 567 1340
937 95 622
622 95 937
95 622 937
1252 784 883
883 784 1252
784 883 1252
410 503 1400
503 410 1400
1400 410 503
1326 785 881
785 881 1326
881 785 1326
580 616 644
644 580 616
616 580 644
274 640 1440
640 274 1440
1440 274 640
1110 119 175
175 119 1110
119 175 1110
904 752 768
752 768 904
768 752 904
29 1065 1163
1065 29 1163
1163 29 1065
1085 271 628
628 271 1085
271 628 1085
779 50 542
50 542 779
542 50 779
771 642 1145
642 771 1145
1145 642 771
917 775 1309
1309 775 917
775 917 1309
333 130 307
307 130 333
130 307 333
1441 482 1462
482 1441 1462
1462 482 1441
1058 1286 1308
1308 1058 1286
1286 1058 1308
343 791 1077
1077 343 791
791 343 1077
1021 319 470
319 470 1021
470 319 1021
330 51 1461
51 330 1461
1461 51 330
1061 1149 1407
1149 1061 1407
1407 1061 1149
112 738 1151
1151 112 738
738 112 1151
1499 209 518
518 209 1499
209 518 1499
21 182 700
182 21 700
700 21 182
53 796 963
796 53 963
963 53 796
1161 180 706
706 180 1161
180 706 1161
981 526 1218
526 981 1218
1218 526 981
813 453 769
769 453 813
453 769 813
143 230 1376
230 143 1376
1376 143 230
821 346 1038
1038 346 821
346 821 1038
638 80 1194
1194 80 638
80 638 1194
1390 552 714
552 714 1390
714 552 1390
75 167 474
167 75 474
474 75 167
1043 1162 1172
1162 1043 1172
1172 1043 1162
20 249 1148
249 20 1148
1148 20 249
238 94 145
94 145 238
145 94 238
1122 315 1193
1193 315 1122
315 1122 1193
5 462 612
612 5 462
462 5 612
765 63 1460
63 765 1460
1460 63 765
1004 227 296
296 227 1004
227 296 1004
376 1087 1266
1266 376 1087
1087 376 1266
1328 762 1471
1471 762 1328
762 1328 1471
927 590 1108
1108 590 927
590 927 1108
1256 58 530
58 530 1256
530 58 1256
1131 1120 1393
1120 1131 1393
1393 1120 1131
1445 660 1157
660 1157 1445
1157 660 1445
289 258 834
258 289 834
834 258 289
1459 618 859
859 618 1459
618 859 1459
350 125 888
888 125 350
125 350 888
1338 150 1147
150 1147 1338
1147 150 1338
553 848 869
848 553 869
869 553 848
47 1190 1496
1496 47 1190
1190 47 1496
44 831 1299
1299 44 831
831 44 1299
390 748 803
748 390 803
803 390 748
1446 524 835
524 835 1446
835 524 1446
332 422 1171
1171 332 422
422 332 1171
157 1071 1095
1095 157 1071
1071 157 1095
102 452 599
599 102 452
452 102 599
1121 839 1136
1136 839 1121
839 1121 1136
761 36 1365
36 761 1365
1365 36 761
347 134 1217
1217 134 347
134 347 1217
1281 1251 1265
1251 1265 1281
1265 1251 1281
916 299 1088
299 916 1088
1088 299 916
1282 454 1347
454 1282 1347
1347 454 1282
24 251 421
421 24 251
251 24 421
1092 14 661
14 661 1092
661 14 1092
1489 1248 1372
1372 1248 1489
1248 1372 1489
926 294 1200
294 926 1200
1200 294 926
639 1046 1056
1056 639 1046
1046 639 1056
858 270 1144
1144 270 858
270 858 1144
1143 25 397
25 397 1143
397 25 1143
435 101 318
318 101 435
101 318 435
718 8 799
8 718 799
799 8 718
861 154 259
154 259 861
259 154 861
857 302 308
308 302 857
302 308 857
1380 1211 1334
1211 1334 1380
1334 1211 1380
199 411 817
817 199 411
411 199 817
1306 925 1049
925 1049 1306
1049 925 1306
1232 424 913
424 913 1232
913 424 1232
637 56 1452
56 637 1452
1452 56 637
225 103 1498
1498 103 225
103 225 1498
668 798 1041
1041 668 798
798 668 1041
1132 547 1482
547 1132 1482
1482 547 1132
819 491 506
491 506 819
506 491 819
1174 502 1356
502 1174 1356
1356 502 1174
1117 500 610
500 610 1117
610 500 1117
191 764 1180
764 191 1180
1180 191 764
1153 562 1492
1492 562 1153
562 1153 1492
930 98 1272
98 930 1272
1272 98 930
699 517 1098
517 699 1098
1098 517 699
111 1019 1201
1201 111 1019
1019 111 1201
994 115 684
684 115 994
115 684 994
1249 560 1319
560 1249 1319
1319 560 1249
745 354 379
379 354 745
354 379 745
210 28 1366
1366 28 210
28 210 1366
807 136 261
136 261 807
261 136 807
635 418 846
846 418 635
418 635 846
1015 671 1170
671 1015 1170
1170 671 1015
1343 832 960
832 960 1343
960 832 1343
1213 170 1287
1287 170 1213
170 1213 1287
1094 137 443
137 443 1094
443 137 1094
99 623 1268
1268 99 623
623 99 1268
1070 26 920
920 26 1070
26 920 1070
77 55 1473
55 77 1473
1473 55 77
928 750 1402
750 928 1402
1402 750 928
476 388 911
388 476 911
911 388 476
885 197 371
197 371 885
371 197 885
1329 222 734
222 734 1329
734 222 1329
1175 444 448
444 448 1175
448 444 1175
852 362 1341
362 852 1341
1341 362 852
1291 1210 1255
1255 1210 1291
1210 1255 1291
1158 682 893
893 682 1158
682 893 1158
1480 69 515
515 69 1480
69 515 1480
521 983 1330
1330 521 983
983 521 1330
1423 66 1484
66 1423 1484
1484 66 1423
780 598 1350
1350 598 780
598 780 1350
297 409 923
409 297 923
923 297 409
897 725 905
905 725 897
725 897 905
177 194 964
964 177 194
194 177 964
1227 54 1137
54 1137 1227
1137 54 1227
932 582 946
946 582 932
582 932 946
1209 456 733
456 733 1209
733 456 1209
1274 585 608
585 608 1274
608 585 1274
704 797 1479
1479 704 797
797 704 1479
155 380 1042
380 155 1042
1042 155 380
1238 247 607
247 607 1238
607 247 1238
646 404 593
404 593 646
593 404 646
252 589 1188
1188 252 589
589 252 1188
880 364 1083
1083 364 880
364 880 1083
1419 525 1354
1354 525 1419
525 1354 1419
804 243 1169
243 804 1169
1169 243 804
549 732 743
743 549 732
732 549 743
944 461 475
461 475 944
475 461 944
657 532 721
721 532 657
532 657 721
325 663 1060
663 325 1060
1060 325 663
531 179 583
583 179 531
179 531 583
387 203 1207
1207 203 387
203 387 1207
193 113 837
837 113 193
113 193 837
335 273 419
273 335 419
419 273 335
655 219 1431
1431 219 655
219 655 1431
892 160 1495
1495 160 892
160 892 1495
889 374 416
374 416 889
416 374 889
949 173 695
695 173 949
173 695 949
1278 423 678
678 423 1278
423 678 1278
38 489 929
489 38 929
929 38 489
901 815 1332
1332 815 901
815 901 1332
980 57 1250
57 980 1250
1250 57 980
915 979 1214
1214 915 979
979 915 1214
1039 1123 1258
1123 1039 1258
1258 1039 1123
16 763 1185
763 16 1185
1185 16 763
360 677 874
677 360 874
874 360 677
1105 65 954
65 954 1105
954 65 1105
310 351 450
351 310 450
450 310 351
41 342 814
814 41 342
342 41 814
999 632 1443
632 999 1443
1443 632 999
215 386 1009
386 215 1009
1009 215 386
48 49 957
957 48 49
49 48 957
800 280 758
758 280 800
280 758 800
1241 997 1275
997 1241 1275
1275 997 1241
172 504 909
909 172 504
504 172 909
1020 719 1196
1196 719 1020
719 1020 1196
433 116 367
116 367 433
367 116 433
943 198 772
198 772 943
772 198 943
281 169 226
169 226 281
226 169 281
942 902 1106
1106 902 942
902 942 1106
1399 747 1033
747 1033 1399
1033 747 1399
1197 148 1401
1401 148 1197
148 1197 1401
1481 494 982
494 982 1481
982 494 1481
1102 32 1014
1014 32 1102
32 1014 1102
327 509 1164
509 327 1164
1164 327 509
792 11 1236
1236 11 792
11 792 1236
246 187 321
321 187 246
187 246 321
266 746 1030
1030 266 746
746 266 1030
833 891 1430
1430 833 891
891 833 1430
278 510 878
878 278 510
510 278 878
1497 277 1233
277 1233 1497
1233 277 1497
507 469 1335
1335 469 507
469 507 1335
1311 317 950
317 950 1311
950 317 1311
195 413 1022
1022 195 413
413 195 1022
1321 414 1370
414 1321 1370
1370 414 1321
1141 536 634
536 634 1141
634 536 1141
1237 426 436
436 426 1237
426 436 1237
1191 692 1128
1128 692 1191
692 1128 1191
513 162 722
722 162 513
162 513 722
1173 89 1044
1044 89 1173
89 1044 1173
472 13 46
46 13 472
13 46 472
59 385 425
385 59 425
425 59 385
284 596 887
887 284 596
596 284 887
279 263 369
369 263 279
263 279 369
85 122 1411
1411 85 122
122 85 1411
1437 118 631
631 118 1437
118 631 1437
363 324 341
341 324 363
324 341 363
606 78 647
647 78 606
78 606 647
1466 382 576
576 382 1466
382 576 1466
1336 691 989
989 691 1336
691 989 1336
236 208 841
841 208 236
208 236 841
1199 237 1037
237 1037 1199
1037 237 1199
851 754 1385
754 851 1385
1385 754 851
1432 181 662
662 181 1432
181 662 1432
133 720 1449
720 133 1449
1449 133 720
910 412 945
412 910 945
945 412 910
250 316 600
316 250 600
600 250 316
824 690 1384
1384 690 824
690 824 1384
43 127 445
127 43 445
445 43 127
398 654 1166
654 398 1166
1166 398 654
1024 437 523
523 437 1024
437 523 1024
10 33 709
709 10 33
33 10 709
1427 1007 1089
1007 1089 1427
1089 1007 1427
272 202 393
202 272 393
393 202 272
1467 956 965
956 965 1467
965 956 1467
522 146 1075
146 522 1075
1075 146 522
629 460 538
538 460 629
460 538 629
1224 223 711
711 223 1224
223 711 1224
92 254 1263
1263 92 254
254 92 1263
17 357 1357
357 17 1357
1357 17 357
697 389 1100
1100 389 697
389 697 1100
696 1113 1344
1344 696 1113
1113 696 1344
595 1101 1150
1101 595 1150
1150 595 1101
508 1010 1182
1182 508 1010
1010 508 1182
685 300 948
300 685 948
948 300 685
940 403 614
614 403 940
403 614 940
551 163 1239
1239 163 551
163 551 1239
361 1064 1293
1064 361 1293
1293 361 1064
1283 1165 1264
1264 1165 1283
1165 1264 1283
653 323 760
323 653 760
760 323 653
649 1062 1288
1062 649 1288
1288 649 1062
987 811 1212
811 987 1212
1212 811 987
1138 260 1456
1456 260 1138
260 1138 1456
806 108 455
455 108 806
108 455 806
269 782 1305
1305 269 782
782 269 1305
1006 810 884
884 810 1006
810 884 1006
967 91 877
877 91 967
91 877 967
1310 42 1192
42 1192 1310
1192 42 1310
106 626 1269
1269 106 626
626 106 1269
1073 256 334
256 334 1073
334 256 1073
781 548 838
548 781 838
838 548 781
1464 292 825
825 292 1464
292 825 1464
1125 72 545
72 545 1125
545 72 1125
1059 770 1474
770 1059 1474
1474 770 1059
625 539 1018
539 625 1018
1018 539 625
871 665 744
744 665 871
665 744 871
579 440 907
440 579 907
907 440 579
479 1244 1345
1244 479 1345
1345 479 1244
755 336 1247
1247 336 755
336 755 1247
643 190 1276
190 643 1276
1276 190 643
248 850 1300
850 248 1300
1300 248 850
257 1363 1375
1363 257 1375
1375 257 1363
592 18 1231
18 592 1231
1231 18 592
110 201 241
201 110 241
241 110 201
