12595 5436 13355
13355 5436 12595
5436 12595 13355
5385 1589 3601
1589 3601 5385
3601 1589 5385
2486 2905 10472
2905 2486 10472
10472 2486 2905
13412 6648 12757
6648 12757 13412
12757 6648 13412
8647 6515 9865
6515 8647 9865
9865 6515 8647
7753 504 2915
504 2915 7753
2915 504 7753
13940 6019 13235
13235 6019 13940
6019 13235 13940
5642 2110 4893
2110 4893 5642
4893 2110 5642
6125 1754 5384
1754 5384 6125
5384 1754 6125
2621 2010 10243
2010 2621 10243
10243 2010 2621
4450 3411 4744
4744 3411 4450
3411 4450 4744
10332 3397 11870
11870 3397 10332
3397 10332 11870
7173 5417 10665
10665 5417 7173
5417 7173 10665
10901 2452 14870
2452 10901 14870
14870 2452 10901
2296 1644 11305
11305 1644 2296
1644 2296 11305
2526 5427 6819
5427 2526 6819
6819 2526 5427
7703 1291 6527
6527 1291 7703
1291 6527 7703
12562 228 13170
228 12562 13170
13170 228 12562
6836 9686 10452
9686 6836 10452
10452 6836 9686
7451 5747 11619
11619 5747 7451
5747 7451 11619
886 10110 14080
10110 886 14080
14080 886 10110
1171 1768 9662
9662 1171 1768
1768 1171 9662
10513 2983 13042
13042 2983 10513
2983 10513 13042
13398 8881 14554
8881 13398 14554
14554 8881 13398
7973 1951 7143
7143 1951 7973
1951 7143 7973
5094 6151 10846
6151 5094 10846
10846 5094 6151
6706 4254 14394
14394 4254 6706
4254 6706 14394
5788 2165 13703
2165 5788 13703
13703 2165 5788
6133 9768 13529
13529 6133 9768
9768 6133 13529
6319 4294 10847
4294 6319 10847
10847 4294 6319
8754 3625 6404
6404 3625 8754
3625 6404 8754
2650 1689 4147
4147 1689 2650
1689 2650 4147
9455 664 7979
7979 664 9455
664 7979 9455
4535 3101 12315
12315 3101 4535
3101 4535 12315
5664 6879 12591
12591 5664 6879
6879 5664 12591
5204 2600 8080
8080 2600 5204
2600 5204 8080
777 8878 9465
9465 777 8878
8878 777 9465
4683 6658 11374
11374 4683 6658
6658 4683 11374
10986 5078 7323
5078 7323 10986
7323 5078 10986
8592 1667 13691
1667 8592 13691
13691 1667 8592
14344 465 12561
12561 465 14344
465 12561 14344
4951 2419 3636
3636 2419 4951
2419 3636 4951
11509 15 3638
3638 15 11509
15 3638 11509
1406 5545 13978
13978 1406 5545
5545 1406 13978
14288 1186 3480
1186 3480 14288
3480 1186 14288
2071 1144 4758
1144 2071 4758
4758 1144 2071
7293 9368 14246
14246 7293 9368
9368 7293 14246
11588 4340 6764
6764 4340 11588
4340 6764 11588
8228 1248 6779
6779 1248 8228
1248 6779 8228
6138 1596 12501
12501 1596 6138
1596 6138 12501
10022 5387 13319
5387 10022 13319
13319 5387 10022
4743 2046 14307
2046 4743 14307
14307 2046 4743
14089 270 2144
2144 270 14089
270 2144 14089
10630 7219 14884
14884 7219 10630
7219 10630 14884
5236 5680 13074
5680 5236 13074
13074 5236 5680
113 1845 11808
1845 113 11808
11808 113 1845
13735 7844 9183
9183 7844 13735
7844 9183 13735
828 10742 12506
10742 828 12506
12506 828 10742
9227 4875 5830
4875 5830 9227
5830 4875 9227
6537 1782 10903
10903 1782 6537
1782 6537 10903
542 930 10957
10957 542 930
930 542 10957
12355 1925 3494
1925 3494 12355
3494 1925 12355
11557 2504 10437
2504 10437 11557
10437 2504 11557
10302 271 8320
8320 271 10302
271 8320 10302
9522 10856 13852
10856 9522 13852
13852 9522 10856
12006 6315 9245
9245 6315 12006
6315 9245 12006
4394 2279 4133
4133 2279 4394
2279 4133 4394
13009 6553 14981
6553 13009 14981
14981 6553 13009
3447 890 12681
12681 890 3447
890 3447 12681
4196 3441 12172
12172 3441 4196
3441 4196 12172
4733 399 5490
399 4733 5490
5490 399 4733
10163 9115 9687
9115 9687 10163
9687 9115 10163
1235 158 2559
2559 158 1235
158 1235 2559
7121 1054 10827
1054 7121 10827
10827 1054 7121
6189 1283 3918
3918 1283 6189
1283 3918 6189
8792 2177 14869
14869 2177 8792
2177 8792 14869
12224 5132 8832
5132 8832 12224
8832 5132 12224
12196 6090 8638
8638 6090 12196
6090 8638 12196
7797 545 5320
5320 545 7797
545 5320 7797
12868 1824 14022
1824 12868 14022
14022 1824 12868
871 2383 8282
2383 871 8282
8282 871 2383
4392 4337 13369
4337 4392 13369
13369 4337 4392
11787 1135 10545
1135 10545 11787
10545 1135 11787
5218 2167 7764
7764 2167 5218
2167 5218 7764
8480 2635 6789
6789 2635 8480
2635 6789 8480
10768 1194 12329
1194 10768 12329
12329 1194 10768
9135 3548 10802
3548 9135 10802
10802 3548 9135
9126 450 9633
9633 450 9126
450 9126 9633
5962 7897 9731
9731 5962 7897
7897 5962 9731
8261 4439 5458
5458 4439 8261
4439 5458 8261
11684 8884 14970
14970 8884 11684
8884 11684 14970
10578 786 892
786 892 10578
892 786 10578
9818 10234 11827
11827 9818 10234
10234 9818 11827
6629 1433 2886
2886 1433 6629
1433 2886 6629
3822 326 4832
326 3822 4832
4832 326 3822
14606 1038 5478
5478 1038 14606
1038 5478 14606
255 9546 12819
12819 255 9546
9546 255 12819
4496 3937 13885
3937 4496 13885
13885 3937 4496
3082 1954 10910
10910 1954 3082
1954 3082 10910
14156 334 11086
11086 334 14156
334 11086 14156
2027 2080 11885
11885 2027 2080
2080 2027 11885
1203 7464 11369
7464 1203 11369
11369 1203 7464
3883 5754 8703
8703 3883 5754
5754 3883 8703
7722 5231 14091
5231 7722 14091
14091 5231 7722
8925 3472 7492
3472 7492 8925
7492 3472 8925
12905 12768 14262
14262 12768 12905
12768 12905 14262
6492 8010 10803
8010 6492 10803
10803 6492 8010
5633 80 1863
80 1863 5633
1863 80 5633
11423 12192 14291
14291 11423 12192
12192 11423 14291
607 11455 13969
13969 607 11455
11455 607 13969
8835 2310 4859
4859 2310 8835
2310 4859 8835
6230 7067 8352
7067 6230 8352
8352 6230 7067
10728 10168 11887
11887 10168 10728
10168 10728 11887
4736 3854 13294
13294 3854 4736
3854 4736 13294
11895 10000 10269
10000 10269 11895
10269 10000 11895
8989 4235 10191
10191 4235 8989
4235 8989 10191
14201 8529 14645
14645 8529 14201
8529 14201 14645
13732 1946 4034
4034 1946 13732
1946 4034 13732
10938 6841 9494
9494 6841 10938
6841 9494 10938
1985 11609 12017
11609 1985 12017
12017 1985 11609
9641 865 10322
865 9641 10322
10322 865 9641
11699 9772 11346
11346 9772 11699
9772 11346 11699
11997 6173 8940
8940 6173 11997
6173 8940 11997
4998 5292 8432
5292 4998 8432
8432 4998 5292
3110 5935 9039
9039 3110 5935
5935 3110 9039
11661 9882 12052
12052 9882 11661
9882 11661 12052
14400 4026 7648
4026 7648 14400
7648 4026 14400
7583 1965 2260
1965 2260 7583
2260 1965 7583
10749 294 7373
294 7373 10749
7373 294 10749
12273 6472 11682
11682 6472 12273
6472 11682 12273
7007 11553 13471
13471 7007 11553
11553 7007 13471
3715 3474 3987
3987 3474 3715
3474 3715 3987
351 1355 14498
14498 351 1355
1355 351 14498
679 6628 7036
6628 679 7036
7036 679 6628
6808 5100 6977
6977 5100 6808
5100 6808 6977
11657 5393 10426
5393 10426 11657
10426 5393 11657
7629 5346 8841
8841 5346 7629
5346 7629 8841
291 3926 4180
3926 291 4180
4180 291 3926
10791 5971 13872
13872 5971 10791
5971 10791 13872
10614 9209 14598
14598 9209 10614
9209 10614 14598
11828 7361 9310
9310 7361 11828
7361 9310 11828
5229 10959 12881
12881 5229 10959
10959 5229 12881
2943 1709 13848
13848 1709 2943
1709 2943 13848
8736 5158 14054
5158 8736 14054
14054 5158 8736
14756 434 11134
11134 434 14756
434 11134 14756
3546 5689 11254
11254 3546 5689
5689 3546 11254
3137 12129 12362
12129 3137 12362
12362 3137 12129
13821 4908 12991
4908 12991 13821
12991 4908 13821
13653 4546 11724
11724 4546 13653
4546 11724 13653
10868 1134 4171
4171 1134 10868
1134 4171 10868
6223 10315 14111
10315 6223 14111
14111 6223 10315
8717 4735 7536
7536 4735 8717
4735 7536 8717
10840 12894 14546
12894 10840 14546
14546 10840 12894
11500 7254 8025
8025 7254 11500
7254 8025 11500
9171 7178 9898
7178 9171 9898
9898 7178 9171
11629 9932 12822
9932 11629 12822
12822 9932 11629
13967 6251 12530
12530 6251 13967
6251 12530 13967
12604 6993 14973
14973 6993 12604
6993 12604 14973
11873 5169 8921
5169 8921 11873
8921 5169 11873
12228 4028 8451
4028 8451 12228
8451 4028 12228
1311 4475 8738
8738 1311 4475
4475 1311 8738
3049 1591 8701
8701 1591 3049
1591 3049 8701
10666 1934 5755
5755 1934 10666
1934 5755 10666
5954 10680 13102
13102 5954 10680
10680 5954 13102
310 4422 10963
4422 310 10963
10963 310 4422
3190 8897 11988
8897 3190 11988
11988 3190 8897
1463 2602 3436
2602 1463 3436
3436 1463 2602
2642 11616 13095
11616 2642 13095
13095 2642 11616
6742 3693 12092
12092 3693 6742
3693 6742 12092
11539 13093 14852
14852 11539 13093
13093 11539 14852
11891 9806 13343
9806 11891 13343
13343 9806 11891
617 227 11104
227 617 11104
11104 227 617
3647 3419 4665
4665 3419 3647
3419 3647 4665
12639 1473 3750
3750 1473 12639
1473 3750 12639
2888 3407 9474
9474 2888 3407
3407 2888 9474
6356 7663 14731
7663 6356 14731
14731 6356 7663
6716 6231 14658
6231 6716 14658
14658 6231 6716
1234 9836 10974
10974 1234 9836
9836 1234 10974
2956 6627 14266
6627 2956 14266
14266 2956 6627
148 3812 13316
13316 148 3812
3812 148 13316
4135 3075 8253
8253 3075 4135
3075 4135 8253
13184 1702 3708
3708 1702 13184
1702 3708 13184
4221 12210 13043
13043 4221 12210
12210 4221 13043
4649 10115 14318
10115 4649 14318
14318 4649 10115
23 2109 8859
8859 23 2109
2109 23 8859
10198 241 12651
241 10198 12651
12651 241 10198
3843 2339 5048
2339 3843 5048
5048 2339 3843
2007 10763 14860
14860 2007 10763
10763 2007 14860
8173 415 8692
8692 415 8173
415 8173 8692
1102 9630 13051
9630 1102 13051
13051 1102 9630
9383 3934 11874
3934 9383 11874
11874 3934 9383
11942 11461 11484
11461 11484 11942
11484 11461 11942
12826 1215 1781
1781 1215 12826
1215 1781 12826
5316 9813 11119
11119 5316 9813
9813 5316 11119
1066 11512 13296
11512 1066 13296
13296 1066 11512
5359 560 1451
560 1451 5359
1451 560 5359
13058 10281 14491
10281 13058 14491
14491 10281 13058
1795 7362 10755
10755 1795 7362
7362 1795 10755
12896 1625 8295
1625 8295 12896
8295 1625 12896
2822 3698 10213
10213 2822 3698
3698 2822 10213
2270 6711 14997
6711 2270 14997
14997 2270 6711
4900 1860 11637
1860 4900 11637
11637 1860 4900
8622 3180 12694
12694 3180 8622
3180 8622 12694
5469 1455 1791
1455 1791 5469
1791 1455 5469
1238 12830 13746
13746 1238 12830
12830 1238 13746
7513 11187 11403
11403 7513 11187
11187 7513 11403
14121 13403 14339
13403 14121 14339
14339 13403 14121
14449 1629 6026
1629 6026 14449
6026 1629 14449
9732 5314 7033
5314 7033 9732
7033 5314 9732
2254 5877 13400
13400 2254 5877
5877 2254 13400
13268 8537 12839
8537 12839 13268
12839 8537 13268
11533 4611 9611
9611 4611 11533
4611 9611 11533
1825 5302 6880
5302 1825 6880
6880 1825 5302
2624 2867 7011
2867 2624 7011
7011 2624 2867
8382 5338 9283
5338 8382 9283
9283 5338 8382
5942 5584 14469
5584 5942 14469
14469 5584 5942
12829 1151 7434
1151 7434 12829
7434 1151 12829
1949 3539 11686
11686 1949 3539
3539 1949 11686
4165 1474 4820
4820 1474 4165
1474 4165 4820
9709 7350 14003
14003 7350 9709
7350 9709 14003
10038 4441 8607
4441 8607 10038
8607 4441 10038
11424 747 7484
7484 747 11424
747 7484 11424
3033 2221 8136
8136 2221 3033
2221 3033 8136
2742 6582 9067
9067 2742 6582
6582 2742 9067
7474 1900 11144
1900 7474 11144
11144 1900 7474
3842 9881 11027
11027 3842 9881
9881 3842 11027
12110 10284 12090
10284 12090 12110
12090 10284 12110
884 2162 10414
10414 884 2162
2162 884 10414
14073 942 4530
4530 942 14073
942 4530 14073
9313 2739 12356
2739 9313 12356
12356 2739 9313
6240 4158 5444
4158 5444 6240
5444 4158 6240
2085 9172 14763
14763 2085 9172
9172 2085 14763
12914 4066 13767
4066 12914 13767
13767 4066 12914
11838 12820 13434
12820 11838 13434
13434 11838 12820
14668 6965 7725
6965 7725 14668
7725 6965 14668
13392 2792 11943
2792 11943 13392
11943 2792 13392
13744 173 14038
14038 173 13744
173 13744 14038
13366 11700 12942
12942 11700 13366
11700 12942 13366
13915 4531 11555
11555 4531 13915
4531 11555 13915
12113 3155 7367
3155 7367 12113
7367 3155 12113
2911 2831 11884
11884 2831 2911
2831 2911 11884
994 1711 4509
4509 994 1711
1711 994 4509
10307 6672 9976
6672 9976 10307
9976 6672 10307
2095 4403 5829
5829 2095 4403
4403 2095 5829
1456 4132 8670
4132 1456 8670
8670 1456 4132
10837 10081 11587
10081 10837 11587
11587 10081 10837
3754 3175 12754
12754 3175 3754
3175 3754 12754
12458 6270 9681
9681 6270 12458
6270 9681 12458
14079 10330 12100
12100 10330 14079
10330 12100 14079
8971 11504 14547
14547 8971 11504
11504 8971 14547
12916 6608 10570
6608 10570 12916
10570 6608 12916
5590 3571 4884
4884 3571 5590
3571 4884 5590
746 1069 13678
1069 746 13678
13678 746 1069
5912 787 13758
787 5912 13758
13758 787 5912
5261 497 1724
497 1724 5261
1724 497 5261
2795 12139 12817
12817 2795 12139
12139 2795 12817
6960 2977 8611
8611 2977 6960
2977 6960 8611
1530 1806 14070
14070 1530 1806
1806 1530 14070
10490 4395 14721
14721 4395 10490
4395 10490 14721
13660 1572 11968
1572 11968 13660
11968 1572 13660
12464 4159 10834
4159 10834 12464
10834 4159 12464
8697 1053 12020
12020 1053 8697
1053 8697 12020
5923 5926 12815
12815 5923 5926
5926 5923 12815
12195 721 11170
721 11170 12195
11170 721 12195
7901 8654 14891
14891 7901 8654
8654 7901 14891
6887 842 5106
5106 842 6887
842 5106 6887
3545 8311 11069
8311 3545 11069
11069 3545 8311
14475 5265 7767
5265 7767 14475
7767 5265 14475
10029 3279 6382
3279 6382 10029
6382 3279 10029
7845 6892 7596
7596 6892 7845
6892 7596 7845
7477 4436 10411
4436 7477 10411
10411 4436 7477
4011 4876 13191
13191 4011 4876
4876 4011 13191
3663 11790 13990
11790 3663 13990
13990 3663 11790
6538 11050 14100
14100 6538 11050
11050 6538 14100
12956 3148 10009
10009 3148 12956
3148 10009 12956
6638 3132 11196
11196 3132 6638
3132 6638 11196
3431 3446 12291
3446 3431 12291
12291 3431 3446
2497 40 5635
5635 40 2497
40 2497 5635
6419 1315 4214
4214 1315 6419
1315 4214 6419
5029 10550 14900
14900 5029 10550
10550 5029 14900
6410 5763 8812
8812 5763 6410
5763 6410 8812
11514 4592 12040
4592 11514 12040
12040 4592 11514
6922 7837 8909
7837 6922 8909
8909 6922 7837
6177 2319 7716
2319 6177 7716
7716 2319 6177
11443 1779 2181
1779 2181 11443
2181 1779 11443
5673 9431 13278
13278 5673 9431
9431 5673 13278
11570 8399 12220
8399 11570 12220
12220 8399 11570
10071 6577 9580
6577 9580 10071
9580 6577 10071
823 5409 13947
13947 823 5409
5409 823 13947
9590 736 6679
736 6679 9590
6679 736 9590
12646 854 3160
3160 854 12646
854 3160 12646
10681 8851 14076
8851 10681 14076
14076 8851 10681
10279 3150 8472
3150 8472 10279
8472 3150 10279
7085 5303 10743
5303 7085 10743
10743 5303 7085
3675 3371 4675
3371 3675 4675
4675 3371 3675
7137 12666 13474
13474 7137 12666
12666 7137 13474
9440 1482 14883
1482 9440 14883
14883 1482 9440
6533 5283 7165
7165 5283 6533
5283 6533 7165
1400 4914 6201
4914 1400 6201
6201 1400 4914
7959 11929 13554
11929 7959 13554
13554 7959 11929
1741 6050 12623
6050 1741 12623
12623 1741 6050
4793 6598 11437
6598 4793 11437
11437 4793 6598
13937 3382 14769
14769 3382 13937
3382 13937 14769
5005 6547 6752
6752 5005 6547
6547 5005 6752
6413 2573 10417
10417 2573 6413
2573 6413 10417
9855 9083 12714
12714 9083 9855
9083 9855 12714
5217 2519 5538
5538 2519 5217
2519 5217 5538
3988 1862 10514
1862 3988 10514
10514 1862 3988
13551 1535 7374
7374 1535 13551
1535 7374 13551
2268 1149 10102
1149 2268 10102
10102 1149 2268
14914 5050 5175
5050 5175 14914
5175 5050 14914
13344 4372 9940
4372 9940 13344
9940 4372 13344
8083 4792 14452
14452 4792 8083
4792 8083 14452
7283 1430 2656
2656 1430 7283
1430 2656 7283
13673 1255 2609
1255 2609 13673
2609 1255 13673
13584 594 4847
594 4847 13584
4847 594 13584
14862 2637 13832
13832 2637 14862
2637 13832 14862
11459 1178 8047
8047 1178 11459
1178 8047 11459
13869 8368 14867
14867 8368 13869
8368 13869 14867
14615 3277 12982
12982 3277 14615
3277 12982 14615
12778 4079 11706
4079 11706 12778
11706 4079 12778
3092 4323 11985
4323 3092 11985
11985 3092 4323
8995 3164 11972
11972 3164 8995
3164 8995 11972
413 8856 9531
9531 413 8856
8856 413 9531
5107 4029 14380
4029 5107 14380
14380 4029 5107
9810 4507 8244
8244 4507 9810
4507 8244 9810
4969 6996 11269
11269 4969 6996
6996 4969 11269
13655 774 6182
6182 774 13655
774 6182 13655
11907 1802 12160
1802 11907 12160
12160 1802 11907
2357 6914 13162
13162 2357 6914
6914 2357 13162
3037 7334 9859
7334 3037 9859
9859 3037 7334
8204 990 12984
12984 990 8204
990 8204 12984
7203 10122 14462
14462 7203 10122
10122 7203 14462
5383 10097 11956
11956 5383 10097
10097 5383 11956
11730 7917 13636
7917 11730 13636
13636 7917 11730
7087 1531 10265
10265 1531 7087
1531 7087 10265
7670 1719 8992
8992 1719 7670
1719 7670 8992
12433 5503 13797
13797 5503 12433
5503 12433 13797
7938 3297 11948
3297 7938 11948
11948 3297 7938
4558 10488 13928
10488 4558 13928
13928 4558 10488
7039 1372 11848
1372 7039 11848
11848 1372 7039
4253 8284 9407
9407 4253 8284
8284 4253 9407
14387 2782 5058
2782 5058 14387
5058 2782 14387
10548 3952 12632
12632 3952 10548
3952 10548 12632
707 10134 14809
14809 707 10134
10134 707 14809
5565 2436 12798
2436 5565 12798
12798 2436 5565
4737 5690 7948
5690 4737 7948
7948 4737 5690
1357 2548 2796
2548 1357 2796
2796 1357 2548
3865 2999 3213
2999 3213 3865
3213 2999 3865
2183 2736 9624
2736 2183 9624
9624 2183 2736
8750 9840 14690
9840 8750 14690
14690 8750 9840
11351 6375 8806
6375 8806 11351
8806 6375 11351
6953 3890 10379
3890 6953 10379
10379 3890 6953
6855 7124 11689
11689 6855 7124
7124 6855 11689
4498 7895 8065
8065 4498 7895
7895 4498 8065
10299 130 647
130 647 10299
647 130 10299
5542 1210 11980
11980 1210 5542
1210 5542 11980
1489 3425 6041
3425 1489 6041
6041 1489 3425
13513 6207 10142
6207 10142 13513
10142 6207 13513
751 196 791
791 196 751
196 751 791
10511 1932 2393
2393 1932 10511
1932 2393 10511
3521 3564 9481
9481 3521 3564
3564 3521 9481
9081 1611 1792
1611 1792 9081
1792 1611 9081
591 2689 9917
9917 591 2689
2689 591 9917
6935 8078 14950
8078 6935 14950
14950 6935 8078
13097 10848 11632
11632 10848 13097
10848 11632 13097
3803 6767 6924
6924 3803 6767
6767 3803 6924
7915 3435 11147
11147 3435 7915
3435 7915 11147
2326 4785 11774
11774 2326 4785
4785 2326 11774
492 7462 7900
7462 492 7900
7900 492 7462
1384 2288 5233
2288 1384 5233
5233 1384 2288
7896 1204 3700
3700 1204 7896
1204 3700 7896
1755 6878 14990
14990 1755 6878
6878 1755 14990
7807 9300 11663
11663 7807 9300
9300 7807 11663
10896 4276 9905
9905 4276 10896
4276 9905 10896
14116 738 8584
8584 738 14116
738 8584 14116
13055 11020 14689
14689 11020 13055
11020 13055 14689
11268 2710 14442
2710 11268 14442
14442 2710 11268
5708 11656 14215
11656 5708 14215
14215 5708 11656
9696 17 5307
17 5307 9696
5307 17 9696
6586 4863 5592
4863 5592 6586
5592 4863 6586
8597 445 14055
14055 445 8597
445 8597 14055
920 867 13291
867 920 13291
13291 867 920
10675 1501 8624
8624 1501 10675
1501 8624 10675
1854 8799 11839
8799 1854 11839
11839 1854 8799
4837 1962 4355
4355 1962 4837
1962 4355 4837
7196 1683 6021
6021 1683 7196
1683 6021 7196
5758 5428 5682
5428 5682 5758
5682 5428 5758
8085 12408 12693
12693 8085 12408
12408 8085 12693
14806 5400 12393
12393 5400 14806
5400 12393 14806
14779 2196 14458
2196 14458 14779
14458 2196 14779
95 2212 4442
4442 95 2212
2212 95 4442
8407 11866 12350
11866 8407 12350
12350 8407 11866
6241 574 8665
574 6241 8665
8665 574 6241
1603 7213 14374
7213 1603 14374
14374 1603 7213
5880 2754 3960
3960 2754 5880
2754 3960 5880
9619 3364 3723
3723 3364 9619
3364 3723 9619
7806 629 7705
7705 629 7806
629 7705 7806
1800 9409 14962
14962 1800 9409
9409 1800 14962
13829 1046 12793
12793 1046 13829
1046 12793 13829
8150 7921 13935
13935 7921 8150
7921 8150 13935
269 2982 11739
2982 269 11739
11739 269 2982
11168 13210 13406
13406 11168 13210
13210 11168 13406
4036 3672 6216
6216 3672 4036
3672 4036 6216
5015 11798 14014
11798 5015 14014
14014 5015 11798
7015 10512 11519
10512 7015 11519
11519 7015 10512
14972 147 4078
147 4078 14972
4078 147 14972
5546 9548 11003
9548 5546 11003
11003 5546 9548
13740 10128 14918
14918 10128 13740
10128 13740 14918
3946 2595 12231
12231 2595 3946
2595 3946 12231
13327 2762 13031
2762 13031 13327
13031 2762 13327
7493 784 10002
10002 784 7493
784 7493 10002
7603 12676 14236
14236 7603 12676
12676 7603 14236
10872 2431 9281
9281 2431 10872
2431 9281 10872
8634 11032 14426
14426 8634 11032
11032 8634 14426
9649 7657 8274
7657 8274 9649
8274 7657 9649
7773 2529 5262
2529 5262 7773
5262 2529 7773
8502 3679 7080
7080 3679 8502
3679 7080 8502
5249 2605 10862
2605 5249 10862
10862 2605 5249
12134 6453 13876
13876 6453 12134
6453 12134 13876
13331 2416 6676
2416 6676 13331
6676 2416 13331
12752 2901 6220
2901 6220 12752
6220 2901 12752
4804 2835 5461
2835 4804 5461
5461 2835 4804
6726 6103 14834
6103 6726 14834
14834 6103 6726
4338 9669 11494
9669 4338 11494
11494 4338 9669
96 4927 8720
8720 96 4927
4927 96 8720
13060 4629 14187
14187 4629 13060
4629 13060 14187
11788 741 4118
4118 741 11788
741 4118 11788
2241 239 11620
239 2241 11620
11620 239 2241
8775 6744 11952
6744 8775 11952
11952 6744 8775
3788 141 7225
141 3788 7225
7225 141 3788
7564 13246 14437
13246 7564 14437
14437 7564 13246
1 1967 8475
1967 1 8475
8475 1 1967
2460 552 4589
4589 552 2460
552 2460 4589
3332 817 10497
10497 817 3332
817 3332 10497
5224 1340 6612
1340 5224 6612
6612 1340 5224
12245 32 13799
32 12245 13799
13799 32 12245
11785 3304 13753
13753 3304 11785
3304 11785 13753
10370 4591 12621
12621 4591 10370
4591 10370 12621
12570 486 11013
486 11013 12570
11013 486 12570
743 7561 10268
7561 743 10268
10268 743 7561
4255 1226 7408
7408 1226 4255
1226 4255 7408
12386 3927 13890
3927 12386 13890
13890 3927 12386
3478 7202 8304
7202 3478 8304
8304 3478 7202
10937 2612 5269
2612 5269 10937
5269 2612 10937
6907 9849 14181
14181 6907 9849
9849 6907 14181
9693 5484 12920
5484 9693 12920
12920 5484 9693
9272 9234 10499
9234 9272 10499
10499 9234 9272
4727 7667 13519
13519 4727 7667
7667 4727 13519
11418 8973 10372
8973 10372 11418
10372 8973 11418
8563 7231 13986
7231 8563 13986
13986 7231 8563
1729 5014 12513
12513 1729 5014
5014 1729 12513
1739 191 14417
14417 191 1739
191 1739 14417
4742 7399 7502
7502 4742 7399
7399 4742 7502
1787 5017 9070
9070 1787 5017
5017 1787 9070
12970 11214 13032
13032 11214 12970
11214 12970 13032
10651 1587 7270
1587 7270 10651
7270 1587 10651
6651 9271 12521
9271 6651 12521
12521 6651 9271
14632 3276 9483
3276 9483 14632
9483 3276 14632
12379 578 5268
578 5268 12379
5268 578 12379
10954 2052 9737
2052 9737 10954
9737 2052 10954
4931 10068 11079
11079 4931 10068
10068 4931 11079
1983 6890 9027
9027 1983 6890
6890 1983 9027
13844 6848 12143
6848 12143 13844
12143 6848 13844
2337 3790 13384
3790 2337 13384
13384 2337 3790
1070 9101 10217
10217 1070 9101
9101 1070 10217
8339 6373 7435
6373 7435 8339
7435 6373 8339
2510 2781 9691
2781 2510 9691
9691 2510 2781
11824 5205 14890
5205 11824 14890
14890 5205 11824
14708 8919 8983
8983 8919 14708
8919 8983 14708
11066 662 12322
662 11066 12322
12322 662 11066
2854 3427 13135
3427 2854 13135
13135 2854 3427
9217 182 517
517 182 9217
182 517 9217
5244 2937 7579
2937 5244 7579
7579 2937 5244
8803 11945 12494
12494 8803 11945
11945 8803 12494
12144 458 3630
3630 458 12144
458 3630 12144
8254 7272 10249
7272 8254 10249
10249 7272 8254
6243 1575 14367
1575 6243 14367
14367 1575 6243
6699 3528 6809
3528 6699 6809
6809 3528 6699
4895 7550 10427
7550 4895 10427
10427 4895 7550
3516 4291 11871
11871 3516 4291
4291 3516 11871
1710 11934 13640
13640 1710 11934
11934 1710 13640
782 1563 3490
1563 782 3490
3490 782 1563
1866 4692 7871
7871 1866 4692
4692 1866 7871
8412 7029 11607
7029 8412 11607
11607 7029 8412
7707 7943 10877
7943 7707 10877
10877 7707 7943
7906 1730 6701
1730 6701 7906
6701 1730 7906
6211 5782 9375
5782 6211 9375
9375 5782 6211
554 999 8234
8234 554 999
999 554 8234
13842 10661 13206
10661 13206 13842
13206 10661 13842
3347 2960 3410
2960 3347 3410
3410 2960 3347
3795 3112 13600
13600 3112 3795
3112 3795 13600
4861 5403 7989
5403 4861 7989
7989 4861 5403
740 5079 6232
6232 740 5079
5079 740 6232
4455 9595 11524
11524 4455 9595
9595 4455 11524
13138 11836 14904
11836 13138 14904
14904 11836 13138
3730 3241 14893
14893 3241 3730
3241 3730 14893
1353 3783 8347
3783 1353 8347
8347 1353 3783
3198 3509 5389
3509 3198 5389
5389 3198 3509
7662 724 1499
1499 724 7662
724 1499 7662
6869 722 1604
1604 722 6869
722 1604 6869
5225 3874 11541
3874 5225 11541
11541 3874 5225
9933 846 9941
9941 846 9933
846 9933 9941
4816 8335 11166
11166 4816 8335
8335 4816 11166
9069 2406 4344
2406 4344 9069
4344 2406 9069
6256 1263 10396
10396 1263 6256
1263 6256 10396
755 12832 14540
12832 755 14540
14540 755 12832
10518 11391 14562
14562 10518 11391
11391 10518 14562
13709 2507 13068
2507 13068 13709
13068 2507 13709
14738 7348 7584
7348 7584 14738
7584 7348 14738
10580 6372 12323
6372 10580 12323
12323 6372 10580
4167 896 4473
4473 896 4167
896 4167 4473
1083 2841 7010
2841 1083 7010
7010 1083 2841
7116 11957 13823
11957 7116 13823
13823 7116 11957
494 10691 13557
13557 494 10691
10691 494 13557
8327 11856 12349
11856 8327 12349
12349 8327 11856
6456 2562 5666
2562 5666 6456
5666 2562 6456
8974 5075 6517
6517 5075 8974
5075 6517 8974
9517 8987 9377
8987 9377 9517
9377 8987 9517
3567 2410 7021
7021 2410 3567
2410 3567 7021
6135 6746 8127
8127 6135 6746
6746 6135 8127
437 618 12472
12472 437 618
618 437 12472
7649 640 12680
12680 640 7649
640 7649 12680
3125 6615 12552
12552 3125 6615
6615 3125 12552
8364 2354 12138
2354 8364 12138
12138 2354 8364
10649 8888 14140
8888 10649 14140
14140 8888 10649
10271 12654 14041
14041 10271 12654
12654 10271 14041
8082 10386 11266
10386 8082 11266
11266 8082 10386
9411 9336 13805
13805 9336 9411
9336 9411 13805
6416 11701 14844
14844 6416 11701
11701 6416 14844
11744 5252 10088
5252 10088 11744
10088 5252 11744
14847 1640 4389
4389 1640 14847
1640 4389 14847
8871 8594 11892
8594 8871 11892
11892 8594 8871
11436 6188 8619
6188 8619 11436
8619 6188 11436
14921 10413 12263
10413 12263 14921
12263 10413 14921
11113 5698 6092
5698 6092 11113
6092 5698 11113
2900 4708 7545
4708 2900 7545
7545 2900 4708
12890 4140 12102
4140 12102 12890
12102 4140 12890
11529 167 11802
167 11529 11802
11802 167 11529
1361 7630 10636
7630 1361 10636
10636 1361 7630
118 4799 5736
5736 118 4799
4799 118 5736
4246 5272 6502
6502 4246 5272
5272 4246 6502
14143 2083 12294
2083 12294 14143
12294 2083 14143
14625 5743 12880
5743 12880 14625
12880 5743 14625
4706 6352 7902
6352 4706 7902
7902 4706 6352
1373 581 2283
2283 581 1373
581 1373 2283
232 4359 12074
4359 232 12074
12074 232 4359
10361 222 1349
1349 222 10361
222 1349 10361
12696 2791 10060
2791 10060 12696
10060 2791 12696
14373 6422 14684
14684 6422 14373
6422 14373 14684
6139 8477 12019
12019 6139 8477
8477 6139 12019
7961 7491 14137
14137 7491 7961
7491 7961 14137
2941 7878 13781
7878 2941 13781
13781 2941 7878
13741 4522 14937
4522 13741 14937
14937 4522 13741
10498 6985 8153
6985 8153 10498
8153 6985 10498
432 13046 13286
13046 432 13286
13286 432 13046
6663 3938 6332
3938 6332 6663
6332 3938 6663
3860 9154 9258
9258 3860 9154
9154 3860 9258
8532 1964 14520
14520 1964 8532
1964 8532 14520
8617 12251 12404
12404 8617 12251
12251 8617 12404
1476 1846 13560
1846 1476 13560
13560 1476 1846
2158 12145 14987
12145 2158 14987
14987 2158 12145
13459 766 4177
4177 766 13459
766 4177 13459
2953 1677 9202
1677 2953 9202
9202 1677 2953
14087 5067 5448
5448 5067 14087
5067 5448 14087
7944 5712 14005
14005 5712 7944
5712 7944 14005
3345 3454 12844
3454 3345 12844
12844 3345 3454
9504 7263 8450
7263 8450 9504
8450 7263 9504
9534 10566 10988
10988 9534 10566
10566 9534 10988
11979 12677 14372
14372 11979 12677
12677 11979 14372
2256 12104 13014
12104 2256 13014
13014 2256 12104
2652 1913 5013
5013 1913 2652
1913 2652 5013
4978 11849 12626
11849 4978 12626
12626 4978 11849
433 8511 14013
14013 433 8511
8511 433 14013
1379 2711 11569
11569 1379 2711
2711 1379 11569
1257 12966 14727
14727 1257 12966
12966 1257 14727
11368 12255 13395
13395 11368 12255
12255 11368 13395
14388 5620 14454
5620 14388 14454
14454 5620 14388
14171 1515 9365
1515 9365 14171
9365 1515 14171
4485 2551 8798
8798 2551 4485
2551 4485 8798
2824 8170 11359
11359 2824 8170
8170 2824 11359
11738 3870 9203
3870 9203 11738
9203 3870 11738
7812 8133 14500
14500 7812 8133
8133 7812 14500
3270 183 14815
183 3270 14815
14815 183 3270
4805 285 5713
5713 285 4805
285 4805 5713
4974 2316 11546
11546 2316 4974
2316 4974 11546
8805 5267 7441
5267 7441 8805
7441 5267 8805
11207 669 10305
10305 669 11207
669 10305 11207
11906 1075 1819
1075 1819 11906
1819 1075 11906
14897 6901 11611
11611 6901 14897
6901 11611 14897
4397 5167 6770
6770 4397 5167
5167 4397 6770
14213 1212 1874
1874 1212 14213
1212 1874 14213
4366 3361 11128
11128 3361 4366
3361 4366 11128
9864 6505 10463
6505 9864 10463
10463 6505 9864
2374 7775 8849
8849 2374 7775
7775 2374 8849
1128 2272 5037
5037 1128 2272
2272 1128 5037
1637 872 12049
12049 872 1637
872 1637 12049
3742 2336 10727
2336 3742 10727
10727 2336 3742
10682 3406 14219
14219 3406 10682
3406 10682 14219
5908 4725 9746
9746 4725 5908
4725 5908 9746
2875 5083 12114
5083 2875 12114
12114 2875 5083
9561 4770 12512
12512 4770 9561
4770 9561 12512
10061 8200 11447
8200 10061 11447
11447 8200 10061
7058 10890 11967
11967 7058 10890
10890 7058 11967
1541 4433 9782
4433 1541 9782
9782 1541 4433
10525 22 12371
22 10525 12371
12371 22 10525
11634 605 9345
9345 605 11634
605 9345 11634
9482 9056 9268
9268 9056 9482
9056 9268 9482
1483 4627 5220
5220 1483 4627
4627 1483 5220
13315 11146 12054
11146 12054 13315
12054 11146 13315
14597 8317 11583
11583 8317 14597
8317 11583 14597
9312 10562 12508
12508 9312 10562
10562 9312 12508
8645 8345 10381
8345 8645 10381
10381 8345 8645
2386 7156 9821
7156 2386 9821
9821 2386 7156
9856 14715 14759
14759 9856 14715
14715 9856 14759
3610 9728 14693
9728 3610 14693
14693 3610 9728
3191 6999 9698
6999 3191 9698
9698 3191 6999
14792 3013 5192
5192 3013 14792
3013 5192 14792
5105 8590 11445
8590 5105 11445
11445 5105 8590
12347 207 10144
207 10144 12347
10144 207 12347
12463 1723 3158
1723 3158 12463
3158 1723 12463
5408 1617 2962
1617 2962 5408
2962 1617 5408
13169 2703 14429
14429 2703 13169
2703 13169 14429
11695 4002 12511
4002 11695 12511
12511 4002 11695
9658 2285 7034
2285 7034 9658
7034 2285 9658
12716 750 2906
750 2906 12716
2906 750 12716
1297 1159 5297
1159 1297 5297
5297 1159 1297
6955 9552 14323
14323 6955 9552
9552 6955 14323
12843 4942 5401
5401 4942 12843
4942 5401 12843
3047 8256 14699
14699 3047 8256
8256 3047 14699
3432 3055 8291
8291 3055 3432
3055 3432 8291
9331 9962 14555
9962 9331 14555
14555 9331 9962
9162 4607 12678
12678 4607 9162
4607 9162 12678
12467 6483 12698
12698 6483 12467
6483 12467 12698
12824 6276 14648
6276 12824 14648
14648 6276 12824
11867 11340 12718
11340 11867 12718
12718 11340 11867
3771 3756 4082
4082 3756 3771
3756 3771 4082
5449 7738 14037
7738 5449 14037
14037 5449 7738
5056 4803 13335
13335 4803 5056
4803 5056 13335
4090 3696 8020
8020 3696 4090
3696 4090 8020
2056 5691 13112
13112 2056 5691
5691 2056 13112
2478 2069 4017
2069 2478 4017
4017 2069 2478
6048 1284 13654
1284 6048 13654
13654 1284 6048
573 12899 13934
13934 573 12899
12899 573 13934
2126 3848 6364
3848 2126 6364
6364 2126 3848
4328 8323 9683
8323 4328 9683
9683 4328 8323
5781 4410 11357
4410 5781 11357
11357 4410 5781
8147 1852 2928
1852 2928 8147
2928 1852 8147
702 9705 11558
9705 702 11558
11558 702 9705
11903 978 11149
11149 978 11903
978 11149 11903
4025 11794 12178
11794 4025 12178
12178 4025 11794
8109 5033 14481
5033 8109 14481
14481 5033 8109
3868 5181 8189
8189 3868 5181
5181 3868 8189
7762 2106 14644
14644 2106 7762
2106 7762 14644
5099 5483 12457
5483 5099 12457
12457 5099 5483
7847 2899 8268
2899 7847 8268
8268 2899 7847
12361 3530 10917
3530 10917 12361
10917 3530 12361
1232 7742 10507
7742 1232 10507
10507 1232 7742
5773 3415 9688
3415 5773 9688
9688 3415 5773
14821 12009 12253
12009 12253 14821
12253 12009 14821
14788 7102 8650
7102 8650 14788
8650 7102 14788
1656 1884 12209
12209 1656 1884
1884 1656 12209
396 420 3547
3547 396 420
420 396 3547
14933 6499 13862
13862 6499 14933
6499 13862 14933
12324 3079 10440
10440 3079 12324
3079 10440 12324
13460 7048 12217
7048 12217 13460
12217 7048 13460
11414 5902 10253
10253 5902 11414
5902 10253 11414
14915 624 12807
12807 624 14915
624 12807 14915
6623 240 12808
240 6623 12808
12808 240 6623
10028 557 9973
557 9973 10028
9973 557 10028
4408 7732 13209
7732 4408 13209
13209 4408 7732
12532 5876 11490
11490 5876 12532
5876 11490 12532
2107 6226 9264
6226 2107 9264
9264 2107 6226
1981 2620 13999
2620 1981 13999
13999 1981 2620
14665 1294 14943
14943 1294 14665
1294 14665 14943
4714 4723 8459
4723 4714 8459
8459 4714 4723
7295 2944 14854
2944 7295 14854
14854 2944 7295
11531 1902 13820
1902 11531 13820
13820 1902 11531
3036 1706 1941
1941 1706 3036
1706 1941 3036
389 2277 11485
2277 389 11485
11485 389 2277
7226 3513 10881
3513 7226 10881
10881 3513 7226
8276 2415 5163
5163 2415 8276
2415 5163 8276
4260 10092 11511
11511 4260 10092
10092 4260 11511
9045 6730 14435
14435 6730 9045
6730 9045 14435
10594 10182 12190
10182 10594 12190
12190 10182 10594
12431 11844 14423
11844 12431 14423
14423 11844 12431
3491 732 14007
732 3491 14007
14007 732 3491
11197 7268 12297
12297 7268 11197
7268 11197 12297
10263 773 3237
3237 773 10263
773 3237 10263
3829 10870 14384
14384 3829 10870
10870 3829 14384
6378 913 9315
913 6378 9315
9315 913 6378
12578 571 8980
571 8980 12578
8980 571 12578
14482 9773 13177
13177 9773 14482
9773 13177 14482
3877 4482 5619
5619 3877 4482
4482 3877 5619
2215 717 3399
717 2215 3399
3399 717 2215
10328 2142 8722
8722 2142 10328
2142 8722 10328
8546 8193 9537
9537 8193 8546
8193 8546 9537
4383 412 5452
5452 412 4383
412 4383 5452
10588 325 1908
1908 325 10588
325 1908 10588
11633 4856 14010
14010 4856 11633
4856 11633 14010
5489 4280 13212
13212 4280 5489
4280 5489 13212
13015 8687 10733
10733 8687 13015
8687 10733 13015
5277 4667 11185
4667 5277 11185
11185 4667 5277
9847 8615 12616
12616 8615 9847
8615 9847 12616
9071 5660 8371
8371 5660 9071
5660 8371 9071
4351 4732 13644
13644 4351 4732
4732 4351 13644
2630 5694 7470
5694 2630 7470
7470 2630 5694
1137 9289 9661
9289 1137 9661
9661 1137 9289
12310 1494 13669
13669 1494 12310
1494 12310 13669
8498 6829 9204
6829 8498 9204
9204 6829 8498
6083 3272 8561
3272 6083 8561
8561 3272 6083
1288 10885 12175
12175 1288 10885
10885 1288 12175
423 1332 13903
1332 423 13903
13903 423 1332
6885 6768 12203
12203 6768 6885
6768 6885 12203
6895 1453 6340
6340 1453 6895
1453 6340 6895
10429 5725 6329
6329 5725 10429
5725 6329 10429
5959 3620 10008
3620 5959 10008
10008 3620 5959
9721 8781 11768
8781 9721 11768
11768 8781 9721
5681 6938 8445
8445 5681 6938
6938 5681 8445
3553 13222 14722
13222 3553 14722
14722 3553 13222
6700 6259 9512
6259 6700 9512
9512 6259 6700
375 3524 11389
3524 375 11389
11389 375 3524
159 161 13251
161 159 13251
13251 159 161
1796 12072 14286
14286 1796 12072
12072 1796 14286
4996 12365 12980
12365 4996 12980
12980 4996 12365
14908 7276 9142
7276 9142 14908
9142 7276 14908
2063 9050 10887
10887 2063 9050
9050 2063 10887
3622 3280 14016
3280 3622 14016
14016 3280 3622
13107 7620 12919
7620 12919 13107
12919 7620 13107
7358 10964 12376
12376 7358 10964
10964 7358 12376
11592 6605 8648
8648 6605 11592
6605 8648 11592
8963 4282 13958
4282 8963 13958
13958 4282 8963
134 5242 14057
14057 134 5242
5242 134 14057
12421 6915 10256
6915 10256 12421
10256 6915 12421
7353 3050 10401
3050 7353 10401
10401 3050 7353
5836 9967 14279
9967 5836 14279
14279 5836 9967
1447 10952 12369
10952 1447 12369
12369 1447 10952
2030 5322 12320
5322 2030 12320
12320 2030 5322
3692 1206 2303
2303 1206 3692
1206 2303 3692
13048 1605 10441
10441 1605 13048
1605 10441 13048
7529 1314 14406
1314 7529 14406
14406 1314 7529
8199 6018 6736
6736 6018 8199
6018 6736 8199
8705 1523 3529
3529 1523 8705
1523 3529 8705
12945 6544 12885
12885 6544 12945
6544 12885 12945
10948 1747 3114
3114 1747 10948
1747 3114 10948
9868 1173 4562
1173 4562 9868
4562 1173 9868
8122 8932 9061
8932 8122 9061
9061 8122 8932
14614 2009 5626
2009 5626 14614
5626 2009 14614
12933 3358 6803
3358 6803 12933
6803 3358 12933
5456 4606 11732
11732 4606 5456
4606 5456 11732
3565 3639 13087
3639 3565 13087
13087 3565 3639
3422 5305 14112
5305 3422 14112
14112 3422 5305
5549 7190 12841
7190 5549 12841
12841 5549 7190
2769 1521 11664
1521 2769 11664
11664 1521 2769
6972 6346 11138
6346 6972 11138
11138 6346 6972
12405 4915 13186
4915 12405 13186
13186 4915 12405
9364 3048 11329
11329 3048 9364
3048 9364 11329
14186 1583 6792
6792 1583 14186
1583 6792 14186
5952 8398 8618
8398 5952 8618
8618 5952 8398
2972 7737 12695
7737 2972 12695
12695 2972 7737
2385 10915 14986
10915 2385 14986
14986 2385 10915
8142 4457 8868
4457 8142 8868
8868 4457 8142
300 360 894
894 300 360
360 300 894
2527 8719 11610
8719 2527 11610
11610 2527 8719
8495 3294 5879
5879 3294 8495
3294 5879 8495
7924 2542 10798
2542 7924 10798
10798 2542 7924
282 1610 6894
6894 282 1610
1610 282 6894
9844 3308 10245
3308 9844 10245
10245 3308 9844
14342 6070 12445
12445 6070 14342
6070 12445 14342
3278 3412 5025
5025 3278 3412
3412 3278 5025
14053 11472 13267
13267 11472 14053
11472 13267 14053
11782 1061 1492
1061 1492 11782
1492 1061 11782
10624 915 5193
5193 915 10624
915 5193 10624
11599 4430 6152
4430 6152 11599
6152 4430 11599
9635 4500 11498
4500 9635 11498
11498 4500 9635
8627 1256 11600
11600 1256 8627
1256 8627 11600
4801 1408 14517
14517 1408 4801
1408 4801 14517
10257 3833 7355
3833 7355 10257
7355 3833 10257
1153 5702 7431
7431 1153 5702
5702 1153 7431
5437 2199 14692
14692 2199 5437
2199 5437 14692
12971 8766 13080
8766 12971 13080
13080 8766 12971
13608 7792 10735
7792 10735 13608
10735 7792 13608
12153 567 5646
567 5646 12153
5646 567 12153
5685 3307 5299
5299 3307 5685
3307 5299 5685
7647 11944 12313
12313 7647 11944
11944 7647 12313
9741 830 3356
3356 830 9741
830 3356 9741
6068 7607 8430
7607 6068 8430
8430 6068 7607
7105 1245 6097
1245 6097 7105
6097 1245 7105
8134 10020 11338
10020 8134 11338
11338 8134 10020
864 4789 9577
4789 864 9577
9577 864 4789
9508 8209 8808
8808 8209 9508
8209 8808 9508
4334 10345 11417
10345 4334 11417
11417 4334 10345
9570 2986 11312
11312 2986 9570
2986 9570 11312
9358 2175 2579
2579 2175 9358
2175 2579 9358
3093 1039 5127
1039 3093 5127
5127 1039 3093
446 10378 14530
14530 446 10378
10378 446 14530
4571 5108 11174
5108 4571 11174
11174 4571 5108
8824 10977 13615
10977 8824 13615
13615 8824 10977
8022 4771 11949
11949 4771 8022
4771 8022 11949
6677 1221 12893
1221 6677 12893
12893 1221 6677
4005 3199 11009
3199 4005 11009
11009 3199 4005
644 4610 14558
14558 644 4610
4610 644 14558
12784 14019 14294
14294 12784 14019
14019 12784 14294
4615 10360 13171
10360 4615 13171
13171 4615 10360
6812 1098 11585
1098 6812 11585
11585 1098 6812
9311 3897 4413
3897 4413 9311
4413 3897 9311
10445 11608 13501
11608 10445 13501
13501 10445 11608
7417 3238 10983
10983 3238 7417
3238 7417 10983
13854 3875 9412
3875 9412 13854
9412 3875 13854
13609 3271 3704
3271 3704 13609
3704 3271 13609
14333 9643 13800
13800 9643 14333
9643 13800 14333
12531 1214 12030
1214 12030 12531
12030 1214 12531
4525 6949 7613
6949 4525 7613
7613 4525 6949
2659 5053 9442
9442 2659 5053
5053 2659 9442
12922 1526 10338
10338 1526 12922
1526 10338 12922
5960 461 10859
10859 461 5960
461 5960 10859
12744 1479 1823
1823 1479 12744
1479 1823 12744
14760 2918 8820
2918 8820 14760
8820 2918 14760
10788 11579 14655
11579 10788 14655
14655 10788 11579
4285 2320 11242
2320 4285 11242
11242 2320 4285
13354 6665 10935
6665 10935 13354
10935 6665 13354
4971 10841 14283
14283 4971 10841
10841 4971 14283
10478 975 10153
975 10153 10478
10153 975 10478
11811 2568 2882
2882 2568 11811
2568 2882 11811
13035 10528 13641
10528 13035 13641
13641 10528 13035
6918 1068 7926
1068 6918 7926
7926 1068 6918
12357 1227 4146
1227 4146 12357
4146 1227 12357
1853 6117 9656
9656 1853 6117
6117 1853 9656
7384 3031 6696
6696 3031 7384
3031 6696 7384
12005 11016 13324
13324 11016 12005
11016 12005 13324
9450 1686 4808
4808 1686 9450
1686 4808 9450
2178 2301 3374
3374 2178 2301
2301 2178 3374
2811 6708 10274
6708 2811 10274
10274 2811 6708
10898 6864 13769
6864 10898 13769
13769 6864 10898
564 2538 14114
14114 564 2538
2538 564 14114
4790 7578 10884
7578 4790 10884
10884 4790 7578
8772 9001 12781
12781 8772 9001
9001 8772 12781
7205 4596 11390
11390 4596 7205
4596 7205 11390
357 803 6383
803 357 6383
6383 357 803
2767 4019 13561
4019 2767 13561
13561 2767 4019
935 4131 11163
11163 935 4131
4131 935 11163
5649 1582 9098
9098 1582 5649
