5092 68940 139068
139068 5092 68940
68940 5092 139068
32697 92195 98256
92195 32697 98256
98256 32697 92195
98159 34274 36183
34274 36183 98159
36183 34274 98159
120300 83726 135350
135350 83726 120300
83726 120300 135350
145313 4009 26003
4009 26003 145313
26003 4009 145313
29272 216 20538
20538 216 29272
216 20538 29272
126768 31985 91647
91647 31985 126768
31985 91647 126768
46657 6665 31047
6665 31047 46657
31047 6665 46657
95581 17606 95796
95796 17606 95581
17606 95581 95796
38922 37641 82680
82680 37641 38922
37641 38922 82680
140213 22508 36220
22508 36220 140213
36220 22508 140213
48807 27937 115885
27937 48807 115885
115885 27937 48807
142159 14793 97433
97433 14793 142159
14793 97433 142159
66803 136232 143013
136232 66803 143013
143013 66803 136232
25384 55101 88838
55101 25384 88838
88838 25384 55101
15429 43540 104423
43540 15429 104423
104423 15429 43540
8453 54288 122232
122232 8453 54288
54288 8453 122232
129982 74918 141742
141742 74918 129982
74918 129982 141742
134741 25714 44285
44285 25714 134741
25714 44285 134741
145586 67796 136358
136358 67796 145586
67796 136358 145586
100030 81635 90105
81635 90105 100030
90105 81635 100030
102187 16214 138822
138822 16214 102187
16214 102187 138822
136400 24168 51151
51151 24168 136400
24168 51151 136400
68161 2151 21018
2151 21018 68161
21018 2151 68161
22326 36722 90866
90866 22326 36722
36722 22326 90866
116340 51334 55677
51334 55677 116340
55677 51334 116340
97280 103890 141793
103890 97280 141793
141793 97280 103890
81865 38856 102942
102942 38856 81865
38856 81865 102942
125144 63379 114775
63379 114775 125144
114775 63379 125144
110767 144590 149883
149883 110767 144590
144590 110767 149883
112073 7105 10245
7105 10245 112073
10245 7105 112073
146171 64623 85695
85695 64623 146171
64623 85695 146171
134675 54591 84874
84874 54591 134675
54591 84874 134675
1447 119463 127329
127329 1447 119463
119463 1447 127329
142677 68805 131603
131603 68805 142677
68805 131603 142677
48454 4642 11034
11034 4642 48454
4642 11034 48454
130865 94792 115239
94792 115239 130865
115239 94792 130865
116012 71260 144906
71260 116012 144906
144906 71260 116012
731 108697 149820
108697 731 149820
149820 731 108697
89277 90458 120325
120325 89277 90458
90458 89277 120325
356 21140 48032
48032 356 21140
21140 356 48032
74562 82572 148385
148385 74562 82572
82572 74562 148385
87567 39901 109738
39901 87567 109738
109738 39901 87567
131065 100525 100550
100550 100525 131065
100525 100550 131065
87860 29831 76874
29831 76874 87860
76874 29831 87860
138443 115411 125140
125140 115411 138443
115411 125140 138443
123692 25283 74997
74997 25283 123692
25283 74997 123692
19727 89839 97501
97501 19727 89839
89839 19727 97501
5332 91985 140298
91985 5332 140298
140298 5332 91985
105229 39572 148737
148737 39572 105229
39572 105229 148737
104949 33414 126398
33414 104949 126398
126398 33414 104949
45613 89311 92602
92602 45613 89311
89311 45613 92602
102862 28401 49446
49446 28401 102862
28401 49446 102862
75324 58605 63386
58605 63386 75324
63386 58605 75324
136814 110347 130810
130810 110347 136814
110347 130810 136814
115711 57539 137248
137248 57539 115711
57539 115711 137248
118908 62877 138030
62877 118908 138030
138030 62877 118908
40095 54545 93808
54545 40095 93808
93808 40095 54545
39801 15376 82895
15376 39801 82895
82895 15376 39801
40649 26018 93796
93796 26018 40649
26018 40649 93796
70659 10754 120643
10754 70659 120643
120643 10754 70659
145464 137099 147999
147999 137099 145464
137099 145464 147999
144843 23254 149488
149488 23254 144843
23254 144843 149488
43530 4722 6265
4722 6265 43530
6265 4722 43530
96394 87885 139304
139304 87885 96394
87885 96394 139304
88994 58051 119560
119560 58051 88994
58051 88994 119560
100454 47884 147932
147932 47884 100454
47884 100454 147932
54181 11764 11965
11965 11764 54181
11764 11965 54181
84706 605 29878
605 29878 84706
29878 605 84706
83514 5611 140647
140647 5611 83514
5611 83514 140647
110231 81171 110361
81171 110231 110361
110361 81171 110231
58397 51144 92328
51144 58397 92328
92328 51144 58397
79276 9769 145087
9769 79276 145087
145087 9769 79276
3579 106067 130571
106067 3579 130571
130571 3579 106067
84227 2154 89353
89353 2154 84227
2154 84227 89353
146906 37293 107899
107899 37293 146906
37293 107899 146906
147660 58744 112796
58744 112796 147660
112796 58744 147660
549 29380 55728
29380 549 55728
55728 549 29380
77725 85265 109977
85265 77725 109977
109977 77725 85265
46702 39741 63004
63004 39741 46702
39741 46702 63004
63002 119863 134155
134155 63002 119863
119863 63002 134155
110162 83268 122797
122797 83268 110162
83268 110162 122797
56358 28087 82932
82932 28087 56358
28087 56358 82932
69932 5194 100674
100674 5194 69932
5194 69932 100674
8584 56997 57419
56997 8584 57419
57419 8584 56997
23990 68871 76781
76781 23990 68871
68871 23990 76781
116772 59627 79018
79018 59627 116772
59627 79018 116772
6618 61353 119282
61353 6618 119282
119282 6618 61353
144556 123829 137633
123829 137633 144556
137633 123829 144556
51049 23866 123965
23866 51049 123965
123965 23866 51049
115355 66410 93683
66410 93683 115355
93683 66410 115355
132988 14213 75664
75664 14213 132988
14213 75664 132988
130769 35675 105273
105273 35675 130769
35675 105273 130769
82723 92066 144919
144919 82723 92066
92066 82723 144919
10203 19618 138287
138287 10203 19618
19618 10203 138287
38173 110263 121087
121087 38173 110263
110263 38173 121087
66201 23875 38837
38837 23875 66201
23875 38837 66201
134271 79246 105744
105744 79246 134271
79246 105744 134271
130251 65756 110503
110503 65756 130251
65756 110503 130251
127003 44710 77513
44710 77513 127003
77513 44710 127003
57283 33987 132382
33987 57283 132382
132382 33987 57283
148202 17284 76048
17284 76048 148202
76048 17284 148202
135466 10514 136027
10514 135466 136027
136027 10514 135466
100391 63006 72969
63006 72969 100391
72969 63006 100391
21171 61730 83027
83027 21171 61730
61730 21171 83027
65565 10144 88569
10144 65565 88569
88569 10144 65565
46524 79821 79957
79957 46524 79821
79821 46524 79957
20391 37129 137468
37129 20391 137468
137468 20391 37129
126522 3254 147556
147556 3254 126522
3254 126522 147556
92277 69579 148147
69579 92277 148147
148147 69579 92277
28710 67410 71397
71397 28710 67410
67410 28710 71397
138304 88253 147169
88253 138304 147169
147169 88253 138304
17556 58596 98086
98086 17556 58596
58596 17556 98086
55905 70821 109217
109217 55905 70821
70821 55905 109217
91848 75055 148124
148124 75055 91848
75055 91848 148124
51691 35760 81115
35760 51691 81115
81115 35760 51691
40300 6219 70726
6219 40300 70726
70726 6219 40300
55601 55521 126247
55521 55601 126247
126247 55521 55601
100495 24878 149690
149690 24878 100495
24878 100495 149690
61882 103239 146972
103239 61882 146972
146972 61882 103239
138107 13724 131249
13724 131249 138107
131249 13724 138107
5300 97266 106188
106188 5300 97266
97266 5300 106188
57352 32842 68075
68075 32842 57352
32842 57352 68075
85106 13533 68069
68069 13533 85106
13533 68069 85106
6141 17728 81798
81798 6141 17728
17728 6141 81798
57521 87929 114729
87929 57521 114729
114729 57521 87929
115615 96255 138195
138195 96255 115615
96255 115615 138195
6916 12080 134864
12080 6916 134864
134864 6916 12080
105325 47802 51673
51673 47802 105325
47802 51673 105325
49973 58043 118502
118502 49973 58043
58043 49973 118502
49780 9699 138085
138085 9699 49780
9699 49780 138085
10150 33460 69706
33460 10150 69706
69706 10150 33460
108472 132359 140332
132359 108472 140332
140332 108472 132359
148391 101489 106313
101489 106313 148391
106313 101489 148391
148201 42807 123105
123105 42807 148201
42807 123105 148201
46455 16403 105941
16403 46455 105941
105941 16403 46455
97957 2431 80270
2431 80270 97957
80270 2431 97957
149339 45006 63339
63339 45006 149339
45006 63339 149339
87326 60487 144372
144372 60487 87326
60487 87326 144372
15856 111183 141192
141192 15856 111183
111183 15856 141192
22476 59778 146578
146578 22476 59778
59778 22476 146578
79280 93950 126655
93950 79280 126655
126655 79280 93950
96938 11295 110011
110011 11295 96938
11295 96938 110011
24462 95478 123581
123581 24462 95478
95478 24462 123581
45732 16953 42357
16953 42357 45732
42357 16953 45732
35714 5446 142330
142330 5446 35714
5446 35714 142330
90970 22783 144465
144465 22783 90970
22783 90970 144465
50661 108790 145713
145713 50661 108790
108790 50661 145713
120974 113653 117412
113653 117412 120974
117412 113653 120974
123500 37716 69385
69385 37716 123500
37716 69385 123500
57281 37052 118624
37052 57281 118624
118624 37052 57281
72043 20322 85452
85452 20322 72043
20322 72043 85452
45148 103830 121901
103830 45148 121901
121901 45148 103830
46922 31585 65538
65538 31585 46922
31585 46922 65538
68689 20229 115990
20229 68689 115990
115990 20229 68689
17545 59773 143179
143179 17545 59773
59773 17545 143179
92227 51126 129782
51126 92227 129782
129782 51126 92227
19295 50313 70723
70723 19295 50313
50313 19295 70723
107558 95931 135696
95931 107558 135696
135696 95931 107558
74119 89368 98968
89368 74119 98968
98968 74119 89368
18018 40983 130113
40983 18018 130113
130113 18018 40983
48378 14679 48414
14679 48378 48414
48414 14679 48378
21180 118999 122049
118999 21180 122049
122049 21180 118999
59088 85291 112937
112937 59088 85291
85291 59088 112937
7487 52205 136729
136729 7487 52205
52205 7487 136729
75853 50074 86878
50074 75853 86878
86878 50074 75853
77579 30803 117576
117576 30803 77579
30803 77579 117576
137606 47557 52920
47557 52920 137606
52920 47557 137606
36446 59239 130872
130872 36446 59239
59239 36446 130872
131411 9829 10725
9829 10725 131411
10725 9829 131411
119307 106541 141777
141777 106541 119307
106541 119307 141777
12639 22272 33700
33700 12639 22272
22272 12639 33700
15412 63319 120679
63319 15412 120679
120679 15412 63319
72271 74610 124654
74610 72271 124654
124654 72271 74610
149939 78729 136939
136939 78729 149939
78729 136939 149939
65747 19959 81797
81797 19959 65747
19959 65747 81797
64849 6416 122478
122478 6416 64849
6416 64849 122478
33322 4466 57056
4466 33322 57056
57056 4466 33322
65384 9937 77277
77277 9937 65384
9937 65384 77277
132184 18442 90805
18442 90805 132184
90805 18442 132184
124237 73860 128968
128968 73860 124237
73860 124237 128968
11897 10773 101710
101710 10773 11897
10773 11897 101710
45673 89458 96588
89458 45673 96588
96588 45673 89458
5235 36039 67380
36039 5235 67380
67380 5235 36039
131517 48058 70713
48058 70713 131517
70713 48058 131517
131565 68373 87792
68373 87792 131565
87792 68373 131565
49230 135234 146278
146278 49230 135234
135234 49230 146278
52477 32324 77764
32324 52477 77764
77764 32324 52477
75705 91397 149120
91397 75705 149120
149120 75705 91397
3746 76183 92499
76183 3746 92499
92499 3746 76183
95050 98640 129424
98640 95050 129424
129424 95050 98640
22325 125136 145038
145038 22325 125136
125136 22325 145038
35269 56297 149432
56297 35269 149432
149432 35269 56297
25049 44261 146148
44261 25049 146148
146148 25049 44261
110775 67092 117062
117062 67092 110775
67092 110775 117062
9615 84779 120818
120818 9615 84779
84779 9615 120818
40428 7098 102181
7098 40428 102181
102181 7098 40428
7832 32903 84365
32903 7832 84365
84365 7832 32903
28254 88577 141241
141241 28254 88577
88577 28254 141241
101442 29565 86079
29565 86079 101442
86079 29565 101442
29679 88822 143135
143135 29679 88822
88822 29679 143135
91947 55595 69573
69573 55595 91947
55595 69573 91947
111373 48073 78850
48073 78850 111373
78850 48073 111373
4406 22477 70225
70225 4406 22477
22477 4406 70225
60373 28404 59669
59669 28404 60373
28404 59669 60373
14210 50274 67992
67992 14210 50274
50274 14210 67992
98590 108658 129154
108658 98590 129154
129154 98590 108658
106699 15151 75880
75880 15151 106699
15151 75880 106699
79046 138069 140793
140793 79046 138069
138069 79046 140793
90075 79608 128282
79608 90075 128282
128282 79608 90075
43774 116758 148630
148630 43774 116758
116758 43774 148630
85075 132298 147959
147959 85075 132298
132298 85075 147959
81794 10968 91635
91635 10968 81794
10968 81794 91635
135174 19123 119694
119694 19123 135174
19123 119694 135174
103095 63974 90092
63974 90092 103095
90092 63974 103095
111068 73554 142081
73554 111068 142081
142081 73554 111068
144222 26541 122042
26541 122042 144222
122042 26541 144222
78564 65076 128295
128295 65076 78564
65076 78564 128295
137535 72291 108410
108410 72291 137535
72291 108410 137535
11054 115699 138152
138152 11054 115699
115699 11054 138152
52162 64701 91916
64701 52162 91916
91916 52162 64701
103962 10134 98028
98028 10134 103962
10134 98028 103962
35156 46334 114513
46334 35156 114513
114513 35156 46334
84256 44858 98046
98046 44858 84256
44858 84256 98046
66271 105762 137629
137629 66271 105762
105762 66271 137629
127440 114725 121542
114725 121542 127440
121542 114725 127440
117511 112409 147384
112409 117511 147384
147384 112409 117511
37850 32276 53424
53424 32276 37850
32276 37850 53424
116245 43451 94498
94498 43451 116245
43451 94498 116245
27011 56157 140953
56157 27011 140953
140953 27011 56157
48469 73952 87242
73952 48469 87242
87242 48469 73952
136848 3328 61888
3328 61888 136848
61888 3328 136848
64937 69203 120119
120119 64937 69203
69203 64937 120119
34702 44382 71784
44382 34702 71784
71784 34702 44382
25433 29432 139049
29432 25433 139049
139049 25433 29432
1876 59681 131655
59681 1876 131655
131655 1876 59681
147202 67566 120510
67566 120510 147202
120510 67566 147202
26236 62828 92052
62828 26236 92052
92052 26236 62828
50793 1071 91284
1071 50793 91284
91284 1071 50793
34075 93726 108206
93726 34075 108206
108206 34075 93726
94961 73812 124300
124300 73812 94961
73812 94961 124300
21837 62502 137356
137356 21837 62502
62502 21837 137356
46317 94435 146297
94435 46317 146297
146297 46317 94435
3901 1689 128608
128608 1689 3901
1689 3901 128608
121274 16513 128464
128464 16513 121274
16513 121274 128464
4264 3844 103663
3844 4264 103663
103663 3844 4264
27989 74534 114024
114024 27989 74534
74534 27989 114024
7056 80843 128317
80843 7056 128317
128317 7056 80843
149369 69216 126173
69216 126173 149369
126173 69216 149369
85297 77616 122728
77616 85297 122728
122728 77616 85297
12529 53958 102088
53958 12529 102088
102088 12529 53958
53602 111328 123673
111328 53602 123673
123673 53602 111328
128188 36649 55175
36649 55175 128188
55175 36649 128188
149957 63529 101379
63529 101379 149957
101379 63529 149957
73185 31786 40145
40145 31786 73185
31786 40145 73185
67916 111872 127239
111872 67916 127239
127239 67916 111872
54715 82267 88939
82267 54715 88939
88939 54715 82267
88820 22015 83101
22015 83101 88820
83101 22015 88820
116912 89970 94025
89970 94025 116912
94025 89970 116912
36487 46999 102019
46999 36487 102019
102019 36487 46999
109399 29709 131000
29709 109399 131000
131000 29709 109399
120698 93794 121623
93794 120698 121623
121623 93794 120698
87456 32489 69719
69719 32489 87456
32489 69719 87456
140232 43562 116908
43562 116908 140232
116908 43562 140232
13159 36013 146303
146303 13159 36013
36013 13159 146303
11726 34115 41557
41557 11726 34115
34115 11726 41557
119783 50610 98026
50610 98026 119783
98026 50610 119783
102922 33235 59272
59272 33235 102922
33235 59272 102922
20802 25337 72300
25337 20802 72300
72300 20802 25337
99263 24141 113818
24141 99263 113818
113818 24141 99263
123225 86450 134772
86450 123225 134772
134772 86450 123225
26715 60684 61107
60684 26715 61107
61107 26715 60684
6449 5314 128821
5314 6449 128821
128821 5314 6449
114592 5461 57492
5461 57492 114592
57492 5461 114592
31565 66512 133454
66512 31565 133454
133454 31565 66512
124184 54968 137520
54968 124184 137520
137520 54968 124184
126531 57549 111069
111069 57549 126531
57549 111069 126531
5942 128395 135941
128395 5942 135941
135941 5942 128395
42769 2010 145660
2010 42769 145660
145660 2010 42769
97550 116508 131703
131703 97550 116508
116508 97550 131703
66163 98032 106429
98032 66163 106429
106429 66163 98032
109787 95485 136156
136156 95485 109787
95485 109787 136156
98397 5984 116267
5984 98397 116267
116267 5984 98397
111161 33744 109540
33744 109540 111161
109540 33744 111161
31326 81440 104956
81440 31326 104956
104956 31326 81440
96461 22079 138905
22079 96461 138905
138905 22079 96461
46216 56853 99635
56853 46216 99635
99635 46216 56853
93735 2002 56876
56876 2002 93735
2002 56876 93735
30761 113991 137783
137783 30761 113991
113991 30761 137783
7169 31195 76332
76332 7169 31195
31195 7169 76332
81892 919 39335
919 39335 81892
39335 919 81892
9742 57325 130347
57325 9742 130347
130347 9742 57325
89101 2787 89947
2787 89101 89947
89947 2787 89101
1565 17987 86276
17987 1565 86276
86276 1565 17987
111050 42043 85097
42043 85097 111050
85097 42043 111050
114606 58197 144837
58197 114606 144837
144837 58197 114606
56789 86981 116009
116009 56789 86981
86981 56789 116009
26452 845 44203
44203 845 26452
845 26452 44203
137744 14148 55695
14148 55695 137744
55695 14148 137744
59846 70799 73723
73723 59846 70799
70799 59846 73723
12680 115930 128491
128491 12680 115930
115930 12680 128491
82084 3592 117903
117903 3592 82084
3592 82084 117903
145188 31961 56865
31961 56865 145188
56865 31961 145188
125705 3714 134453
3714 125705 134453
134453 3714 125705
78558 37980 104414
104414 37980 78558
37980 78558 104414
88493 54838 86963
86963 54838 88493
54838 86963 88493
74919 56096 61906
61906 56096 74919
56096 61906 74919
67873 25398 134334
134334 25398 67873
25398 67873 134334
4334 79097 113796
79097 4334 113796
113796 4334 79097
36628 108907 114530
108907 36628 114530
114530 36628 108907
141752 62006 89005
89005 62006 141752
62006 89005 141752
8070 12905 114368
12905 8070 114368
114368 8070 12905
96038 30084 57642
30084 57642 96038
57642 30084 96038
30401 3712 15373
3712 15373 30401
15373 3712 30401
69497 52151 61631
61631 52151 69497
52151 61631 69497
30494 8997 73215
73215 8997 30494
8997 30494 73215
129755 8619 66447
66447 8619 129755
8619 66447 129755
17861 5663 75213
75213 5663 17861
5663 17861 75213
96539 50275 91680
50275 91680 96539
91680 50275 96539
136060 21627 37779
21627 37779 136060
37779 21627 136060
105575 29621 148491
148491 29621 105575
29621 105575 148491
84942 36282 124253
124253 36282 84942
36282 84942 124253
69369 125457 139148
125457 69369 139148
139148 69369 125457
91182 8519 14383
8519 14383 91182
14383 8519 91182
47413 124019 148760
148760 47413 124019
124019 47413 148760
4921 24555 118938
118938 4921 24555
24555 4921 118938
10506 6358 59313
6358 10506 59313
59313 6358 10506
67211 11917 87573
11917 67211 87573
87573 11917 67211
38706 50026 129842
129842 38706 50026
50026 38706 129842
99370 33726 81632
33726 81632 99370
81632 33726 99370
37147 51680 123205
51680 37147 123205
123205 37147 51680
39931 17342 100326
17342 39931 100326
100326 17342 39931
120470 10252 144768
144768 10252 120470
10252 120470 144768
78791 9946 70946
70946 9946 78791
9946 70946 78791
49702 29043 121565
29043 49702 121565
121565 29043 49702
62943 94329 128923
94329 62943 128923
128923 62943 94329
34941 64386 103015
64386 34941 103015
103015 34941 64386
133610 46685 99815
99815 46685 133610
46685 99815 133610
121089 22520 123306
123306 22520 121089
22520 121089 123306
19744 26950 37614
26950 19744 37614
37614 19744 26950
8926 54247 116201
54247 8926 116201
116201 8926 54247
15930 10478 99904
10478 15930 99904
99904 10478 15930
129228 72593 127173
127173 72593 129228
72593 127173 129228
86889 19060 38842
38842 19060 86889
19060 38842 86889
7323 12627 141169
141169 7323 12627
12627 7323 141169
31720 58350 96340
58350 31720 96340
96340 31720 58350
132481 75608 105169
75608 105169 132481
105169 75608 132481
148579 3570 132631
3570 132631 148579
132631 3570 148579
125190 89641 109854
109854 89641 125190
89641 109854 125190
123599 20231 27062
27062 20231 123599
20231 27062 123599
65929 141401 147808
141401 65929 147808
147808 65929 141401
98266 30062 111516
30062 98266 111516
111516 30062 98266
10392 77709 125929
125929 10392 77709
77709 10392 125929
28539 37390 82204
82204 28539 37390
37390 28539 82204
140935 98784 131182
98784 131182 140935
131182 98784 140935
132395 2051 126909
2051 126909 132395
126909 2051 132395
65338 76264 147112
147112 65338 76264
76264 65338 147112
116614 70772 122492
70772 116614 122492
122492 70772 116614
138098 1649 100685
1649 100685 138098
100685 1649 138098
55944 31505 113788
31505 55944 113788
113788 31505 55944
109867 92772 141370
141370 92772 109867
92772 109867 141370
133805 41153 131407
131407 41153 133805
41153 131407 133805
53987 22239 28774
22239 28774 53987
28774 22239 53987
40320 117383 129195
117383 40320 129195
129195 40320 117383
14273 33985 144112
33985 14273 144112
144112 14273 33985
111849 3685 49021
3685 49021 111849
49021 3685 111849
28173 40651 132967
132967 28173 40651
40651 28173 132967
4265 61391 129651
61391 4265 129651
129651 4265 61391
63778 77555 140580
140580 63778 77555
77555 63778 140580
135842 105883 145030
145030 105883 135842
105883 135842 145030
10891 72701 89793
89793 10891 72701
72701 10891 89793
49108 35793 60238
35793 49108 60238
60238 35793 49108
49287 105049 121127
105049 49287 121127
121127 49287 105049
106665 66810 128070
128070 66810 106665
66810 106665 128070
85506 9588 94403
94403 9588 85506
9588 85506 94403
144614 82482 128069
128069 82482 144614
82482 128069 144614
44589 15638 113877
113877 15638 44589
15638 44589 113877
120980 59413 101624
101624 59413 120980
59413 101624 120980
93184 18463 115482
18463 93184 115482
115482 18463 93184
106103 110998 128521
128521 106103 110998
110998 106103 128521
48426 7346 84515
84515 7346 48426
7346 48426 84515
69721 52596 96193
52596 69721 96193
96193 52596 69721
34220 5338 85750
85750 5338 34220
5338 34220 85750
125518 75771 90238
90238 75771 125518
75771 90238 125518
124522 3074 34902
3074 34902 124522
34902 3074 124522
125126 9097 132763
132763 9097 125126
9097 125126 132763
99061 41433 102310
41433 99061 102310
102310 41433 99061
38322 5065 37920
37920 5065 38322
5065 37920 38322
59743 87169 139926
87169 59743 139926
139926 59743 87169
95121 99614 123115
99614 95121 123115
123115 95121 99614
23251 42896 50184
50184 23251 42896
42896 23251 50184
104257 88214 147794
88214 104257 147794
147794 88214 104257
64743 55084 115167
115167 55084 64743
55084 64743 115167
38067 19856 72746
72746 19856 38067
19856 38067 72746
120033 34050 86117
34050 86117 120033
86117 34050 120033
133141 30163 42968
30163 42968 133141
42968 30163 133141
143444 67823 89509
67823 89509 143444
89509 67823 143444
32808 47573 110809
110809 32808 47573
47573 32808 110809
24540 98251 115463
115463 24540 98251
98251 24540 115463
127697 62839 92770
62839 92770 127697
92770 62839 127697
35929 16734 120865
120865 16734 35929
16734 35929 120865
136887 73114 141529
141529 73114 136887
73114 136887 141529
3876 96254 124778
124778 3876 96254
96254 3876 124778
45875 29058 64016
64016 29058 45875
29058 45875 64016
141119 17564 53344
53344 17564 141119
17564 53344 141119
45602 92640 123988
123988 45602 92640
92640 45602 123988
37342 49662 107943
49662 37342 107943
107943 37342 49662
4402 81503 91202
81503 4402 91202
91202 4402 81503
131425 23743 27368
23743 27368 131425
27368 23743 131425
142115 78148 82618
78148 82618 142115
82618 78148 142115
51782 89910 147962
147962 51782 89910
89910 51782 147962
2177 65250 93482
65250 2177 93482
93482 2177 65250
94870 32393 114731
32393 94870 114731
114731 32393 94870
34946 49137 103223
49137 34946 103223
103223 34946 49137
125356 59833 90734
90734 59833 125356
59833 90734 125356
83562 64332 96166
96166 64332 83562
64332 83562 96166
126010 37985 84722
37985 84722 126010
84722 37985 126010
102280 4835 90178
90178 4835 102280
4835 90178 102280
31748 22136 124351
22136 31748 124351
124351 22136 31748
38049 6830 121117
6830 38049 121117
121117 6830 38049
8864 33230 67503
67503 8864 33230
33230 8864 67503
88599 20828 149355
149355 20828 88599
20828 88599 149355
98313 27297 127970
27297 98313 127970
127970 27297 98313
32138 27341 28591
28591 27341 32138
27341 28591 32138
128900 68808 117236
117236 68808 128900
68808 117236 128900
119394 30088 56405
56405 30088 119394
30088 56405 119394
22420 79797 112224
79797 22420 112224
112224 22420 79797
40879 23107 144250
23107 40879 144250
144250 23107 40879
30323 20757 42208
20757 30323 42208
42208 20757 30323
7547 18055 114772
114772 7547 18055
18055 7547 114772
124819 36386 107821
107821 36386 124819
36386 107821 124819
70179 80983 120689
120689 70179 80983
80983 70179 120689
36713 72754 136972
72754 36713 136972
136972 36713 72754
18263 43655 124407
43655 18263 124407
124407 18263 43655
146528 3248 133851
3248 133851 146528
133851 3248 146528
13399 44108 131121
44108 13399 131121
131121 13399 44108
6092 350 31981
350 6092 31981
31981 350 6092
30861 109025 118238
109025 30861 118238
118238 30861 109025
5540 80043 132895
80043 5540 132895
132895 5540 80043
69381 31650 117023
117023 31650 69381
31650 69381 117023
53121 99203 121485
121485 53121 99203
99203 53121 121485
10548 813 107028
813 10548 107028
107028 813 10548
115343 7149 127378
7149 115343 127378
127378 7149 115343
90530 58651 99243
99243 58651 90530
58651 90530 99243
80567 93069 94524
94524 80567 93069
93069 80567 94524
134389 8378 38744
38744 8378 134389
8378 38744 134389
93508 10165 26401
26401 10165 93508
10165 26401 93508
95513 92234 123206
92234 95513 123206
123206 92234 95513
46527 97063 144197
97063 46527 144197
144197 46527 97063
129925 22467 105165
105165 22467 129925
22467 105165 129925
3737 41568 61694
61694 3737 41568
41568 3737 61694
113815 33058 43585
33058 43585 113815
43585 33058 113815
120606 1854 41443
41443 1854 120606
1854 41443 120606
134662 99348 137390
99348 134662 137390
137390 99348 134662
66558 64257 128691
128691 64257 66558
64257 66558 128691
23719 65787 122035
122035 23719 65787
65787 23719 122035
143222 16242 25829
16242 25829 143222
25829 16242 143222
44894 9311 77155
77155 9311 44894
9311 44894 77155
74906 43650 100346
100346 43650 74906
43650 74906 100346
31013 13365 146523
146523 13365 31013
13365 31013 146523
100577 58038 145447
58038 100577 145447
145447 58038 100577
117176 46075 67043
46075 67043 117176
67043 46075 117176
26566 27429 98144
27429 26566 98144
98144 26566 27429
71978 58642 148884
58642 71978 148884
148884 58642 71978
137209 24855 49847
24855 49847 137209
49847 24855 137209
144278 97895 134243
134243 97895 144278
97895 134243 144278
26079 52398 104842
52398 26079 104842
104842 26079 52398
81573 95383 125955
125955 81573 95383
95383 81573 125955
35099 109368 115765
115765 35099 109368
109368 35099 115765
64384 85934 93739
85934 64384 93739
93739 64384 85934
31866 2303 108829
2303 31866 108829
108829 2303 31866
123684 43862 142692
142692 43862 123684
43862 123684 142692
112619 54333 58270
58270 54333 112619
54333 58270 112619
27640 93970 114260
93970 27640 114260
114260 27640 93970
43479 38256 112120
38256 43479 112120
112120 38256 43479
149622 27600 139066
139066 27600 149622
27600 139066 149622
76853 60241 125534
60241 76853 125534
125534 60241 76853
33094 40592 96827
40592 33094 96827
96827 33094 40592
92512 14790 123921
14790 92512 123921
123921 14790 92512
44844 4266 15641
15641 4266 44844
4266 15641 44844
13427 74524 149185
149185 13427 74524
74524 13427 149185
126633 46745 78706
46745 78706 126633
78706 46745 126633
67614 77836 111417
111417 67614 77836
77836 67614 111417
118379 108552 134244
134244 108552 118379
108552 118379 134244
84137 68606 69167
68606 69167 84137
69167 68606 84137
87777 24910 49295
24910 49295 87777
49295 24910 87777
13524 75520 111793
111793 13524 75520
75520 13524 111793
17914 36642 124958
124958 17914 36642
36642 17914 124958
80499 38987 124667
124667 38987 80499
38987 80499 124667
55579 61364 113374
113374 55579 61364
61364 55579 113374
97770 29232 103402
29232 97770 103402
103402 29232 97770
29949 81443 133033
81443 29949 133033
133033 29949 81443
51958 51666 137500
51666 51958 137500
137500 51666 51958
127045 2605 35868
35868 2605 127045
2605 35868 127045
24842 80946 146574
146574 24842 80946
80946 24842 146574
54642 67805 84597
84597 54642 67805
67805 54642 84597
6075 91459 97477
97477 6075 91459
91459 6075 97477
97470 57413 61849
57413 61849 97470
61849 57413 97470
40023 49651 108675
49651 40023 108675
108675 40023 49651
26887 13928 121077
13928 26887 121077
121077 13928 26887
122094 18927 30022
30022 18927 122094
18927 30022 122094
112338 30134 128687
128687 30134 112338
30134 112338 128687
129898 14746 137385
137385 14746 129898
14746 129898 137385
120788 36276 95232
95232 36276 120788
36276 95232 120788
48719 116243 143692
143692 48719 116243
116243 48719 143692
74416 102521 134557
134557 74416 102521
102521 74416 134557
57937 22022 77898
22022 57937 77898
77898 22022 57937
77368 105991 140926
105991 77368 140926
140926 77368 105991
37423 103331 143234
143234 37423 103331
103331 37423 143234
121298 110906 127657
110906 121298 127657
127657 110906 121298
25975 30829 41989
30829 25975 41989
41989 25975 30829
75626 39116 121786
121786 39116 75626
39116 75626 121786
80324 58084 112436
58084 80324 112436
112436 58084 80324
55086 104874 149268
104874 55086 149268
149268 55086 104874
79815 3802 9928
9928 3802 79815
3802 9928 79815
111266 134442 142198
134442 111266 142198
142198 111266 134442
59624 60739 88580
60739 59624 88580
88580 59624 60739
89249 81915 127652
81915 89249 127652
127652 81915 89249
28961 64784 83100
83100 28961 64784
64784 28961 83100
46539 74719 100253
74719 46539 100253
100253 46539 74719
74059 44750 149133
44750 74059 149133
149133 44750 74059
36489 98700 142285
98700 36489 142285
142285 36489 98700
42340 38057 49175
49175 38057 42340
38057 42340 49175
107758 53852 140487
140487 53852 107758
53852 107758 140487
139906 45245 45624
45245 45624 139906
45624 45245 139906
39581 2470 92058
2470 39581 92058
92058 2470 39581
135723 62401 131923
131923 62401 135723
62401 131923 135723
71820 10266 62695
10266 62695 71820
62695 10266 71820
94213 29784 96026
29784 94213 96026
96026 29784 94213
29728 46133 95131
46133 29728 95131
95131 29728 46133
95300 12906 24301
12906 24301 95300
24301 12906 95300
92083 86107 119677
119677 86107 92083
86107 92083 119677
46578 50906 68674
50906 46578 68674
68674 46578 50906
75317 88875 122358
88875 75317 122358
122358 75317 88875
116375 4810 105867
105867 4810 116375
4810 105867 116375
46764 69541 113612
113612 46764 69541
69541 46764 113612
100597 10287 141733
141733 10287 100597
10287 100597 141733
112582 86130 149485
149485 86130 112582
86130 112582 149485
41667 50270 106528
106528 41667 50270
50270 41667 106528
77686 58583 92784
92784 58583 77686
58583 77686 92784
70519 99261 105543
99261 70519 105543
105543 70519 99261
4251 30433 141900
141900 4251 30433
30433 4251 141900
41796 105546 116795
116795 41796 105546
105546 41796 116795
45539 82146 129854
82146 45539 129854
129854 45539 82146
76206 2640 10957
10957 2640 76206
2640 10957 76206
20037 89117 102425
89117 20037 102425
102425 20037 89117
2970 91411 135386
135386 2970 91411
91411 2970 135386
141675 105577 135754
105577 135754 141675
135754 105577 141675
103280 20529 33028
33028 20529 103280
20529 33028 103280
32406 11796 104934
11796 32406 104934
104934 11796 32406
35312 71466 113874
71466 35312 113874
113874 35312 71466
50091 57872 80525
57872 50091 80525
80525 50091 57872
18156 69043 148424
69043 18156 148424
148424 18156 69043
53283 129976 143315
143315 53283 129976
129976 53283 143315
57580 43174 117238
43174 57580 117238
117238 43174 57580
112461 96960 140407
96960 112461 140407
140407 96960 112461
93160 97409 143167
143167 93160 97409
97409 93160 143167
118480 77214 145390
77214 118480 145390
145390 77214 118480
145377 18807 42287
18807 42287 145377
42287 18807 145377
84280 104755 128983
128983 84280 104755
104755 84280 128983
15059 2361 34360
2361 15059 34360
34360 2361 15059
146275 13487 74835
13487 74835 146275
74835 13487 146275
132566 12422 142991
142991 12422 132566
12422 132566 142991
23558 17357 84507
17357 23558 84507
84507 17357 23558
138865 12073 121693
12073 121693 138865
121693 12073 138865
99416 36845 147056
36845 99416 147056
147056 36845 99416
148232 9332 95320
95320 9332 148232
9332 95320 148232
92669 21164 87534
21164 87534 92669
87534 21164 92669
111917 104867 145935
145935 104867 111917
104867 111917 145935
145521 91974 110725
91974 110725 145521
110725 91974 145521
129132 73550 78448
78448 73550 129132
73550 78448 129132
80700 61767 132212
61767 80700 132212
132212 61767 80700
39206 44917 88672
88672 39206 44917
44917 39206 88672
109109 2224 123561
123561 2224 109109
2224 109109 123561
101763 32662 135530
135530 32662 101763
32662 101763 135530
96473 37044 117156
117156 37044 96473
37044 96473 117156
43701 30061 42795
42795 30061 43701
30061 42795 43701
125466 5811 15289
15289 5811 125466
5811 15289 125466
33228 943 58846
943 33228 58846
58846 943 33228
84813 87348 124810
124810 84813 87348
87348 84813 124810
31805 10970 90337
90337 10970 31805
10970 31805 90337
149775 15086 112699
15086 112699 149775
112699 15086 149775
110833 16361 138683
138683 16361 110833
16361 110833 138683
725 20652 31376
31376 725 20652
20652 725 31376
99803 12859 42911
42911 12859 99803
12859 42911 99803
133648 12481 104915
12481 104915 133648
104915 12481 133648
78196 78514 114920
78514 78196 114920
114920 78196 78514
135978 9979 108156
108156 9979 135978
9979 108156 135978
60787 59697 78027
59697 60787 78027
78027 59697 60787
105761 41947 63665
63665 41947 105761
41947 63665 105761
40935 1109 69556
69556 1109 40935
1109 40935 69556
127704 73110 86170
86170 73110 127704
73110 86170 127704
71337 131158 140192
140192 71337 131158
131158 71337 140192
64785 26131 146210
26131 64785 146210
146210 26131 64785
60083 88372 104996
88372 60083 104996
104996 60083 88372
97833 58599 116840
116840 58599 97833
58599 97833 116840
73230 15953 45573
15953 45573 73230
45573 15953 73230
24789 105438 146951
146951 24789 105438
105438 24789 146951
135619 52981 86719
52981 86719 135619
86719 52981 135619
18326 81144 107760
81144 18326 107760
107760 18326 81144
71145 14444 34747
14444 34747 71145
34747 14444 71145
50582 47366 141781
47366 50582 141781
141781 47366 50582
103976 5983 143368
143368 5983 103976
5983 103976 143368
87240 34463 65453
34463 65453 87240
65453 34463 87240
2720 61993 121402
61993 2720 121402
121402 2720 61993
14833 7462 12037
7462 12037 14833
12037 7462 14833
142764 64487 105846
64487 105846 142764
105846 64487 142764
41037 64242 102505
102505 41037 64242
64242 41037 102505
133364 68291 111624
68291 111624 133364
111624 68291 133364
71884 36329 121560
36329 71884 121560
121560 36329 71884
35606 6029 39619
6029 35606 39619
39619 6029 35606
88398 67294 83055
83055 67294 88398
67294 83055 88398
7759 36463 96253
96253 7759 36463
36463 7759 96253
65644 16707 124999
16707 65644 124999
124999 16707 65644
122874 86487 132242
86487 122874 132242
132242 86487 122874
137425 8154 30547
8154 30547 137425
30547 8154 137425
135147 86073 131200
131200 86073 135147
86073 131200 135147
3203 92331 109163
109163 3203 92331
92331 3203 109163
106365 66466 111202
66466 106365 111202
111202 66466 106365
98920 67381 76999
67381 76999 98920
76999 67381 98920
8040 41695 146264
41695 8040 146264
146264 8040 41695
145329 9702 18132
9702 18132 145329
18132 9702 145329
125445 39728 97705
39728 97705 125445
97705 39728 125445
74271 67196 112507
67196 74271 112507
112507 67196 74271
75544 78096 112823
112823 75544 78096
78096 75544 112823
3092 38810 54767
54767 3092 38810
38810 3092 54767
86358 55273 110183
110183 55273 86358
55273 86358 110183
75676 41551 110569
41551 75676 110569
110569 41551 75676
128552 12954 102913
102913 12954 128552
12954 102913 128552
38494 48683 126779
48683 38494 126779
126779 38494 48683
85751 44588 104855
44588 85751 104855
104855 44588 85751
4545 20060 34405
34405 4545 20060
20060 4545 34405
27830 26390 60525
26390 27830 60525
60525 26390 27830
49050 67397 113107
67397 49050 113107
113107 49050 67397
27229 70389 146913
146913 27229 70389
70389 27229 146913
131811 84754 118195
84754 118195 131811
118195 84754 131811
145006 23488 90750
90750 23488 145006
23488 90750 145006
143099 2126 115926
2126 115926 143099
115926 2126 143099
11298 1125 27880
27880 1125 11298
1125 11298 27880
14935 37711 47846
47846 14935 37711
37711 14935 47846
120422 13482 91357
91357 13482 120422
13482 91357 120422
48821 38575 125605
125605 38575 48821
38575 48821 125605
19230 58090 83674
83674 19230 58090
58090 19230 83674
111654 766 31708
766 31708 111654
31708 766 111654
20781 33687 36552
36552 20781 33687
33687 20781 36552
143743 133270 145254
145254 133270 143743
133270 143743 145254
99790 17496 41520
17496 41520 99790
41520 17496 99790
141024 66731 120733
120733 66731 141024
66731 120733 141024
147868 81445 100862
81445 100862 147868
100862 81445 147868
143285 94998 104502
104502 94998 143285
94998 104502 143285
108591 2807 45572
2807 45572 108591
45572 2807 108591
56968 50570 105743
105743 50570 56968
50570 56968 105743
29314 38907 45326
45326 29314 38907
38907 29314 45326
54997 30037 110655
110655 30037 54997
30037 54997 110655
7438 26127 78925
78925 7438 26127
26127 7438 78925
56127 6582 144429
144429 6582 56127
6582 56127 144429
23392 88119 96383
88119 23392 96383
96383 23392 88119
23585 66811 94347
94347 23585 66811
66811 23585 94347
31933 11797 99345
11797 31933 99345
99345 11797 31933
51241 47430 148507
47430 51241 148507
148507 47430 51241
75097 17186 93593
93593 17186 75097
17186 75097 93593
21475 4795 66103
66103 4795 21475
4795 21475 66103
94010 2545 12157
2545 12157 94010
12157 2545 94010
149153 14788 29153
29153 14788 149153
14788 29153 149153
69009 52983 94087
52983 69009 94087
94087 52983 69009
120876 49134 108198
49134 108198 120876
108198 49134 120876
58256 128759 134871
128759 58256 134871
134871 58256 128759
63733 92656 93856
92656 63733 93856
93856 63733 92656
31536 77507 98082
98082 31536 77507
77507 31536 98082
62572 17111 97475
97475 17111 62572
17111 62572 97475
144920 70380 74984
70380 74984 144920
74984 70380 144920
19250 53882 104599
53882 19250 104599
104599 19250 53882
101558 58690 137788
58690 101558 137788
137788 58690 101558
27436 41727 87657
87657 27436 41727
41727 27436 87657
32314 2567 97532
97532 2567 32314
2567 32314 97532
38654 41407 108901
41407 38654 108901
108901 38654 41407
102446 4404 106814
4404 102446 106814
106814 4404 102446
114605 110310 134045
134045 110310 114605
110310 114605 134045
122711 56118 61203
56118 61203 122711
61203 56118 122711
20377 105263 136441
136441 20377 105263
105263 20377 136441
129034 49631 83832
49631 83832 129034
83832 49631 129034
120155 24782 80860
80860 24782 120155
24782 80860 120155
38011 28997 100428
100428 28997 38011
28997 38011 100428
123351 3160 142390
142390 3160 123351
3160 123351 142390
17918 37322 88476
37322 17918 88476
88476 17918 37322
76034 57569 129032
57569 76034 129032
129032 57569 76034
79643 57217 102138
102138 57217 79643
57217 79643 102138
94300 13860 63318
63318 13860 94300
13860 63318 94300
50905 18110 82081
82081 18110 50905
18110 50905 82081
32233 54064 59085
54064 32233 59085
59085 32233 54064
101684 45390 88440
45390 88440 101684
88440 45390 101684
82558 65378 81245
65378 81245 82558
81245 65378 82558
122613 64029 81024
64029 81024 122613
81024 64029 122613
130220 7631 12869
7631 12869 130220
12869 7631 130220
98390 48033 68650
68650 48033 98390
48033 68650 98390
67352 89325 134264
134264 67352 89325
89325 67352 134264
25931 56758 127283
127283 25931 56758
56758 25931 127283
126276 6907 83648
6907 83648 126276
83648 6907 126276
19574 20594 88565
88565 19574 20594
20594 19574 88565
147757 79304 125964
79304 125964 147757
125964 79304 147757
25444 119902 138364
119902 25444 138364
138364 25444 119902
122093 98529 113086
98529 113086 122093
113086 98529 122093
131685 11178 142848
11178 131685 142848
142848 11178 131685
135346 82683 132104
132104 82683 135346
82683 132104 135346
82842 133195 138816
133195 82842 138816
138816 82842 133195
82284 71962 116189
71962 82284 116189
116189 71962 82284
78598 39645 40271
40271 39645 78598
39645 40271 78598
35085 57377 82801
82801 35085 57377
57377 35085 82801
112037 71429 75980
75980 71429 112037
71429 75980 112037
91116 20626 103804
20626 91116 103804
