100563 89477 131221
89477 100563 131221
131221 89477 100563
55698 126319 131646
126319 55698 131646
131646 55698 126319
6069 53759 77622
77622 6069 53759
53759 6069 77622
4372 38498 147872
147872 4372 38498
38498 4372 147872
82921 70138 111878
70138 82921 111878
111878 70138 82921
45311 80101 98646
98646 45311 80101
80101 45311 98646
99688 69654 121698
69654 99688 121698
121698 69654 99688
25740 85224 124195
85224 25740 124195
124195 25740 85224
525 82596 104484
82596 525 104484
104484 525 82596
33256 42175 125074
125074 33256 42175
42175 33256 125074
64233 32593 130243
32593 64233 130243
130243 32593 64233
44740 39097 132769
39097 44740 132769
132769 39097 44740
134016 23141 89468
23141 89468 134016
89468 23141 134016
98951 19583 47375
47375 19583 98951
19583 47375 98951
45921 47941 133314
47941 45921 133314
133314 45921 47941
11938 13066 82952
82952 11938 13066
13066 11938 82952
114038 89304 104434
89304 104434 114038
104434 89304 114038
94016 54554 120412
54554 94016 120412
120412 54554 94016
118527 103720 143765
103720 118527 143765
143765 103720 118527
40323 8680 45720
8680 40323 45720
45720 8680 40323
28678 29782 94667
94667 28678 29782
29782 28678 94667
23477 106648 138141
138141 23477 106648
106648 23477 138141
61921 58307 118675
58307 61921 118675
118675 58307 61921
134377 22583 115113
22583 115113 134377
115113 22583 134377
5913 73549 108391
73549 5913 108391
108391 5913 73549
94982 29617 73633
29617 73633 94982
73633 29617 94982
89323 42973 79963
79963 42973 89323
42973 79963 89323
37453 116570 142732
116570 37453 142732
142732 37453 116570
11256 44754 45693
44754 11256 45693
45693 11256 44754
44259 24159 88089
24159 44259 88089
88089 24159 44259
33863 52351 97438
97438 33863 52351
52351 33863 97438
80001 129019 148692
129019 80001 148692
148692 80001 129019
78091 30695 144359
144359 30695 78091
30695 78091 144359
5692 86096 126710
86096 5692 126710
126710 5692 86096
117778 31852 50400
31852 50400 117778
50400 31852 117778
47193 54434 98842
98842 47193 54434
54434 47193 98842
91368 111368 145250
111368 91368 145250
145250 91368 111368
75018 2626 46032
2626 46032 75018
46032 2626 75018
34346 1115 43624
43624 1115 34346
1115 34346 43624
144685 20185 110708
20185 110708 144685
110708 20185 144685
77695 90136 124226
124226 77695 90136
90136 77695 124226
46264 1791 147314
1791 46264 147314
147314 1791 46264
109618 73331 129645
73331 109618 129645
129645 73331 109618
61009 62516 99850
99850 61009 62516
62516 61009 99850
73541 4048 84558
4048 73541 84558
84558 4048 73541
57364 39587 110562
110562 39587 57364
39587 57364 110562
15330 23640 114067
23640 15330 114067
114067 15330 23640
78173 29381 40668
29381 40668 78173
40668 29381 78173
74907 24201 55927
55927 24201 74907
24201 55927 74907
104415 24313 50020
50020 24313 104415
24313 50020 104415
149116 100452 147325
147325 100452 149116
100452 147325 149116
111847 68130 84783
68130 84783 111847
84783 68130 111847
58207 31642 37865
37865 31642 58207
31642 37865 58207
37276 132854 146901
132854 37276 146901
146901 37276 132854
127248 9853 140983
9853 127248 140983
140983 9853 127248
37679 52881 59980
52881 37679 59980
59980 37679 52881
130767 34278 111205
111205 34278 130767
34278 111205 130767
113302 80161 114161
114161 80161 113302
80161 113302 114161
79932 38372 146377
38372 79932 146377
146377 38372 79932
134646 7855 42835
7855 42835 134646
42835 7855 134646
103827 6809 31788
31788 6809 103827
6809 31788 103827
58599 36823 44748
36823 44748 58599
44748 36823 58599
4765 7394 65174
65174 4765 7394
7394 4765 65174
96804 48107 101251
48107 96804 101251
101251 48107 96804
111560 92684 128723
128723 92684 111560
92684 111560 128723
86387 55277 70660
55277 70660 86387
70660 55277 86387
142906 128636 137499
128636 137499 142906
137499 128636 142906
94721 49086 102030
102030 49086 94721
49086 94721 102030
85601 17675 26697
26697 17675 85601
17675 26697 85601
110141 110462 116252
116252 110141 110462
110462 110141 116252
91786 6934 9393
9393 6934 91786
6934 9393 91786
71864 40427 62746
40427 62746 71864
62746 40427 71864
6753 30855 143446
143446 6753 30855
30855 6753 143446
55291 57920 112346
112346 55291 57920
57920 55291 112346
53161 61055 65761
61055 53161 65761
65761 53161 61055
90284 4706 8856
8856 4706 90284
4706 8856 90284
343 99249 127042
127042 343 99249
99249 343 127042
140559 108147 135047
135047 108147 140559
108147 135047 140559
42075 4281 75196
75196 4281 42075
4281 42075 75196
127711 55090 81683
55090 81683 127711
81683 55090 127711
84861 52710 96660
96660 52710 84861
52710 84861 96660
10195 47651 121004
121004 10195 47651
47651 10195 121004
64104 37008 124067
124067 37008 64104
37008 64104 124067
30313 14225 53029
14225 30313 53029
53029 14225 30313
107370 26928 114131
26928 107370 114131
114131 26928 107370
107384 129281 144847
144847 107384 129281
129281 107384 144847
35669 74775 145011
145011 35669 74775
74775 35669 145011
64823 63789 118081
63789 64823 118081
118081 63789 64823
65728 63469 66273
63469 65728 66273
66273 63469 65728
31612 521 85977
85977 521 31612
521 31612 85977
92443 81224 108345
81224 92443 108345
108345 81224 92443
27016 77678 114357
114357 27016 77678
77678 27016 114357
59944 25152 133890
25152 59944 133890
133890 25152 59944
104796 100617 146835
146835 100617 104796
100617 104796 146835
9965 45421 63297
63297 9965 45421
45421 9965 63297
27944 55409 96367
96367 27944 55409
55409 27944 96367
32235 72063 145298
145298 32235 72063
72063 32235 145298
1405 72624 139303
72624 1405 139303
139303 1405 72624
96498 99507 104458
99507 96498 104458
104458 96498 99507
105499 76489 101293
101293 76489 105499
76489 101293 105499
64015 63638 68787
63638 64015 68787
68787 63638 64015
83923 42708 45017
42708 45017 83923
45017 42708 83923
129988 60614 123994
123994 60614 129988
60614 123994 129988
67429 65967 100712
100712 65967 67429
65967 67429 100712
139254 114791 129149
129149 114791 139254
114791 129149 139254
80737 127318 146353
127318 80737 146353
146353 80737 127318
440 76813 82285
82285 440 76813
76813 440 82285
102813 113548 122045
113548 102813 122045
122045 102813 113548
127410 15102 33316
33316 15102 127410
15102 33316 127410
17938 7704 112212
112212 7704 17938
7704 17938 112212
61268 54406 86052
86052 54406 61268
54406 61268 86052
21058 44111 131270
44111 21058 131270
131270 21058 44111
35727 64805 139166
139166 35727 64805
64805 35727 139166
34335 54020 62379
54020 34335 62379
62379 34335 54020
146382 103228 142262
103228 142262 146382
142262 103228 146382
23030 63525 143325
63525 23030 143325
143325 23030 63525
113004 18389 46446
46446 18389 113004
18389 46446 113004
72101 36488 50019
50019 36488 72101
36488 50019 72101
104166 43828 115675
43828 104166 115675
115675 43828 104166
26995 124548 145517
124548 26995 145517
145517 26995 124548
120974 47269 96597
47269 96597 120974
96597 47269 120974
26759 18896 53836
53836 18896 26759
18896 26759 53836
72600 64926 81523
81523 64926 72600
64926 72600 81523
86394 26101 93488
26101 86394 93488
93488 26101 86394
25173 15917 147050
147050 15917 25173
15917 25173 147050
32327 23137 83254
23137 32327 83254
83254 23137 32327
135843 87664 106612
87664 106612 135843
106612 87664 135843
7312 90488 126480
90488 7312 126480
126480 7312 90488
36140 5910 59671
5910 36140 59671
59671 5910 36140
125898 68481 112736
68481 112736 125898
112736 68481 125898
121907 30658 145524
145524 30658 121907
30658 121907 145524
49533 8787 122264
122264 8787 49533
8787 49533 122264
140168 1681 110138
1681 110138 140168
110138 1681 140168
47161 87246 132792
87246 47161 132792
132792 47161 87246
38438 12864 68052
68052 12864 38438
12864 38438 68052
52991 34154 135588
34154 52991 135588
135588 34154 52991
106867 24880 75235
24880 75235 106867
75235 24880 106867
4542 1884 56487
1884 4542 56487
56487 1884 4542
18582 62040 117490
62040 18582 117490
117490 18582 62040
35724 114605 119112
114605 35724 119112
119112 35724 114605
44751 98312 129099
129099 44751 98312
98312 44751 129099
9572 104413 140144
104413 9572 140144
140144 9572 104413
17459 74668 108593
108593 17459 74668
74668 17459 108593
45946 89851 101804
101804 45946 89851
89851 45946 101804
105405 13982 79112
13982 79112 105405
79112 13982 105405
62831 96383 132742
96383 62831 132742
132742 62831 96383
57001 108408 142883
142883 57001 108408
108408 57001 142883
99674 50810 91136
50810 91136 99674
91136 50810 99674
39212 1401 29985
1401 29985 39212
29985 1401 39212
136207 53605 104899
53605 104899 136207
104899 53605 136207
108962 143361 148652
148652 108962 143361
143361 108962 148652
76796 5104 147192
5104 76796 147192
147192 5104 76796
143901 53669 128493
128493 53669 143901
53669 128493 143901
45525 1833 6117
1833 6117 45525
6117 1833 45525
109819 78836 94532
94532 78836 109819
78836 94532 109819
1718 26905 135683
26905 1718 135683
135683 1718 26905
55290 47978 69560
47978 55290 69560
69560 47978 55290
128494 74732 95605
74732 95605 128494
95605 74732 128494
114115 77330 146847
146847 77330 114115
77330 114115 146847
44401 10192 38805
10192 38805 44401
38805 10192 44401
74163 18217 34063
18217 34063 74163
34063 18217 74163
105 20532 73953
73953 105 20532
20532 105 73953
138395 10710 131462
131462 10710 138395
10710 131462 138395
116735 98532 116388
116388 98532 116735
98532 116388 116735
143360 78931 135570
135570 78931 143360
78931 135570 143360
725 61624 71856
61624 725 71856
71856 725 61624
34651 120269 135560
120269 34651 135560
135560 34651 120269
90728 22635 86898
22635 86898 90728
86898 22635 90728
31591 121645 149691
121645 31591 149691
149691 31591 121645
91733 38697 121259
121259 38697 91733
38697 91733 121259
137025 54374 147227
54374 137025 147227
147227 54374 137025
88960 20727 53151
53151 20727 88960
20727 53151 88960
145367 73281 135823
73281 135823 145367
135823 73281 145367
114118 101599 140341
101599 114118 140341
140341 101599 114118
46093 69032 143931
69032 46093 143931
143931 46093 69032
49421 98821 119789
98821 49421 119789
119789 49421 98821
13296 126906 139639
139639 13296 126906
126906 13296 139639
95089 57004 139924
57004 95089 139924
139924 57004 95089
96364 99841 146909
146909 96364 99841
99841 96364 146909
15097 39693 144364
39693 15097 144364
144364 15097 39693
1453 69034 135235
69034 1453 135235
135235 1453 69034
46699 12978 87435
87435 12978 46699
12978 46699 87435
81296 2403 47173
2403 47173 81296
47173 2403 81296
113853 49103 149601
149601 49103 113853
49103 113853 149601
112617 14916 16518
16518 14916 112617
14916 16518 112617
79283 18013 98326
18013 79283 98326
98326 18013 79283
93247 111271 138402
111271 93247 138402
138402 93247 111271
85105 11729 44277
11729 44277 85105
44277 11729 85105
21691 64919 71076
71076 21691 64919
64919 21691 71076
138983 36538 112018
112018 36538 138983
36538 112018 138983
89370 19366 119612
119612 19366 89370
19366 89370 119612
148604 50780 140548
50780 140548 148604
140548 50780 148604
88307 38756 42329
42329 38756 88307
38756 42329 88307
28356 63577 147544
147544 28356 63577
63577 28356 147544
30824 27494 90251
90251 27494 30824
27494 30824 90251
99868 51904 119069
119069 51904 99868
51904 99868 119069
64678 34108 57215
34108 57215 64678
57215 34108 64678
149022 81262 124503
81262 124503 149022
124503 81262 149022
63518 43616 137764
137764 43616 63518
43616 63518 137764
94824 108292 112618
108292 94824 112618
112618 94824 108292
97663 89731 144867
144867 89731 97663
89731 97663 144867
58032 33983 123266
123266 33983 58032
33983 58032 123266
75065 20146 39794
39794 20146 75065
20146 39794 75065
21896 3122 38284
3122 21896 38284
38284 3122 21896
112733 21864 72224
72224 21864 112733
21864 72224 112733
124745 29439 145410
145410 29439 124745
29439 124745 145410
99897 117984 149669
149669 99897 117984
117984 99897 149669
68816 7051 76261
76261 7051 68816
7051 68816 76261
70316 42125 89072
42125 70316 89072
89072 42125 70316
22198 33509 48587
48587 22198 33509
33509 22198 48587
97613 70640 103520
103520 70640 97613
70640 97613 103520
6548 11067 33261
33261 6548 11067
11067 6548 33261
76034 127585 130128
127585 76034 130128
130128 76034 127585
31979 60454 72179
72179 31979 60454
60454 31979 72179
99600 14341 23644
23644 14341 99600
14341 23644 99600
47675 72331 100412
72331 47675 100412
100412 47675 72331
43890 63431 127126
63431 43890 127126
127126 43890 63431
132849 13712 116219
116219 13712 132849
13712 116219 132849
43954 59009 86002
59009 43954 86002
86002 43954 59009
40973 71620 105548
71620 40973 105548
105548 40973 71620
30710 79628 147318
147318 30710 79628
79628 30710 147318
18733 37162 50076
50076 18733 37162
37162 18733 50076
104700 106253 108415
108415 104700 106253
106253 104700 108415
138787 88664 119537
88664 119537 138787
119537 88664 138787
3381 38750 115432
115432 3381 38750
38750 3381 115432
81258 49436 66685
49436 66685 81258
66685 49436 81258
15940 1065 91943
1065 15940 91943
91943 1065 15940
73325 25605 78749
25605 73325 78749
78749 25605 73325
53894 6059 101842
6059 53894 101842
101842 6059 53894
44532 51751 107253
51751 44532 107253
107253 44532 51751
109057 80546 101708
80546 101708 109057
101708 80546 109057
89118 16403 86441
86441 16403 89118
16403 86441 89118
47559 135908 148795
148795 47559 135908
135908 47559 148795
64276 90853 109147
109147 64276 90853
90853 64276 109147
28475 33641 65371
65371 28475 33641
33641 28475 65371
953 128462 146682
146682 953 128462
128462 953 146682
115031 116977 117196
117196 115031 116977
116977 115031 117196
64492 51525 59109
59109 51525 64492
51525 59109 64492
123440 80794 131399
80794 123440 131399
131399 80794 123440
93947 46648 133895
133895 46648 93947
46648 93947 133895
44356 22231 121224
22231 44356 121224
121224 22231 44356
26527 103722 106614
106614 26527 103722
103722 26527 106614
98981 85595 143858
143858 85595 98981
85595 98981 143858
18542 136183 138653
136183 18542 138653
138653 18542 136183
107902 17758 93905
17758 93905 107902
93905 17758 107902
97964 41143 49814
41143 49814 97964
49814 41143 97964
99485 101278 139275
139275 99485 101278
101278 99485 139275
56883 2110 127438
127438 2110 56883
2110 56883 127438
71371 7893 142489
142489 7893 71371
7893 71371 142489
55384 4687 56912
4687 55384 56912
56912 4687 55384
84848 90286 140108
140108 84848 90286
90286 84848 140108
75946 27785 36915
36915 27785 75946
27785 36915 75946
76792 27982 113406
113406 27982 76792
27982 76792 113406
54002 13696 93656
13696 54002 93656
93656 13696 54002
116304 41766 61090
41766 61090 116304
61090 41766 116304
53683 8953 11205
11205 8953 53683
8953 11205 53683
27508 25390 29451
29451 25390 27508
25390 27508 29451
130792 55744 58680
58680 55744 130792
55744 58680 130792
50654 33335 93342
93342 33335 50654
33335 50654 93342
11253 94620 135457
135457 11253 94620
94620 11253 135457
89721 16646 62547
16646 62547 89721
62547 16646 89721
94300 6346 54714
6346 54714 94300
54714 6346 94300
70625 91243 129692
129692 70625 91243
91243 70625 129692
87862 5547 143595
143595 5547 87862
5547 87862 143595
144200 14742 67667
14742 67667 144200
67667 14742 144200
116804 62357 113138
62357 113138 116804
113138 62357 116804
95512 52886 73048
73048 52886 95512
52886 73048 95512
131125 50351 88628
88628 50351 131125
50351 88628 131125
131141 2087 97510
97510 2087 131141
2087 97510 131141
10451 115449 115841
115841 10451 115449
115449 10451 115841
38131 3221 29188
3221 29188 38131
29188 3221 38131
67130 2963 129650
129650 2963 67130
2963 67130 129650
133745 11777 108879
108879 11777 133745
11777 108879 133745
48182 11133 82507
11133 48182 82507
82507 11133 48182
113165 13198 23752
13198 23752 113165
23752 13198 113165
6963 44544 95951
95951 6963 44544
44544 6963 95951
100298 117680 148549
117680 100298 148549
148549 100298 117680
81926 48754 138454
48754 81926 138454
138454 48754 81926
34450 3038 114760
3038 34450 114760
114760 3038 34450
143042 18560 149187
149187 18560 143042
18560 143042 149187
34635 37332 88091
37332 34635 88091
88091 34635 37332
126017 6671 115712
115712 6671 126017
6671 115712 126017
117313 106603 126218
106603 117313 126218
126218 106603 117313
82493 111310 112968
111310 82493 112968
112968 82493 111310
113436 38873 69610
38873 69610 113436
69610 38873 113436
58156 39054 51543
51543 39054 58156
39054 51543 58156
110948 85287 88777
85287 88777 110948
88777 85287 110948
2258 53966 55194
55194 2258 53966
53966 2258 55194
7824 25582 148908
148908 7824 25582
25582 7824 148908
101581 1469 74806
74806 1469 101581
1469 74806 101581
63014 41699 110156
110156 41699 63014
41699 63014 110156
38507 5170 108477
108477 5170 38507
5170 38507 108477
132533 85984 129745
129745 85984 132533
85984 129745 132533
116326 21672 44521
21672 44521 116326
44521 21672 116326
87174 89559 98631
89559 87174 98631
98631 87174 89559
59553 107163 140871
107163 59553 140871
140871 59553 107163
95267 64922 145663
145663 64922 95267
64922 95267 145663
60781 74056 127887
74056 60781 127887
127887 60781 74056
4673 278 107167
278 4673 107167
107167 278 4673
50452 23472 111393
23472 50452 111393
111393 23472 50452
78055 53618 76244
53618 76244 78055
76244 53618 78055
4198 87149 141142
87149 4198 141142
141142 4198 87149
70952 11331 73700
73700 11331 70952
11331 70952 73700
62050 51247 81415
51247 62050 81415
81415 51247 62050
138743 47610 50246
50246 47610 138743
47610 50246 138743
43650 9643 67281
67281 9643 43650
9643 43650 67281
46533 46109 72141
72141 46109 46533
46109 46533 72141
45545 73577 115315
73577 45545 115315
115315 45545 73577
18107 24482 86474
24482 18107 86474
86474 18107 24482
73118 12912 138724
12912 73118 138724
138724 12912 73118
135137 59697 107500
59697 107500 135137
107500 59697 135137
111430 94471 96568
94471 96568 111430
96568 94471 111430
134883 66189 70479
70479 66189 134883
66189 70479 134883
27978 22700 135687
135687 22700 27978
22700 27978 135687
65384 65487 137512
137512 65384 65487
65487 65384 137512
32503 7474 68041
68041 7474 32503
7474 32503 68041
53169 38677 42537
38677 42537 53169
42537 38677 53169
12450 38112 99481
99481 12450 38112
38112 12450 99481
9792 104843 107498
104843 9792 107498
107498 9792 104843
12559 72254 95678
95678 12559 72254
72254 12559 95678
84567 15665 61424
61424 15665 84567
15665 61424 84567
135883 17783 144961
17783 135883 144961
144961 17783 135883
112743 20755 85183
20755 85183 112743
85183 20755 112743
74969 88212 149574
149574 74969 88212
88212 74969 149574
7244 132432 135413
135413 7244 132432
132432 7244 135413
71298 9508 13302
13302 9508 71298
9508 13302 71298
88793 8820 122920
8820 88793 122920
122920 8820 88793
113168 66314 133695
66314 113168 133695
133695 66314 113168
127957 6497 89026
89026 6497 127957
6497 89026 127957
67609 26855 44788
26855 44788 67609
44788 26855 67609
107665 44602 130068
44602 107665 130068
130068 44602 107665
21764 129983 130800
130800 21764 129983
129983 21764 130800
125116 34851 124451
124451 34851 125116
34851 124451 125116
48983 27849 143359
27849 48983 143359
143359 27849 48983
64545 61024 85910
61024 64545 85910
85910 61024 64545
47655 51348 84891
51348 47655 84891
84891 47655 51348
126794 87121 131536
87121 126794 131536
131536 87121 126794
28137 39532 100896
100896 28137 39532
39532 28137 100896
18948 136001 147294
136001 18948 147294
147294 18948 136001
68804 39895 77748
77748 39895 68804
39895 68804 77748
142435 4620 123068
4620 123068 142435
123068 4620 142435
128232 62093 71982
71982 62093 128232
62093 71982 128232
24143 67450 88264
67450 24143 88264
88264 24143 67450
70943 28148 139884
28148 70943 139884
139884 28148 70943
46867 60984 95679
95679 46867 60984
60984 46867 95679
23774 1731 76304
76304 1731 23774
1731 23774 76304
80508 60568 143028
60568 80508 143028
143028 60568 80508
26050 19656 67142
19656 26050 67142
67142 19656 26050
137960 15169 118491
15169 118491 137960
118491 15169 137960
26117 12319 135192
135192 12319 26117
12319 26117 135192
97667 40362 57995
40362 57995 97667
57995 40362 97667
88061 26545 121767
121767 26545 88061
26545 88061 121767
77351 92995 144117
144117 77351 92995
92995 77351 144117
86135 54750 126004
126004 54750 86135
54750 86135 126004
55040 82 106727
82 55040 106727
106727 82 55040
70461 111486 129403
111486 70461 129403
129403 70461 111486
27845 262 28093
28093 262 27845
262 27845 28093
81711 47803 145694
47803 81711 145694
145694 47803 81711
33675 32590 78462
32590 33675 78462
78462 32590 33675
68046 47292 110947
47292 68046 110947
110947 47292 68046
13920 66091 84143
66091 13920 84143
84143 13920 66091
57115 90644 94266
90644 57115 94266
94266 57115 90644
139892 130821 138109
130821 138109 139892
138109 130821 139892
7569 29735 121959
29735 7569 121959
121959 7569 29735
91725 100422 105541
100422 91725 105541
105541 91725 100422
93877 82284 91941
82284 91941 93877
91941 82284 93877
44143 38433 69060
38433 44143 69060
69060 38433 44143
30245 49682 52530
52530 30245 49682
49682 30245 52530
99834 37445 137882
37445 99834 137882
137882 37445 99834
111899 30504 88450
88450 30504 111899
30504 88450 111899
47866 22795 66075
66075 22795 47866
22795 47866 66075
35522 11615 84827
11615 35522 84827
84827 11615 35522
81844 57212 63242
57212 63242 81844
63242 57212 81844
88000 34502 41107
34502 41107 88000
41107 34502 88000
74442 16837 138501
16837 74442 138501
138501 16837 74442
32366 5782 93405
5782 32366 93405
93405 5782 32366
78526 127551 147064
127551 78526 147064
147064 78526 127551
18499 2102 22278
2102 18499 22278
22278 2102 18499
105726 9028 42604
42604 9028 105726
9028 42604 105726
113499 23994 50079
50079 23994 113499
23994 50079 113499
135068 104401 130160
104401 130160 135068
130160 104401 135068
144536 11806 83388
83388 11806 144536
11806 83388 144536
3524 28394 149966
149966 3524 28394
28394 3524 149966
9566 7829 141348
141348 7829 9566
7829 9566 141348
94175 77600 93526
93526 77600 94175
77600 93526 94175
82160 91405 103484
91405 82160 103484
103484 82160 91405
7211 45426 124279
124279 7211 45426
45426 7211 124279
45176 96647 144105
96647 45176 144105
144105 45176 96647
127719 122198 130638
130638 122198 127719
122198 127719 130638
132770 10346 92785
10346 92785 132770
92785 10346 132770
68734 43784 72115
72115 43784 68734
43784 68734 72115
28273 38755 125846
38755 28273 125846
125846 28273 38755
90797 94219 140572
140572 90797 94219
94219 90797 140572
62732 20405 48203
48203 20405 62732
20405 48203 62732
94929 64961 134058
64961 94929 134058
134058 64961 94929
79109 2552 69278
69278 2552 79109
2552 69278 79109
122346 87250 134055
134055 87250 122346
87250 122346 134055
149048 55833 135662
135662 55833 149048
55833 135662 149048
61433 49049 77996
77996 49049 61433
49049 61433 77996
43671 25795 103353
103353 25795 43671
25795 43671 103353
88084 30868 119352
119352 30868 88084
30868 88084 119352
24542 13850 73673
73673 13850 24542
13850 24542 73673
110354 16094 43713
43713 16094 110354
16094 43713 110354
109316 27066 135186
27066 109316 135186
135186 27066 109316
99479 99541 138992
99541 99479 138992
138992 99479 99541
95543 82406 131899
131899 82406 95543
82406 95543 131899
10408 36094 125707
125707 10408 36094
36094 10408 125707
32761 6170 60122
6170 32761 60122
60122 6170 32761
103159 79703 121794
121794 79703 103159
79703 103159 121794
33809 79041 120385
120385 33809 79041
79041 33809 120385
38221 33911 87754
87754 33911 38221
33911 38221 87754
56503 41963 68294
68294 41963 56503
41963 56503 68294
33887 10801 130226
130226 10801 33887
10801 33887 130226
94410 35554 139407
139407 35554 94410
35554 94410 139407
55832 22248 49398
22248 49398 55832
49398 22248 55832
144846 103979 105937
103979 105937 144846
105937 103979 144846
131078 60837 67567
60837 67567 131078
67567 60837 131078
22038 19262 74638
74638 19262 22038
19262 22038 74638
145297 94214 95616
95616 94214 145297
94214 95616 145297
93598 9210 20957
20957 9210 93598
9210 20957 93598
129626 74002 112167
74002 112167 129626
112167 74002 129626
81115 41889 110311
110311 41889 81115
41889 81115 110311
88891 36529 38778
38778 36529 88891
36529 38778 88891
130660 105019 123888
123888 105019 130660
105019 123888 130660
130650 10232 143105
10232 130650 143105
143105 10232 130650
13244 19446 44085
44085 13244 19446
19446 13244 44085
41978 64187 92996
92996 41978 64187
64187 41978 92996
94922 3836 42321
3836 42321 94922
42321 3836 94922
46083 58775 139576
58775 46083 139576
139576 46083 58775
78180 73185 89078
73185 78180 89078
89078 73185 78180
138189 29257 97846
29257 97846 138189
97846 29257 138189
53678 58083 79175
79175 53678 58083
58083 53678 79175
59104 162 124424
124424 162 59104
162 59104 124424
145515 39585 83224
83224 39585 145515
39585 83224 145515
43681 11679 120139
120139 11679 43681
11679 43681 120139
125673 38580 44790
44790 38580 125673
38580 44790 125673
75641 1243 148075
1243 75641 148075
148075 1243 75641
133352 60358 143920
60358 133352 143920
143920 60358 133352
137318 130344 147737
130344 137318 147737
147737 130344 137318
140402 5270 33966
33966 5270 140402
5270 33966 140402
32475 30704 53064
53064 30704 32475
30704 32475 53064
95215 83885 129260
129260 83885 95215
83885 95215 129260
148082 27362 97919
97919 27362 148082
27362 97919 148082
47555 100493 103514
100493 47555 103514
103514 47555 100493
90738 52464 58970
52464 58970 90738
58970 52464 90738
100790 35092 54542
35092 54542 100790
54542 35092 100790
139070 36639 116060
116060 36639 139070
36639 116060 139070
22819 5395 7809
5395 7809 22819
7809 5395 22819
93438 99030 111521
111521 93438 99030
99030 93438 111521
45434 37148 129406
129406 37148 45434
37148 45434 129406
20049 31920 84297
84297 20049 31920
31920 20049 84297
53544 17268 136063
17268 53544 136063
136063 17268 53544
73061 47425 112122
47425 73061 112122
112122 47425 73061
42370 97040 149687
149687 42370 97040
97040 42370 149687
112333 51814 68598
51814 68598 112333
68598 51814 112333
62354 81089 88099
81089 62354 88099
88099 62354 81089
18604 81195 134911
81195 18604 134911
134911 18604 81195
76764 135750 137699
137699 76764 135750
135750 76764 137699
104829 32052 127515
127515 32052 104829
32052 104829 127515
113170 27083 125026
125026 27083 113170
27083 113170 125026
83373 56480 138193
138193 56480 83373
56480 83373 138193
107223 139442 146463
146463 107223 139442
139442 107223 146463
9323 116261 125774
125774 9323 116261
116261 9323 125774
35373 9843 110960
110960 9843 35373
9843 35373 110960
68419 42524 66502
66502 42524 68419
42524 66502 68419
60676 54088 138283
54088 60676 138283
138283 54088 60676
7575 73223 93954
73223 7575 93954
93954 7575 73223
137115 61383 144188
144188 61383 137115
61383 137115 144188
147660 21019 113857
113857 21019 147660
21019 113857 147660
75877 7510 17906
17906 7510 75877
7510 17906 75877
29388 49494 103114
103114 29388 49494
49494 29388 103114
118554 24844 50792
24844 50792 118554
50792 24844 118554
85073 3015 110925
3015 85073 110925
110925 3015 85073
91836 93907 108785
93907 91836 108785
108785 91836 93907
115880 63452 92950
92950 63452 115880
63452 92950 115880
91988 10111 104921
10111 91988 104921
104921 10111 91988
46279 24783 123894
24783 46279 123894
123894 24783 46279
96534 3527 149820
149820 3527 96534
3527 96534 149820
121978 16098 41853
41853 16098 121978
16098 41853 121978
106100 100982 119494
119494 100982 106100
100982 106100 119494
78770 108826 138471
138471 78770 108826
108826 78770 138471
149423 8141 124818
8141 124818 149423
124818 8141 149423
123566 3272 119599
3272 119599 123566
119599 3272 123566
102115 8171 26689
8171 26689 102115
26689 8171 102115
299 32652 80449
32652 299 80449
80449 299 32652
9157 56409 81602
81602 9157 56409
56409 9157 81602
55065 81083 97092
81083 55065 97092
97092 55065 81083
128571 106631 146620
106631 128571 146620
146620 106631 128571
59318 84649 104767
84649 59318 104767
104767 59318 84649
116690 99271 128136
99271 116690 128136
128136 99271 116690
24261 3554 14363
14363 3554 24261
3554 14363 24261
135089 10551 127366
127366 10551 135089
10551 127366 135089
7511 87091 143438
87091 7511 143438
143438 7511 87091
78277 11246 53939
53939 11246 78277
11246 53939 78277
32087 34260 49411
34260 32087 49411
49411 32087 34260
41262 46316 78472
46316 41262 78472
78472 41262 46316
56892 102133 111984
111984 56892 102133
102133 56892 111984
67774 80406 115167
80406 67774 115167
115167 67774 80406
78382 16130 120939
16130 78382 120939
120939 16130 78382
73922 22386 113333
22386 73922 113333
113333 22386 73922
44394 18748 61222
18748 44394 61222
61222 18748 44394
102009 70432 113944
113944 70432 102009
70432 102009 113944
59664 70840 99503
99503 59664 70840
70840 59664 99503
40963 3066 106247
106247 3066 40963
3066 40963 106247
7601 42891 73492
73492 7601 42891
42891 7601 73492
43938 1906 38119
38119 1906 43938
1906 38119 43938
8360 7021 135358
135358 7021 8360
7021 8360 135358
138973 60691 143396
60691 138973 143396
143396 60691 138973
112845 36572 43633
36572 43633 112845
43633 36572 112845
32091 46934 51520
46934 32091 51520
51520 32091 46934
130003 46197 65131
46197 65131 130003
65131 46197 130003
129909 22229 95004
22229 95004 129909
95004 22229 129909
10592 91564 149672
91564 10592 149672
149672 10592 91564
13735 14638 62712
14638 13735 62712
62712 13735 14638
5766 39764 135806
135806 5766 39764
39764 5766 135806
98269 798 140791
140791 798 98269
798 98269 140791
84321 51918 108139
108139 51918 84321
51918 84321 108139
135785 27447 48573
48573 27447 135785
27447 48573 135785
96332 74361 111082
74361 96332 111082
111082 74361 96332
29073 16111 46092
16111 29073 46092
46092 16111 29073
56062 105076 127047
127047 56062 105076
105076 56062 127047
19582 7587 32937
7587 19582 32937
32937 7587 19582
148760 133132 137697
133132 137697 148760
137697 133132 148760
60723 2716 66885
66885 2716 60723
2716 60723 66885
89675 29663 54039
54039 29663 89675
29663 54039 89675
70937 47344 69922
69922 47344 70937
47344 69922 70937
73265 51130 71647
71647 51130 73265
51130 71647 73265
49094 29467 91724
91724 29467 49094
29467 49094 91724
127282 33635 79391
33635 79391 127282
79391 33635 127282
73195 19451 137452
19451 73195 137452
137452 19451 73195
121261 104066 134777
134777 104066 121261
104066 121261 134777
134021 77379 146010
146010 77379 134021
77379 134021 146010
67907 28839 110120
28839 67907 110120
110120 28839 67907
102865 1105 89786
89786 1105 102865
1105 89786 102865
136528 23939 104653
23939 104653 136528
104653 23939 136528
100513 38874 132523
38874 100513 132523
132523 38874 100513
30162 95576 95684
95684 30162 95576
95576 30162 95684
97065 32225 133273
32225 97065 133273
133273 32225 97065
71057 40887 55502
55502 40887 71057
40887 55502 71057
80734 85374 119890
119890 80734 85374
85374 80734 119890
33831 72154 78851
72154 33831 78851
78851 33831 72154
31763 32798 58099
32798 31763 58099
58099 31763 32798
122477 16079 143383
143383 16079 122477
16079 122477 143383
17664 43501 133549
43501 17664 133549
133549 17664 43501
78644 8193 88367
88367 8193 78644
8193 78644 88367
143230 96179 122555
96179 122555 143230
122555 96179 143230
62975 8176 70245
70245 8176 62975
8176 62975 70245
149150 56478 74322
74322 56478 149150
56478 74322 149150
63258 18957 70177
18957 63258 70177
70177 18957 63258
125620 7473 23767
7473 23767 125620
23767 7473 125620
145832 31 129839
129839 31 145832
31 129839 145832
139445 5237 100815
100815 5237 139445
5237 100815 139445
141156 57840 77782
57840 77782 141156
77782 57840 141156
55724 2114 146830
146830 2114 55724
2114 55724 146830
4849 80305 83242
80305 4849 83242
83242 4849 80305
16392 9904 16555
9904 16392 16555
16555 9904 16392
44784 124386 142847
124386 44784 142847
142847 44784 124386
84788 146131 149470
146131 84788 149470
149470 84788 146131
139394 50553 75118
75118 50553 139394
50553 75118 139394
110647 102697 103120
103120 102697 110647
102697 103120 110647
74918 3532 60359
60359 3532 74918
3532 60359 74918
104534 62398 129379
129379 62398 104534
62398 104534 129379
43132 20069 42159
20069 42159 43132
42159 20069 43132
87982 30375 33476
30375 33476 87982
33476 30375 87982
70205 79899 108590
79899 70205 108590
108590 70205 79899
113807 36512 44010
36512 44010 113807
44010 36512 113807
125352 49231 79408
79408 49231 125352
49231 79408 125352
141492 7578 27044
27044 7578 141492
7578 27044 141492
86757 47208 124004
124004 47208 86757
47208 86757 124004
99585 52326 71788
52326 71788 99585
71788 52326 99585
146667 122340 138221
122340 138221 146667
138221 122340 146667
18853 5929 15667
15667 5929 18853
5929 15667 18853
9684 120911 140258
120911 9684 140258
140258 9684 120911
111137 63850 78054
63850 78054 111137
78054 63850 111137
71823 52295 97299
52295 71823 97299
97299 52295 71823
61937 9489 114173
114173 9489 61937
9489 61937 114173
11558 3209 13092
3209 11558 13092
13092 3209 11558
85875 30004 149019
30004 85875 149019
149019 30004 85875
63355 56612 66262
66262 56612 63355
56612 63355 66262
60945 67246 104129
67246 60945 104129
104129 60945 67246
128854 37649 101473
101473 37649 128854
37649 101473 128854
3418 44530 68288
68288 3418 44530
44530 3418 68288
40724 108577 144555
144555 40724 108577
108577 40724 144555
115419 37200 106805
106805 37200 115419
37200 106805 115419
114426 83657 144274
83657 114426 144274
144274 83657 114426
74420 22076 120452
120452 22076 74420
22076 74420 120452
124452 52680 112688
52680 112688 124452
112688 52680 124452
13139 85954 106259
85954 13139 106259
106259 13139 85954
61567 45632 77619
77619 45632 61567
45632 61567 77619
146083 52854 130718
130718 52854 146083
52854 130718 146083
65652 25941 124137
124137 25941 65652
25941 65652 124137
102185 20821 81465
81465 20821 102185
20821 81465 102185
48685 125171 130117
130117 48685 125171
125171 48685 130117
121860 44845 144471
144471 44845 121860
44845 121860 144471
43454 26262 88753
26262 43454 88753
88753 26262 43454
63061 38892 89754
89754 38892 63061
38892 63061 89754
102330 12801 143719
12801 102330 143719
143719 12801 102330
1936 68447 68924
68924 1936 68447
68447 1936 68924
119446 101680 147052
101680 119446 147052
147052 101680 119446
13784 91855 106818
106818 13784 91855
91855 13784 106818
51426 104239 137335
104239 51426 137335
137335 51426 104239
76727 113924 140344
140344 76727 113924
113924 76727 140344
37899 87921 113556
113556 37899 87921
87921 37899 113556
15605 14725 115838
115838 14725 15605
14725 15605 115838
107048 67917 143345
67917 107048 143345
143345 67917 107048
58865 18715 101819
101819 18715 58865
18715 58865 101819
134863 96158 122596
122596 96158 134863
96158 122596 134863
26002 73248 81099
73248 26002 81099
81099 26002 73248
2174 60210 116727
60210 2174 116727
116727 2174 60210
130583 28774 136403
136403 28774 130583
28774 130583 136403
127591 43552 45658
45658 43552 127591
43552 45658 127591
54645 66438 143341
66438 54645 143341
143341 54645 66438
147135 82194 90645
82194 90645 147135
90645 82194 147135
107273 64068 138509
138509 64068 107273
64068 107273 138509
43643 23255 146004
23255 43643 146004
146004 23255 43643
14474 86621 126160
126160 14474 86621
86621 14474 126160
134927 4502 63826
63826 4502 134927
4502 63826 134927
111598 2118 146289
146289 2118 111598
2118 111598 146289
136862 45963 85876
45963 85876 136862
85876 45963 136862
127636 32624 133684
133684 32624 127636
32624 127636 133684
143676 68840 83040
83040 68840 143676
68840 83040 143676
6674 19044 119197
119197 6674 19044
19044 6674 119197
105435 76597 105246
76597 105246 105435
105246 76597 105435
15064 99521 138394
99521 15064 138394
138394 15064 99521
41088 89024 136512
136512 41088 89024
89024 41088 136512
3576 80792 111969
111969 3576 80792
80792 3576 111969
36149 9565 120031
120031 9565 36149
9565 36149 120031
40591 32423 37605
32423 37605 40591
37605 32423 40591
113664 10584 96926
10584 96926 113664
96926 10584 113664
144168 61356 89841
89841 61356 144168
61356 89841 144168
146800 95255 98273
95255 98273 146800
98273 95255 146800
49272 112330 137805
137805 49272 112330
112330 49272 137805
60914 14084 139780
14084 60914 139780
139780 14084 60914
145102 68724 111616
68724 111616 145102
111616 68724 145102
96378 41436 68937
41436 68937 96378
68937 41436 96378
69109 106046 142231
142231 69109 106046
106046 69109 142231
41836 38922 99538
99538 38922 41836
38922 41836 99538
32581 11728 117426
117426 11728 32581
11728 32581 117426
34708 83732 100693
83732 34708 100693
100693 34708 83732
12363 29145 139347
29145 12363 139347
139347 12363 29145
111690 107585 121713
107585 111690 121713
121713 107585 111690
83073 23297 148813
23297 83073 148813
148813 23297 83073
134310 106161 118878
118878 106161 134310
106161 118878 134310
19358 45869 77858
45869 19358 77858
77858 19358 45869
99444 15650 107459
15650 99444 107459
107459 15650 99444
108567 100701 103884
103884 100701 108567
100701 103884 108567
139067 26319 108863
108863 26319 139067
26319 108863 139067
85236 29525 53848
53848 29525 85236
29525 53848 85236
72273 7340 113081
113081 7340 72273
7340 72273 113081
49014 10694 90730
10694 49014 90730
90730 10694 49014
65368 14843 39033
14843 39033 65368
39033 14843 65368
119402 13317 66833
13317 66833 119402
66833 13317 119402
57890 33470 45893
45893 33470 57890
33470 45893 57890
63691 70509 144183
144183 63691 70509
70509 63691 144183
34026 28882 33766
33766 28882 34026
28882 33766 34026
62322 63924 147600
63924 62322 147600
147600 62322 63924
32523 72108 96923
72108 32523 96923
96923 32523 72108
49417 40453 60592
40453 49417 60592
60592 40453 49417
120767 7889 13249
7889 13249 120767
13249 7889 120767
139203 32030 57937
57937 32030 139203
32030 57937 139203
38980 63648 72859
63648 38980 72859
72859 38980 63648
51434 39442 147242
147242 39442 51434
39442 51434 147242
57879 38292 92243
38292 57879 92243
92243 38292 57879
10457 79717 148909
148909 10457 79717
79717 10457 148909
68741 63766 134140
134140 63766 68741
63766 68741 134140
109095 2969 69184
69184 2969 109095
2969 69184 109095
145765 65902 145065
65902 145065 145765
145065 65902 145765
35538 7580 57399
7580 35538 57399
57399 7580 35538
55451 29418 65799
65799 29418 55451
29418 55451 65799
136565 1615 115021
1615 115021 136565
115021 1615 136565
137875 4333 67946
67946 4333 137875
4333 67946 137875
107807 54600 68438
68438 54600 107807
54600 68438 107807
82886 29322 63901
63901 29322 82886
29322 63901 82886
59501 19063 74232
19063 59501 74232
74232 19063 59501
66042 113164 139016
113164 66042 139016
139016 66042 113164
133264 448 32268
32268 448 133264
448 32268 133264
51697 43941 119622
119622 43941 51697
43941 51697 119622
94265 73465 98370
98370 73465 94265
73465 94265 98370
128902 227 59725
227 59725 128902
59725 227 128902
1973 109216 143125
143125 1973 109216
109216 1973 143125
37489 72713 136852
136852 37489 72713
72713 37489 136852
56 14907 97155
14907 56 97155
97155 56 14907
36754 56517 77541
77541 36754 56517
56517 36754 77541
113448 23905 31120
31120 23905 113448
23905 31120 113448
29250 22020 55691
55691 22020 29250
22020 29250 55691
104761 96197 101168
96197 101168 104761
101168 96197 104761
48139 32984 59155
59155 32984 48139
32984 48139 59155
70369 62478 92797
92797 62478 70369
62478 70369 92797
49360 68928 120805
68928 49360 120805
120805 49360 68928
139089 8075 59174
59174 8075 139089
8075 59174 139089
6206 79085 148117
148117 6206 79085
79085 6206 148117
67936 7799 144630
7799 67936 144630
144630 7799 67936
50315 26671 137756
26671 50315 137756
137756 26671 50315
19781 53995 112709
53995 19781 112709
112709 19781 53995
149186 100706 113028
113028 100706 149186
100706 113028 149186
90421 45570 87584
45570 87584 90421
87584 45570 90421
93524 33946 34618
33946 34618 93524
34618 33946 93524
41400 23967 75379
75379 23967 41400
23967 41400 75379
75863 56615 85867
56615 75863 85867
85867 56615 75863
27100 117538 145445
145445 27100 117538
117538 27100 145445
30832 68981 103492
103492 30832 68981
68981 30832 103492
129201 30522 94241
94241 30522 129201
30522 94241 129201
89435 18517 31095
18517 31095 89435
31095 18517 89435
35825 124231 139398
139398 35825 124231
124231 35825 139398
63333 23033 79116
79116 23033 63333
23033 63333 79116
18738 19811 26417
26417 18738 19811
19811 18738 26417
101642 31415 78689
31415 78689 101642
78689 31415 101642
41654 31966 114165
31966 41654 114165
114165 31966 41654
53850 9640 27771
9640 27771 53850
27771 9640 53850
20924 61806 74071
61806 20924 74071
74071 20924 61806
92535 34033 144341
34033 92535 144341
144341 34033 92535
63874 18327 146400
18327 63874 146400
146400 18327 63874
