14462 4720 7730
7730 4720 14462
4720 7730 14462
3781 4142 14768
14768 3781 4142
4142 3781 14768
9417 4839 8053
4839 8053 9417
8053 4839 9417
3027 1431 11016
11016 1431 3027
1431 3027 11016
6895 2413 6097
2413 6097 6895
6097 2413 6895
488 10683 11759
10683 488 11759
11759 488 10683
11193 4503 14282
4503 11193 14282
14282 4503 11193
7584 6765 10942
10942 6765 7584
6765 7584 10942
14177 7731 11917
7731 11917 14177
11917 7731 14177
4044 1355 9631
1355 4044 9631
9631 1355 4044
1690 3508 10186
10186 1690 3508
3508 1690 10186
1373 11844 14091
14091 1373 11844
11844 1373 14091
3586 201 8133
8133 201 3586
201 3586 8133
2628 2035 12674
2035 2628 12674
12674 2035 2628
92 11137 13091
11137 92 13091
13091 92 11137
6622 2466 3782
2466 3782 6622
3782 2466 6622
2752 8779 12860
12860 2752 8779
8779 2752 12860
7780 8694 11056
11056 7780 8694
8694 7780 11056
14421 1713 12449
1713 12449 14421
12449 1713 14421
10842 9553 13146
9553 10842 13146
13146 9553 10842
13811 7379 11538
7379 11538 13811
11538 7379 13811
467 9768 13379
9768 467 13379
13379 467 9768
13593 7091 10387
10387 7091 13593
7091 10387 13593
11908 3318 4657
4657 3318 11908
3318 4657 11908
6634 2928 10763
10763 2928 6634
2928 6634 10763
13516 2611 13186
13186 2611 13516
2611 13186 13516
13111 7115 11634
11634 7115 13111
7115 11634 13111
7868 2321 14494
14494 2321 7868
2321 7868 14494
8839 10049 14343
14343 8839 10049
10049 8839 14343
11846 2180 10223
10223 2180 11846
2180 10223 11846
8364 1056 5381
1056 5381 8364
5381 1056 8364
10118 3822 5895
5895 3822 10118
3822 5895 10118
771 378 4966
378 771 4966
4966 378 771
861 3698 4200
4200 861 3698
3698 861 4200
6783 9565 11186
9565 6783 11186
11186 6783 9565
11925 4815 11736
11736 4815 11925
4815 11736 11925
3260 360 10939
10939 360 3260
360 3260 10939
5211 7808 14179
7808 5211 14179
14179 5211 7808
11735 6298 14821
14821 6298 11735
6298 11735 14821
2569 449 6841
449 2569 6841
6841 449 2569
5961 3227 12290
3227 5961 12290
12290 3227 5961
6455 9004 12824
12824 6455 9004
9004 6455 12824
12039 11412 14906
14906 11412 12039
11412 12039 14906
2954 12692 14063
12692 2954 14063
14063 2954 12692
10913 13036 14896
13036 10913 14896
14896 10913 13036
222 7798 11882
7798 222 11882
11882 222 7798
3610 6788 11101
11101 3610 6788
6788 3610 11101
6296 13298 14759
14759 6296 13298
13298 6296 14759
6241 3963 12032
3963 6241 12032
12032 3963 6241
12929 4455 7594
7594 4455 12929
4455 7594 12929
2515 5258 12575
12575 2515 5258
5258 2515 12575
324 11047 14640
11047 324 14640
14640 324 11047
14439 3512 6751
6751 3512 14439
3512 6751 14439
10121 10916 12626
12626 10121 10916
10916 10121 12626
13216 9791 11826
9791 11826 13216
11826 9791 13216
8457 1057 9048
1057 8457 9048
9048 1057 8457
14178 2848 7414
7414 2848 14178
2848 7414 14178
13989 6557 9077
6557 9077 13989
9077 6557 13989
3470 2450 10706
2450 3470 10706
10706 2450 3470
8807 6040 14966
6040 8807 14966
14966 6040 8807
9479 2102 5168
5168 2102 9479
2102 5168 9479
10480 7426 10503
7426 10480 10503
10503 7426 10480
6876 3487 12540
12540 3487 6876
3487 6876 12540
5782 1177 4003
4003 1177 5782
1177 4003 5782
1659 3215 9488
3215 1659 9488
9488 1659 3215
271 9916 10417
9916 271 10417
10417 271 9916
14259 1284 10473
1284 10473 14259
10473 1284 14259
2553 1601 1798
1798 1601 2553
1601 1798 2553
13837 12084 13547
12084 13547 13837
13547 12084 13837
1444 3316 11555
11555 1444 3316
3316 1444 11555
4901 7612 11383
7612 4901 11383
11383 4901 7612
4635 8987 14631
8987 4635 14631
14631 4635 8987
14046 4441 8932
4441 8932 14046
8932 4441 14046
10176 3790 14512
3790 10176 14512
14512 3790 10176
13499 3016 13106
3016 13106 13499
13106 3016 13499
14954 10017 14888
14888 10017 14954
10017 14888 14954
5326 7063 10281
10281 5326 7063
7063 5326 10281
10679 7859 12327
12327 7859 10679
7859 10679 12327
9005 6725 13384
6725 9005 13384
13384 6725 9005
7522 10075 13669
10075 7522 13669
13669 7522 10075
11601 313 1507
1507 313 11601
313 1507 11601
6730 966 1970
1970 966 6730
966 1970 6730
3650 6709 12281
12281 3650 6709
6709 3650 12281
4017 3343 12190
3343 4017 12190
12190 3343 4017
9671 7337 8183
7337 8183 9671
8183 7337 9671
4726 6009 14128
14128 4726 6009
6009 4726 14128
8762 8122 9617
9617 8122 8762
8122 8762 9617
13847 8492 10977
8492 10977 13847
10977 8492 13847
6037 3039 8175
8175 3039 6037
3039 6037 8175
4524 5302 11014
11014 4524 5302
5302 4524 11014
7012 1001 8042
1001 7012 8042
8042 1001 7012
11872 9 12507
12507 9 11872
9 11872 12507
7923 7635 10388
7635 7923 10388
10388 7635 7923
11532 507 11626
11626 507 11532
507 11532 11626
3346 4045 10025
4045 3346 10025
10025 3346 4045
5465 8371 8907
8371 5465 8907
8907 5465 8371
10106 978 3270
978 3270 10106
3270 978 10106
11385 1689 11778
1689 11385 11778
11778 1689 11385
2226 4329 14393
4329 2226 14393
14393 2226 4329
11608 2026 3200
3200 2026 11608
2026 3200 11608
1857 4240 6780
6780 1857 4240
4240 1857 6780
2397 2770 8743
2770 2397 8743
8743 2397 2770
10141 4912 6459
6459 4912 10141
4912 6459 10141
9653 11024 12411
11024 9653 12411
12411 9653 11024
2370 104 8877
8877 104 2370
104 2370 8877
7636 4788 10630
10630 4788 7636
4788 7636 10630
7016 6002 9962
9962 6002 7016
6002 7016 9962
9787 8407 10152
10152 8407 9787
8407 9787 10152
4694 1836 4626
1836 4626 4694
4626 1836 4694
11995 5111 7965
5111 7965 11995
7965 5111 11995
11828 9455 13808
13808 9455 11828
9455 11828 13808
13838 5034 14146
5034 13838 14146
14146 5034 13838
10729 9518 13788
13788 9518 10729
9518 10729 13788
5947 12513 14330
14330 5947 12513
12513 5947 14330
1147 11200 14769
14769 1147 11200
11200 1147 14769
11460 6883 9278
9278 6883 11460
6883 9278 11460
4381 3365 8459
8459 3365 4381
3365 4381 8459
12596 4051 7600
7600 4051 12596
4051 7600 12596
9247 6562 10056
10056 6562 9247
6562 9247 10056
5293 3652 8579
8579 3652 5293
3652 5293 8579
182 1318 6970
6970 182 1318
1318 182 6970
13726 3660 3992
3992 3660 13726
3660 3992 13726
14251 7443 10639
7443 10639 14251
10639 7443 14251
9867 5126 13240
5126 9867 13240
13240 5126 9867
532 10296 11206
11206 532 10296
10296 532 11206
10070 7507 9912
7507 9912 10070
9912 7507 10070
12703 3372 5066
3372 5066 12703
5066 3372 12703
2443 4500 5568
5568 2443 4500
4500 2443 5568
14593 11787 12432
12432 11787 14593
11787 12432 14593
5794 4106 8499
4106 5794 8499
8499 4106 5794
3077 5460 9293
5460 3077 9293
9293 3077 5460
1831 7850 11749
11749 1831 7850
7850 1831 11749
11015 971 9338
971 9338 11015
9338 971 11015
883 9785 14123
14123 883 9785
9785 883 14123
14797 1021 11372
11372 1021 14797
1021 11372 14797
7361 11076 13332
13332 7361 11076
11076 7361 13332
10380 7824 12073
12073 7824 10380
7824 10380 12073
7597 3362 8895
3362 7597 8895
8895 3362 7597
3863 3033 11270
11270 3033 3863
3033 3863 11270
1305 2045 3376
3376 1305 2045
2045 1305 3376
7574 1656 3469
3469 1656 7574
1656 3469 7574
11571 7418 13943
13943 7418 11571
7418 11571 13943
9530 5798 10758
5798 9530 10758
10758 5798 9530
13809 82 8497
8497 82 13809
82 8497 13809
3673 1653 5982
1653 3673 5982
5982 1653 3673
6897 11546 11585
11546 6897 11585
11585 6897 11546
9777 1454 5519
5519 1454 9777
1454 5519 9777
5690 1028 6324
1028 5690 6324
6324 1028 5690
3136 10608 11498
10608 3136 11498
11498 3136 10608
770 11933 13295
11933 770 13295
13295 770 11933
233 2044 4396
4396 233 2044
2044 233 4396
12987 660 5308
660 5308 12987
5308 660 12987
14684 1585 4129
4129 1585 14684
1585 4129 14684
11038 2694 5746
2694 5746 11038
5746 2694 11038
6464 1952 12063
1952 6464 12063
12063 1952 6464
8309 5180 10504
10504 5180 8309
5180 8309 10504
6485 5706 14651
5706 6485 14651
14651 5706 6485
1399 3993 8400
3993 1399 8400
8400 1399 3993
12490 2418 10414
2418 10414 12490
10414 2418 12490
4250 2079 9076
9076 2079 4250
2079 4250 9076
5775 2962 3828
2962 3828 5775
3828 2962 5775
10516 2027 12239
2027 10516 12239
12239 2027 10516
9356 5674 7250
7250 5674 9356
5674 7250 9356
5996 7776 8158
7776 5996 8158
8158 5996 7776
14210 728 10413
728 10413 14210
10413 728 14210
11738 2412 13724
13724 2412 11738
2412 11738 13724
2567 5404 13476
5404 2567 13476
13476 2567 5404
14308 9666 11584
11584 9666 14308
9666 11584 14308
2239 12029 13856
12029 2239 13856
13856 2239 12029
7366 7565 14984
7565 7366 14984
14984 7366 7565
6836 11121 12172
12172 6836 11121
11121 6836 12172
12830 3367 6361
3367 6361 12830
6361 3367 12830
14630 1524 4616
1524 4616 14630
4616 1524 14630
12962 5315 10135
5315 10135 12962
10135 5315 12962
4139 8388 14066
8388 4139 14066
14066 4139 8388
9401 9739 12512
12512 9401 9739
9739 9401 12512
3936 1513 3956
1513 3936 3956
3956 1513 3936
8600 10419 10560
10560 8600 10419
10419 8600 10560
4193 304 685
685 304 4193
304 685 4193
14788 5464 13782
13782 5464 14788
5464 13782 14788
7116 11271 14554
14554 7116 11271
11271 7116 14554
14863 4462 12827
4462 12827 14863
12827 4462 14863
10061 1965 2488
2488 1965 10061
1965 2488 10061
12313 9806 11742
9806 11742 12313
11742 9806 12313
4766 514 14944
514 4766 14944
14944 514 4766
11943 7154 11386
11386 7154 11943
7154 11386 11943
6723 3111 5650
3111 5650 6723
5650 3111 6723
3094 7539 11902
11902 3094 7539
7539 3094 11902
13868 8517 14925
14925 8517 13868
8517 13868 14925
7076 2261 7134
7134 2261 7076
2261 7076 7134
3577 5196 14842
14842 3577 5196
5196 3577 14842
5533 5600 11612
5600 5533 11612
11612 5533 5600
12710 4854 9901
9901 4854 12710
4854 9901 12710
3728 2893 6035
2893 3728 6035
6035 2893 3728
4591 7149 11863
11863 4591 7149
7149 4591 11863
8397 4654 5680
5680 4654 8397
4654 5680 8397
1139 3970 12224
12224 1139 3970
3970 1139 12224
6539 4428 7212
7212 4428 6539
4428 6539 7212
4994 9241 12864
9241 4994 12864
12864 4994 9241
8914 4440 8163
4440 8163 8914
8163 4440 8914
4135 12756 13824
12756 4135 13824
13824 4135 12756
6060 502 4502
502 4502 6060
4502 502 6060
3858 9776 12614
12614 3858 9776
9776 3858 12614
805 3433 7971
3433 805 7971
7971 805 3433
13270 10041 14942
10041 13270 14942
14942 10041 13270
11614 476 9647
476 9647 11614
9647 476 11614
11249 13256 14975
14975 11249 13256
13256 11249 14975
5185 1538 10329
1538 5185 10329
10329 1538 5185
5157 1354 5048
5048 1354 5157
1354 5048 5157
11485 3671 12834
3671 11485 12834
12834 3671 11485
7918 3756 6523
6523 3756 7918
3756 6523 7918
2976 3772 6934
6934 2976 3772
3772 2976 6934
9231 1722 13541
13541 1722 9231
1722 9231 13541
13302 1350 5384
1350 5384 13302
5384 1350 13302
1930 2093 7759
2093 1930 7759
7759 1930 2093
7592 647 1565
647 1565 7592
1565 647 7592
14585 10013 13616
13616 10013 14585
10013 13616 14585
8528 10031 13073
13073 8528 10031
10031 8528 13073
4531 4189 5949
4189 4531 5949
5949 4189 4531
14612 2021 6957
6957 2021 14612
2021 6957 14612
5967 26 1739
26 1739 5967
1739 26 5967
1821 4468 10647
4468 1821 10647
10647 1821 4468
10678 1405 1926
1926 1405 10678
1405 1926 10678
5713 4991 14747
14747 4991 5713
4991 5713 14747
12808 11658 14124
14124 11658 12808
11658 12808 14124
2811 5456 8237
8237 2811 5456
5456 2811 8237
5162 6191 11110
11110 5162 6191
6191 5162 11110
4272 3672 6774
3672 4272 6774
6774 3672 4272
14153 4494 13069
4494 13069 14153
13069 4494 14153
5814 8014 14083
8014 5814 14083
14083 5814 8014
3501 5089 14013
14013 3501 5089
5089 3501 14013
3486 663 11839
11839 663 3486
663 3486 11839
13439 5796 12790
5796 12790 13439
12790 5796 13439
14733 8410 9061
9061 8410 14733
8410 9061 14733
3938 11579 14431
11579 3938 14431
14431 3938 11579
10424 9745 9841
9841 9745 10424
9745 9841 10424
5225 6164 6392
6164 5225 6392
6392 5225 6164
9461 1996 7986
7986 1996 9461
1996 7986 9461
3449 5358 6955
5358 3449 6955
6955 3449 5358
906 869 11083
869 906 11083
11083 869 906
7698 698 5149
5149 698 7698
698 5149 7698
55 1156 14513
1156 55 14513
14513 55 1156
14415 6882 11333
11333 6882 14415
6882 11333 14415
4203 1221 12126
12126 1221 4203
1221 4203 12126
14295 2734 10572
10572 2734 14295
2734 10572 14295
3704 6533 14734
14734 3704 6533
6533 3704 14734
9142 3098 13980
3098 9142 13980
13980 3098 9142
6211 8169 13304
8169 6211 13304
13304 6211 8169
9645 11652 13914
13914 9645 11652
11652 9645 13914
8222 8445 11370
8445 8222 11370
11370 8222 8445
1586 5267 10295
10295 1586 5267
5267 1586 10295
3565 8323 9390
8323 3565 9390
9390 3565 8323
14240 1248 2241
2241 1248 14240
1248 2241 14240
13462 6867 14302
6867 13462 14302
14302 6867 13462
13033 6615 11010
6615 11010 13033
11010 6615 13033
2738 2529 12018
12018 2529 2738
2529 2738 12018
4251 7561 13426
7561 4251 13426
13426 4251 7561
4390 1419 2784
1419 2784 4390
2784 1419 4390
1501 2664 5853
2664 1501 5853
5853 1501 2664
9999 11017 13392
11017 9999 13392
13392 9999 11017
4300 1913 7206
1913 4300 7206
7206 1913 4300
4507 2753 5234
5234 2753 4507
2753 4507 5234
9446 6158 9798
6158 9446 9798
9798 6158 9446
10495 12504 13925
13925 10495 12504
12504 10495 13925
9070 8953 11346
8953 9070 11346
11346 8953 9070
2563 3647 5515
3647 2563 5515
5515 2563 3647
3333 9203 11591
11591 3333 9203
9203 3333 11591
9732 2108 9067
9067 2108 9732
2108 9067 9732
3238 7710 11332
11332 3238 7710
7710 3238 11332
12527 2399 10591
10591 2399 12527
2399 10591 12527
9790 4157 4326
4326 4157 9790
4157 4326 9790
5876 9501 12134
9501 5876 12134
12134 5876 9501
7743 5946 7508
5946 7508 7743
7508 5946 7743
10965 4463 8001
4463 8001 10965
8001 4463 10965
10557 2598 4261
2598 4261 10557
4261 2598 10557
4840 7364 13380
13380 4840 7364
7364 4840 13380
10407 7433 10501
10501 7433 10407
7433 10407 10501
7643 5422 6818
5422 6818 7643
6818 5422 7643
7268 4622 13242
13242 4622 7268
4622 7268 13242
593 4411 14050
4411 593 14050
14050 593 4411
10543 3388 7653
3388 7653 10543
7653 3388 10543
12344 368 6472
6472 368 12344
368 6472 12344
7074 8756 11325
8756 7074 11325
11325 7074 8756
4366 3244 5123
5123 3244 4366
3244 4366 5123
11976 5812 12679
12679 5812 11976
5812 11976 12679
9102 8020 13016
8020 9102 13016
13016 8020 9102
3885 11510 13519
13519 3885 11510
11510 3885 13519
1991 6811 8597
6811 1991 8597
8597 1991 6811
7155 9506 12555
9506 7155 12555
12555 7155 9506
1612 1587 6318
6318 1587 1612
1587 1612 6318
11553 1747 10459
10459 1747 11553
1747 10459 11553
7001 7078 12156
12156 7001 7078
7078 7001 12156
1190 10051 14598
10051 1190 14598
14598 1190 10051
988 1307 6412
1307 988 6412
6412 988 1307
9432 139 724
724 139 9432
139 724 9432
148 528 10369
10369 148 528
528 148 10369
597 12006 12766
12766 597 12006
12006 597 12766
7931 5370 13060
13060 5370 7931
5370 7931 13060
2959 5363 14579
5363 2959 14579
14579 2959 5363
10688 8356 12792
8356 10688 12792
12792 8356 10688
10670 6229 14451
14451 6229 10670
6229 10670 14451
3998 6630 8470
8470 3998 6630
6630 3998 8470
13465 3913 9298
9298 3913 13465
3913 9298 13465
2501 5958 13506
5958 2501 13506
13506 2501 5958
9428 2491 12671
2491 9428 12671
12671 2491 9428
7795 9540 10762
9540 7795 10762
10762 7795 9540
3926 722 14835
14835 722 3926
722 3926 14835
4125 2053 5830
5830 2053 4125
2053 4125 5830
14017 13663 13715
13663 13715 14017
13715 13663 14017
9263 7557 12747
12747 7557 9263
7557 9263 12747
5407 13612 14779
14779 5407 13612
13612 5407 14779
9807 2222 8889
2222 8889 9807
8889 2222 9807
14150 3012 8882
8882 3012 14150
3012 8882 14150
5559 2795 7497
7497 2795 5559
2795 5559 7497
2308 9886 11157
11157 2308 9886
9886 2308 11157
3212 10665 12414
12414 3212 10665
10665 3212 12414
3549 2439 10032
10032 2439 3549
2439 3549 10032
7657 1764 9378
9378 1764 7657
1764 7657 9378
4746 5500 11676
5500 4746 11676
11676 4746 5500
4237 5784 12300
12300 4237 5784
5784 4237 12300
7009 1753 9571
1753 7009 9571
9571 1753 7009
1018 8030 12643
12643 1018 8030
8030 1018 12643
14022 6631 11519
6631 11519 14022
11519 6631 14022
11453 1368 7109
7109 1368 11453
1368 7109 11453
3336 5642 10954
5642 3336 10954
10954 3336 5642
7434 2493 4824
4824 2493 7434
2493 4824 7434
2758 2340 3406
2340 2758 3406
3406 2340 2758
13953 1317 9425
1317 9425 13953
9425 1317 13953
8131 5227 9628
9628 5227 8131
5227 8131 9628
9896 512 8937
512 8937 9896
8937 512 9896
8035 1875 11530
1875 8035 11530
11530 1875 8035
6023 1006 10500
1006 6023 10500
10500 1006 6023
9968 3166 4150
3166 4150 9968
4150 3166 9968
11560 6127 13677
13677 6127 11560
6127 11560 13677
3925 8090 8982
8982 3925 8090
8090 3925 8982
10399 2140 9803
9803 2140 10399
2140 9803 10399
12181 3996 8856
8856 3996 12181
3996 8856 12181
12717 804 8490
8490 804 12717
804 8490 12717
14276 1876 10461
10461 1876 14276
1876 10461 14276
2692 2332 13695
13695 2332 2692
2332 2692 13695
2593 3874 12203
12203 2593 3874
3874 2593 12203
949 2638 4587
2638 949 4587
4587 949 2638
827 9235 10420
9235 827 10420
10420 827 9235
12112 8888 9153
9153 8888 12112
8888 9153 12112
12078 1338 14791
14791 1338 12078
1338 12078 14791
13901 934 14270
14270 934 13901
934 13901 14270
1299 1293 7464
7464 1293 1299
1293 1299 7464
10878 3 4235
3 4235 10878
4235 3 10878
11415 7424 11912
7424 11415 11912
11912 7424 11415
943 5604 13322
5604 943 13322
13322 943 5604
12618 2608 9329
9329 2608 12618
2608 9329 12618
8007 1969 4961
1969 4961 8007
4961 1969 8007
14530 1520 10744
10744 1520 14530
1520 10744 14530
5413 11088 13880
13880 5413 11088
11088 5413 13880
12429 508 3268
508 3268 12429
3268 508 12429
13563 5356 10062
10062 5356 13563
5356 10062 13563
7437 5282 6236
5282 6236 7437
6236 5282 7437
12982 11747 12883
12883 11747 12982
11747 12883 12982
2406 9903 13133
13133 2406 9903
9903 2406 13133
14923 815 4165
815 4165 14923
4165 815 14923
6512 3632 14218
14218 3632 6512
3632 6512 14218
8981 4170 7943
7943 4170 8981
4170 7943 8981
3876 9279 14933
9279 3876 14933
14933 3876 9279
6407 12638 14419
12638 6407 14419
14419 6407 12638
4361 4522 11630
11630 4361 4522
4522 4361 11630
13927 3633 6354
3633 6354 13927
6354 3633 13927
6231 5461 6300
6300 5461 6231
5461 6231 6300
10408 6669 7826
6669 7826 10408
7826 6669 10408
6129 689 9849
689 6129 9849
9849 689 6129
699 2218 5539
2218 699 5539
5539 699 2218
435 506 3534
3534 435 506
506 435 3534
2440 3276 3945
3276 2440 3945
3945 2440 3276
13156 1421 8986
1421 8986 13156
8986 1421 13156
3081 1449 9607
1449 3081 9607
9607 1449 3081
79 1885 6933
6933 79 1885
1885 79 6933
1878 1755 6344
6344 1755 1878
1755 1878 6344
5578 2069 2544
2069 2544 5578
2544 2069 5578
9324 2982 10332
2982 9324 10332
10332 2982 9324
4719 154 4576
154 4576 4719
4576 154 4719
6333 11265 14384
11265 6333 14384
14384 6333 11265
10187 2272 9250
9250 2272 10187
2272 9250 10187
2228 5235 13692
5235 2228 13692
13692 2228 5235
2585 2625 8665
8665 2585 2625
2625 2585 8665
11162 12450 14475
14475 11162 12450
12450 11162 14475
1759 3041 3553
3041 1759 3553
3553 1759 3041
10930 6856 14657
14657 6856 10930
6856 10930 14657
14332 1132 14682
1132 14332 14682
14682 1132 14332
3340 2144 6545
2144 3340 6545
6545 2144 3340
9905 8185 14834
14834 8185 9905
8185 9905 14834
3332 7312 8126
8126 3332 7312
7312 3332 8126
5115 3668 14590
3668 5115 14590
14590 3668 5115
692 499 3839
3839 499 692
499 692 3839
1244 2040 6604
6604 1244 2040
2040 1244 6604
3814 3247 9880
9880 3247 3814
3247 3814 9880
9763 5101 13319
5101 9763 13319
13319 5101 9763
14980 2119 14645
14645 2119 14980
2119 14645 14980
7260 2043 4400
4400 2043 7260
2043 4400 7260
9988 736 9265
736 9265 9988
9265 736 9988
655 7863 9181
7863 655 9181
9181 655 7863
1910 7172 7249
7172 1910 7249
7249 1910 7172
1920 4641 5957
5957 1920 4641
4641 1920 5957
7534 5524 11476
5524 7534 11476
11476 5524 7534
8224 4648 11946
4648 8224 11946
11946 4648 8224
10037 1647 6028
1647 6028 10037
6028 1647 10037
1268 5565 13488
13488 1268 5565
5565 1268 13488
4984 7753 13806
7753 4984 13806
13806 4984 7753
14274 2975 14602
14602 2975 14274
2975 14274 14602
9575 7975 12809
12809 7975 9575
7975 9575 12809
7300 8215 11951
11951 7300 8215
8215 7300 11951
2047 107 5763
5763 107 2047
107 2047 5763
3210 4164 4898
4164 3210 4898
4898 3210 4164
1008 833 3575
3575 833 1008
833 1008 3575
14404 3229 12284
12284 3229 14404
3229 12284 14404
12121 11960 14001
11960 12121 14001
14001 11960 12121
10144 3005 7929
7929 3005 10144
3005 7929 10144
4426 9602 11309
9602 4426 11309
11309 4426 9602
12839 1556 12302
1556 12302 12839
12302 1556 12839
1633 12061 12817
12061 1633 12817
12817 1633 12061
12899 71 10941
10941 71 12899
71 10941 12899
12567 7350 13448
13448 7350 12567
7350 12567 13448
14931 5726 14044
5726 14044 14931
14044 5726 14931
5839 13277 14467
14467 5839 13277
13277 5839 14467
13123 8571 13481
8571 13123 13481
13481 8571 13123
7821 1839 11660
11660 1839 7821
1839 7821 11660
8825 5697 11205
5697 8825 11205
11205 5697 8825
1911 87 8553
8553 87 1911
87 1911 8553
6431 9212 13758
13758 6431 9212
9212 6431 13758
1511 2537 8154
8154 1511 2537
2537 1511 8154
6391 13149 14859
13149 6391 14859
14859 6391 13149
14045 1568 12803
1568 12803 14045
12803 1568 14045
886 2100 8896
2100 886 8896
8896 886 2100
5459 4226 12683
12683 4226 5459
4226 5459 12683
14806 7039 14026
14026 7039 14806
7039 14026 14806
14486 328 6207
328 6207 14486
6207 328 14486
2540 3387 13885
3387 2540 13885
13885 2540 3387
7881 5820 13084
5820 7881 13084
13084 5820 7881
8765 6712 14101
6712 8765 14101
14101 6712 8765
9022 3929 6777
6777 3929 9022
3929 6777 9022
7413 10502 10911
10502 7413 10911
10911 7413 10502
11381 9556 11740
9556 11381 11740
11740 9556 11381
8776 1824 10439
10439 1824 8776
1824 8776 10439
2322 3768 14826
14826 2322 3768
3768 2322 14826
4144 11266 12591
12591 4144 11266
11266 4144 12591
7955 11345 13097
11345 7955 13097
13097 7955 11345
3961 6253 7017
6253 3961 7017
7017 3961 6253
5376 589 2032
2032 589 5376
589 2032 5376
10546 3941 11959
3941 10546 11959
11959 3941 10546
8227 6506 8384
8384 6506 8227
6506 8227 8384
4379 10554 13127
13127 4379 10554
10554 4379 13127
2169 607 11788
607 2169 11788
11788 607 2169
12005 382 13878
13878 382 12005
382 12005 13878
13530 6062 8891
6062 8891 13530
8891 6062 13530
10769 4594 10886
4594 10769 10886
10886 4594 10769
3517 2756 4124
4124 2756 3517
2756 3517 4124
13803 7255 9676
9676 7255 13803
7255 9676 13803
12518 3888 13229
3888 12518 13229
13229 3888 12518
5097 272 688
272 688 5097
688 272 5097
3413 8390 10188
10188 3413 8390
8390 3413 10188
208 4010 14284
14284 208 4010
4010 208 14284
6805 649 4967
4967 649 6805
649 4967 6805
8327 11062 13628
11062 8327 13628
13628 8327 11062
9531 8632 11070
8632 9531 11070
11070 8632 9531
4583 11252 13136
13136 4583 11252
11252 4583 13136
7421 982 10340
10340 982 7421
982 7421 10340
4762 5601 11752
5601 4762 11752
11752 4762 5601
14527 5322 8415
5322 8415 14527
8415 5322 14527
8838 8320 12150
12150 8320 8838
8320 8838 12150
13719 150 9447
150 9447 13719
9447 150 13719
1784 187 5396
5396 187 1784
187 1784 5396
10682 1473 7178
7178 1473 10682
1473 7178 10682
7425 319 1618
319 1618 7425
1618 319 7425
11238 887 7789
887 7789 11238
7789 887 11238
4325 7203 14314
14314 4325 7203
7203 4325 14314
13031 5312 10537
10537 5312 13031
5312 10537 13031
11351 3658 12164
3658 11351 12164
12164 3658 11351
5405 1957 4109
1957 4109 5405
4109 1957 5405
12891 8605 9343
9343 8605 12891
8605 9343 12891
3786 1573 5492
1573 3786 5492
5492 1573 3786
14785 840 9236
840 9236 14785
9236 840 14785
12466 4873 9873
4873 9873 12466
9873 4873 12466
13289 1842 7034
1842 7034 13289
7034 1842 13289
3292 3265 10999
10999 3265 3292
3265 3292 10999
8822 2392 6495
6495 2392 8822
2392 6495 8822
14401 12280 14811
14811 12280 14401
12280 14401 14811
7228 3137 11956
11956 3137 7228
3137 7228 11956
3492 8772 12931
12931 3492 8772
8772 3492 12931
12595 864 6904
864 6904 12595
6904 864 12595
11366 854 10770
10770 854 11366
854 10770 11366
7846 1241 10698
1241 7846 10698
10698 1241 7846
557 1283 1715
1283 557 1715
1715 557 1283
9348 262 14521
14521 262 9348
262 9348 14521
9391 5965 12200
5965 9391 12200
12200 5965 9391
7537 12158 12340
12340 7537 12158
12158 7537 12340
7245 2096 10759
10759 2096 7245
2096 7245 10759
175 3556 10422
3556 175 10422
10422 175 3556
5341 264 10022
10022 264 5341
264 5341 10022
8508 9060 14163
14163 8508 9060
9060 8508 14163
2358 920 5074
920 2358 5074
5074 920 2358
4192 2564 11859
11859 2564 4192
2564 4192 11859
1827 3450 6437
6437 1827 3450
3450 1827 6437
2258 3252 4601
4601 2258 3252
3252 2258 4601
10312 2832 12520
12520 2832 10312
2832 10312 12520
6330 9770 12666
12666 6330 9770
9770 6330 12666
7232 7294 11254
11254 7232 7294
7294 7232 11254
13329 6004 14253
14253 6004 13329
6004 13329 14253
5631 5777 14234
5777 5631 14234
14234 5631 5777
11113 8626 11426
8626 11113 11426
11426 8626 11113
2895 1902 11809
11809 1902 2895
1902 2895 11809
6168 13019 13021
13021 6168 13019
13019 6168 13021
8738 1344 8570
8570 1344 8738
1344 8570 8738
10988 3394 8198
8198 3394 10988
3394 8198 10988
11610 11589 12903
11589 11610 12903
12903 11589 11610
8829 4972 14008
14008 4972 8829
4972 8829 14008
11682 2682 12086
12086 2682 11682
2682 11682 12086
12545 273 1905
273 1905 12545
1905 273 12545
11343 2408 10074
10074 2408 11343
2408 10074 11343
13905 6753 13888
13888 6753 13905
6753 13888 13905
11226 344 2918
2918 344 11226
344 2918 11226
12637 1281 8387
1281 8387 12637
8387 1281 12637
2448 8621 10443
10443 2448 8621
8621 2448 10443
8008 3431 11042
3431 8008 11042
11042 3431 8008
6565 1710 8971
1710 6565 8971
8971 1710 6565
5210 3020 4636
3020 4636 5210
4636 3020 5210
7829 631 8265
631 7829 8265
8265 631 7829
10429 8810 11906
11906 8810 10429
8810 10429 11906
14610 11678 11687
11687 11678 14610
11678 11687 14610
12781 6938 12367
12367 6938 12781
6938 12367 12781
2675 6721 11255
11255 2675 6721
6721 2675 11255
11051 4773 14076
14076 4773 11051
4773 11051 14076
3797 5851 14918
14918 3797 5851
5851 3797 14918
14609 3112 4020
4020 3112 14609
3112 4020 14609
4861 2267 3234
2267 3234 4861
3234 2267 4861
12602 8586 9542
9542 8586 12602
8586 9542 12602
10000 3494 4021
3494 4021 10000
4021 3494 10000
581 5230 9352
5230 581 9352
9352 581 5230
3399 7176 9242
9242 3399 7176
7176 3399 9242
7038 3035 13515
13515 3035 7038
3035 7038 13515
10921 5558 10138
5558 10138 10921
10138 5558 10921
620 5265 8021
8021 620 5265
5265 620 8021
6402 7049 12334
7049 6402 12334
12334 6402 7049
248 1802 8349
8349 248 1802
1802 248 8349
1259 11279 14686
11279 1259 14686
14686 1259 11279
12866 6049 7285
6049 7285 12866
7285 6049 12866
13540 2176 4944
2176 4944 13540
4944 2176 13540
2810 2736 11672
2736 2810 11672
11672 2736 2810
2769 14268 14490
14268 2769 14490
14490 2769 14268
13418 8487 10011
10011 8487 13418
8487 10011 13418
6180 311 584
311 584 6180
584 311 6180
4392 2362 11079
2362 4392 11079
11079 2362 4392
6659 2936 13078
13078 2936 6659
2936 6659 13078
14718 7331 12730
7331 12730 14718
12730 7331 14718
13126 166 6749
6749 166 13126
166 6749 13126
11212 1990 5040
1990 5040 11212
5040 1990 11212
9965 2584 7501
2584 7501 9965
7501 2584 9965
7750 7632 12509
7632 7750 12509
12509 7632 7750
2913 5945 9171
5945 2913 9171
9171 2913 5945
809 12484 12733
12484 809 12733
12733 809 12484
34 1382 6958
6958 34 1382
1382 34 6958
4679 6803 9189
6803 4679 9189
9189 4679 6803
6272 5186 5523
5523 5186 6272
5186 5523 6272
12889 5411 9919
5411 9919 12889
9919 5411 12889
13068 9906 12277
12277 9906 13068
9906 12277 13068
855 4710 8456
4710 855 8456
8456 855 4710
758 9755 13292
13292 758 9755
9755 758 13292
3028 6743 10471
10471 3028 6743
6743 3028 10471
1941 657 10844
657 1941 10844
10844 657 1941
10561 2778 9331
9331 2778 10561
2778 9331 10561
3060 3314 5962
5962 3060 3314
3314 3060 5962
6628 1266 10584
10584 1266 6628
1266 6628 10584
7902 5976 9408
5976 7902 9408
9408 5976 7902
4947 4314 14825
4314 4947 14825
14825 4314 4947
7676 3692 5029
5029 3692 7676
3692 5029 7676
6775 12654 14084
12654 6775 14084
14084 6775 12654
1962 9416 9740
9740 1962 9416
9416 1962 9740
6741 4690 8594
8594 4690 6741
4690 6741 8594
13882 9705 13410
13410 9705 13882
9705 13410 13882
11617 979 4684
979 4684 11617
4684 979 11617
11421 10968 14316
14316 10968 11421
10968 11421 14316
14485 5110 14547
14547 5110 14485
5110 14485 14547
12779 2923 3971
2923 3971 12779
3971 2923 12779
6215 7834 14489
14489 6215 7834
7834 6215 14489
11531 4529 6635
6635 4529 11531
4529 6635 11531
7473 5154 8097
5154 7473 8097
8097 5154 7473
824 3009 8757
3009 824 8757
8757 824 3009
11004 2364 5632
2364 5632 11004
5632 2364 11004
7428 2219 3043
2219 3043 7428
3043 2219 7428
640 2836 10675
10675 640 2836
2836 640 10675
13435 10205 13441
10205 13435 13441
13441 10205 13435
12598 6819 11534
11534 6819 12598
6819 11534 12598
9681 8854 10964
8854 9681 10964
10964 8854 9681
9001 6585 10528
6585 9001 10528
10528 6585 9001
11158 8828 14907
8828 11158 14907
14907 8828 11158
5956 2854 13250
2854 5956 13250
13250 2854 5956
2120 1184 8153
8153 1184 2120
1184 2120 8153
1603 7295 12799
7295 1603 12799
12799 1603 7295
1778 3050 6747
6747 1778 3050
3050 1778 6747
10926 2510 11031
2510 10926 11031
11031 2510 10926
14324 4671 5374
5374 4671 14324
4671 5374 14324
7107 14398 14528
14398 7107 14528
14528 7107 14398
14422 2328 11233
11233 2328 14422
2328 11233 14422
2136 6017 11289
6017 2136 11289
11289 2136 6017
10523 980 5503
5503 980 10523
980 5503 10523
4128 4889 8562
4889 4128 8562
8562 4128 4889
7885 10211 12898
10211 7885 12898
12898 7885 10211
5597 2265 10522
10522 2265 5597
2265 5597 10522
13999 9656 10353
10353 9656 13999
9656 10353 13999
3472 5521 8257
8257 3472 5521
5521 3472 8257
12738 3997 8638
3997 8638 12738
8638 3997 12738
1369 7477 14591
7477 1369 14591
14591 1369 7477
8462 3799 7291
7291 3799 8462
3799 7291 8462
13631 8226 10989
8226 10989 13631
10989 8226 13631
1059 1386 12469
12469 1059 1386
1386 1059 12469
9261 5039 6713
5039 6713 9261
6713 5039 9261
11549 766 12743
12743 766 11549
766 11549 12743
7758 3614 5400
3614 5400 7758
5400 3614 7758
4510 5837 10477
10477 4510 5837
5837 4510 10477
13854 9431 11835
11835 9431 13854
9431 11835 13854
1751 5078 6742
6742 1751 5078
5078 1751 6742
13944 5120 7621
5120 7621 13944
7621 5120 13944
1023 9254 13398
9254 1023 13398
13398 1023 9254
9669 2705 5091
2705 5091 9669
5091 2705 9669
4278 956 2514
2514 956 4278
956 2514 4278
10328 12013 12927
12927 10328 12013
12013 10328 12927
12446 2082 6177
6177 2082 12446
2082 6177 12446
10097 4513 8624
4513 8624 10097
8624 4513 10097
13675 9165 13347
9165 13347 13675
13347 9165 13675
4565 1964 7354
7354 1964 4565
1964 4565 7354
6817 231 11236
231 6817 11236
11236 231 6817
4656 8635 9353
8635 4656 9353
9353 4656 8635
731 5802 9519
5802 731 9519
9519 731 5802
6802 3596 4376
4376 3596 6802
3596 4376 6802
10335 437 4765
437 4765 10335
4765 437 10335
12916 289 6093
6093 289 12916
289 6093 12916
13456 1600 11239
11239 1600 13456
1600 11239 13456
2054 7999 9321
9321 2054 7999
7999 2054 9321
13818 242 4224
242 4224 13818
4224 242 13818
14157 6403 10531
10531 6403 14157
6403 10531 14157
10755 5963 7392
7392 5963 10755
5963 7392 10755
11543 1968 7085
7085 1968 11543
1968 7085 11543
10019 9615 11262
9615 10019 11262
11262 9615 10019
1210 6086 8786
6086 1210 8786
8786 1210 6086
13629 1288 6239
6239 1288 13629
1288 6239 13629
11177 8062 10065
8062 10065 11177
10065 8062 11177
4179 81 2135
81 2135 4179
2135 81 4179
13693 6564 7335
7335 6564 13693
6564 7335 13693
14560 4903 5379
4903 5379 14560
5379 4903 14560
1490 545 842
842 545 1490
545 842 1490
719 8137 13202
13202 719 8137
8137 719 13202
14876 8808 12329
12329 8808 14876
8808 12329 14876
11871 1640 1767
1767 1640 11871
1640 1767 11871
7336 5599 7108
5599 7108 7336
7108 5599 7336
4195 4526 6456
6456 4195 4526
4526 4195 6456
12453 299 13288
299 12453 13288
13288 299 12453
1133 3623 6161
3623 1133 6161
6161 1133 3623
9149 9059 14624
14624 9059 9149
9059 9149 14624
6711 3438 13647
13647 3438 6711
3438 6711 13647
290 8171 12276
8171 290 12276
12276 290 8171
6986 5380 14005
5380 6986 14005
14005 5380 6986
14658 974 11298
11298 974 14658
974 11298 14658
8084 3284 13598
13598 3284 8084
3284 8084 13598
11876 2944 9225
9225 2944 11876
2944 9225 11876
1531 7779 12685
12685 1531 7779
7779 1531 12685
539 504 6489
6489 504 539
504 539 6489
1694 554 9584
9584 554 1694
554 1694 9584
13233 7187 12793
7187 12793 13233
12793 7187 13233
7453 1909 12166
1909 7453 12166
12166 1909 7453
14897 12708 14435
14435 12708 14897
12708 14435 14897
4454 5585 7257
5585 4454 7257
7257 4454 5585
14473 4205 13107
4205 13107 14473
13107 4205 14473
3147 4832 11806
4832 3147 11806
11806 3147 4832
3657 977 13013
13013 977 3657
977 3657 13013
5058 4377 14361
4377 5058 14361
14361 4377 5058
10845 2369 8441
2369 8441 10845
8441 2369 10845
2580 5189 13026
13026 2580 5189
5189 2580 13026
2072 10018 12879
12879 2072 10018
10018 2072 12879
1591 2037 4082
4082 1591 2037
2037 1591 4082
890 2193 5499
5499 890 2193
2193 890 5499
1070 1883 12750
12750 1070 1883
1883 1070 12750
12740 6541 14695
14695 6541 12740
6541 12740 14695
13681 1224 12709
12709 1224 13681
1224 12709 13681
10086 6654 10165
10165 6654 10086
6654 10086 10165
5849 9409 12699
12699 5849 9409
9409 5849 12699
14557 622 7573
622 7573 14557
7573 622 14557
9104 8091 13047
13047 8091 9104
8091 9104 13047
11405 5799 10774
10774 5799 11405
5799 10774 11405
3418 1595 1868
1868 1595 3418
1595 1868 3418
1477 28 13973
28 1477 13973
13973 28 1477
12291 6247 6732
6732 6247 12291
6247 6732 12291
11973 6515 11993
11993 6515 11973
6515 11973 11993
7186 7903 8369
7903 7186 8369
8369 7186 7903
10893 5148 9438
5148 9438 10893
9438 5148 10893
7838 7774 14774
14774 7774 7838
7774 7838 14774
7555 4768 7722
4768 7555 7722
7722 4768 7555
1469 12 2785
2785 12 1469
12 1469 2785
10271 3820 6859
6859 3820 10271
3820 6859 10271
1485 5541 9698
5541 1485 9698
9698 1485 5541
3613 1685 8434
8434 1685 3613
1685 3613 8434
8241 5128 8275
5128 8241 8275
8275 5128 8241
12421 6400 13490
6400 12421 13490
13490 6400 12421
5445 10632 10792
10792 5445 10632
10632 5445 10792
11831 2388 9522
9522 2388 11831
2388 9522 11831
416 1320 6694
6694 416 1320
1320 416 6694
4307 735 4801
735 4307 4801
4801 735 4307
13826 2532 4415
4415 2532 13826
2532 4415 13826
6664 3339 10239
10239 3339 6664
3339 6664 10239
4046 3022 5393
3022 4046 5393
5393 3022 4046
3674 5528 10906
10906 3674 5528
5528 3674 10906
4471 3932 11307
11307 3932 4471
3932 4471 11307
2864 5175 9008
5175 2864 9008
9008 2864 5175
2663 4293 12570
12570 2663 4293
4293 2663 12570
6561 1436 5156
1436 5156 6561
5156 1436 6561
9753 9924 10598
10598 9753 9924
9924 9753 10598
3526 191 8858
8858 191 3526
191 3526 8858
8709 741 11838
741 8709 11838
11838 741 8709
6194 13144 13997
13144 6194 13997
13997 6194 13144
1794 929 5272
929 1794 5272
5272 929 1794
10217 2394 8234
2394 8234 10217
8234 2394 10217
5271 5840 8623
5840 5271 8623
8623 5271 5840
5901 3958 7122
3958 5901 7122
7122 3958 5901
6665 2953 9928
9928 2953 6665
2953 6665 9928
9809 4838 5681
4838 5681 9809
5681 4838 9809
8992 5038 14320
5038 8992 14320
14320 5038 8992
11781 12132 13057
12132 11781 13057
13057 11781 12132
2094 10254 10810
10254 2094 10810
10810 2094 10254
13859 3220 6331
3220 6331 13859
6331 3220 13859
7244 9548 10820
10820 7244 9548
9548 7244 10820
9920 3235 3809
3235 3809 9920
3809 3235 9920
5741 808 13393
13393 808 5741
808 5741 13393
13508 3953 11780
3953 11780 13508
11780 3953 13508
590 5059 14145
5059 590 14145
14145 590 5059
13753 609 14127
14127 609 13753
609 13753 14127
11030 8878 12924
12924 8878 11030
8878 11030 12924
548 7025 14299
7025 548 14299
14299 548 7025
11442 3637 4755
4755 3637 11442
3637 4755 11442
13718 4158 6368
4158 6368 13718
6368 4158 13718
1071 5172 8189
5172 1071 8189
8189 1071 5172
7720 2325 8728
8728 2325 7720
2325 7720 8728
8141 3243 13381
3243 8141 13381
13381 3243 8141
13503 5259 14782
5259 13503 14782
14782 5259 13503
2965 1835 5999
1835 2965 5999
5999 1835 2965
12108 2721 11478
2721 11478 12108
11478 2721 12108
5410 2547 9495
9495 2547 5410
2547 5410 9495
13394 6689 8194
8194 6689 13394
6689 8194 13394
351 7669 8105
7669 351 8105
8105 351 7669
7840 3164 9811
3164 7840 9811
9811 3164 7840
12055 2186 10900
2186 10900 12055
10900 2186 12055
13361 1984 4918
1984 4918 13361
4918 1984 13361
513 12209 12651
12209 513 12651
12651 513 12209
11297 10035 11808
11808 10035 11297
10035 11297 11808
12079 5923 14356
14356 5923 12079
5923 12079 14356
3955 1077 8983
8983 1077 3955
1077 3955 8983
14688 8230 10404
8230 10404 14688
10404 8230 14688
2594 5493 6186
5493 2594 6186
6186 2594 5493
14014 872 14722
14722 872 14014
872 14014 14722
10406 1397 3402
3402 1397 10406
1397 3402 10406
7319 5247 14077
14077 5247 7319
5247 7319 14077
7183 2309 2978
2978 2309 7183
2309 2978 7183
1348 5092 8584
5092 1348 8584
8584 1348 5092
7238 1042 1536
1536 1042 7238
1042 1536 7238
11303 8118 8536
8536 8118 11303
8118 8536 11303
3769 454 5455
5455 454 3769
454 3769 5455
13070 2251 12502
2251 12502 13070
12502 2251 13070
6069 8038 12286
12286 6069 8038
8038 6069 12286
4782 40 3546
40 3546 4782
3546 40 4782
418 9336 10691
9336 418 10691
10691 418 9336
13701 4630 7563
4630 7563 13701
7563 4630 13701
11466 4133 7797
7797 4133 11466
4133 7797 11466
13143 3145 11039
11039 3145 13143
3145 11039 13143
7378 2381 5167
2381 5167 7378
5167 2381 7378
1250 7419 9313
7419 1250 9313
9313 1250 7419
7950 2200 2728
2200 2728 7950
2728 2200 7950
54 2249 12081
12081 54 2249
2249 54 12081
6465 3592 12074
3592 6465 12074
12074 3592 6465
2304 8147 9344
9344 2304 8147
8147 2304 9344
13884 544 11081
544 11081 13884
11081 544 13884
12130 2562 14990
2562 12130 14990
14990 2562 12130
12724 4915 6113
4915 6113 12724
6113 4915 12724
13071 8507 13253
13253 8507 13071
8507 13071 13253
6125 2704 2876
2876 2704 6125
2704 2876 6125
1676 5454 9826
9826 1676 5454
5454 1676 9826
6869 1921 5712
1921 5712 6869
5712 1921 6869
4573 9527 11520
11520 4573 9527
9527 4573 11520
7664 6947 12167
6947 7664 12167
12167 6947 7664
393 9494 12972
12972 393 9494
9494 393 12972
10998 5668 12980
5668 10998 12980
12980 5668 10998
2841 2717 7869
7869 2717 2841
2717 2841 7869
9814 5603 11490
11490 5603 9814
5603 9814 11490
11314 1239 8595
8595 1239 11314
1239 8595 11314
7371 5067 11187
11187 5067 7371
5067 7371 11187
2606 1862 7318
7318 1862 2606
1862 2606 7318
10483 8559 10772
10772 8559 10483
8559 10483 10772
13413 10 8075
10 8075 13413
8075 10 13413
995 5433 12707
5433 995 12707
12707 995 5433
8483 8066 9759
9759 8066 8483
8066 8483 9759
7679 1843 12269
12269 1843 7679
1843 7679 12269
6510 3278 11869
11869 3278 6510
3278 6510 11869
7878 4713 12368
4713 7878 12368
12368 4713 7878
11841 3104 5809
3104 5809 11841
5809 3104 11841
13432 356 8991
356 8991 13432
8991 356 13432
12558 424 8448
8448 424 12558
424 8448 12558
11518 5395 6566
5395 6566 11518
6566 5395 11518
13246 6618 9524
6618 9524 13246
9524 6618 13246
4844 404 11698
11698 404 4844
404 4844 11698
7784 4419 5231
4419 5231 7784
5231 4419 7784
2212 8855 13949
8855 2212 13949
13949 2212 8855
9318 12470 13785
12470 9318 13785
13785 9318 12470
10455 1788 11932
1788 10455 11932
11932 1788 10455
7117 5889 6719
5889 6719 7117
6719 5889 7117
11263 7690 10819
7690 10819 11263
10819 7690 11263
350 3419 10242
3419 350 10242
10242 350 3419
4995 482 4362
482 4362 4995
4362 482 4995
5233 2336 10486
2336 5233 10486
10486 2336 5233
6549 1213 2248
2248 1213 6549
1213 2248 6549
12487 8358 13018
8358 12487 13018
13018 8358 12487
8903 10983 13483
10983 8903 13483
13483 8903 10983
12818 2561 12695
2561 12695 12818
12695 2561 12818
7810 5135 11377
11377 5135 7810
5135 7810 11377
13431 7764 9533
9533 7764 13431
7764 9533 13431
5648 6603 8443
8443 5648 6603
6603 5648 8443
8177 11104 14144
14144 8177 11104
11104 8177 14144
10764 2122 14874
14874 2122 10764
2122 10764 14874
7661 10562 14175
10562 7661 14175
14175 7661 10562
2066 4711 9454
4711 2066 9454
9454 2066 4711
12082 6142 7297
6142 7297 12082
7297 6142 12082
6827 10181 14230
14230 6827 10181
10181 6827 14230
7062 1026 13324
13324 1026 7062
1026 7062 13324
10003 10903 12723
12723 10003 10903
10903 10003 12723
7 4050 4982
4050 7 4982
4982 7 4050
8647 3407 3881
3407 3881 8647
3881 3407 8647
2722 10060 14183
10060 2722 14183
14183 2722 10060
12728 3184 12372
12372 3184 12728
3184 12372 12728
10889 8308 13572
8308 10889 13572
13572 8308 10889
8589 1074 11762
1074 8589 11762
11762 1074 8589
12135 6066 12551
12551 6066 12135
6066 12135 12551
11556 4115 6218
4115 6218 11556
6218 4115 11556
1312 4416 11662
11662 1312 4416
4416 1312 11662
3467 66 7692
66 3467 7692
7692 66 3467
2566 12990 14154
12990 2566 14154
14154 2566 12990
14960 5756 8396
8396 5756 14960
5756 8396 14960
1956 9424 13473
13473 1956 9424
9424 1956 13473
4483 6681 10034
6681 4483 10034
10034 4483 6681
11760 438 8324
8324 438 11760
438 8324 11760
8346 1900 6038
1900 6038 8346
6038 1900 8346
13846 13138 13171
13138 13171 13846
13171 13138 13846
