1103 138 195
195 138 1103
138 195 1103
535 125 806
125 535 806
806 125 535
1194 764 1222
764 1194 1222
1222 764 1194
1113 1193 1388
1388 1113 1193
1193 1113 1388
752 14 1253
1253 14 752
14 752 1253
1211 416 658
658 416 1211
416 658 1211
1015 587 1476
587 1015 1476
1476 587 1015
1154 522 924
522 924 1154
924 522 1154
1323 503 619
619 503 1323
503 619 1323
119 744 1006
744 119 1006
1006 119 744
798 939 1037
939 798 1037
1037 798 939
303 533 1339
533 303 1339
1339 303 533
547 539 1480
539 547 1480
1480 539 547
856 899 1351
1351 856 899
899 856 1351
691 198 875
875 198 691
198 691 875
555 700 705
700 555 705
705 555 700
960 368 465
465 368 960
368 465 960
1490 836 1407
836 1407 1490
1407 836 1490
983 110 824
824 110 983
110 824 983
1122 860 912
912 860 1122
860 912 1122
881 238 1151
1151 238 881
238 881 1151
1 36 325
36 1 325
325 1 36
1269 527 670
670 527 1269
527 670 1269
481 1084 1273
1084 481 1273
1273 481 1084
66 520 1220
1220 66 520
520 66 1220
459 1031 1478
1478 459 1031
1031 459 1478
1259 1094 1387
1094 1259 1387
1387 1094 1259
64 660 723
660 64 723
723 64 660
1021 156 1317
156 1021 1317
1317 156 1021
10 584 1166
584 10 1166
1166 10 584
33 439 1358
439 33 1358
1358 33 439
84 1260 1393
1260 84 1393
1393 84 1260
1156 265 1461
265 1156 1461
1461 265 1156
140 279 684
684 140 279
279 140 684
1311 21 741
741 21 1311
21 741 1311
1456 631 1483
1483 631 1456
631 1456 1483
1408 802 972
972 802 1408
802 972 1408
728 917 1231
1231 728 917
917 728 1231
224 415 830
830 224 415
415 224 830
615 239 491
239 491 615
491 239 615
5 1368 1494
1368 5 1494
1494 5 1368
1344 517 774
517 774 1344
774 517 1344
928 182 1362
1362 182 928
182 928 1362
697 348 746
746 348 697
348 697 746
712 427 982
982 427 712
427 712 982
690 174 1134
174 690 1134
1134 174 690
1319 177 853
177 853 1319
853 177 1319
467 379 1324
379 467 1324
1324 379 467
1402 162 986
986 162 1402
162 986 1402
1354 382 592
382 592 1354
592 382 1354
284 87 137
137 87 284
87 137 284
980 863 1263
1263 863 980
863 980 1263
363 55 616
616 55 363
55 363 616
994 751 1412
751 994 1412
1412 751 994
1458 433 832
433 832 1458
832 433 1458
250 24 431
24 250 431
431 24 250
612 240 556
556 240 612
240 556 612
463 910 950
950 463 910
910 463 950
129 1054 1497
1497 129 1054
1054 129 1497
1280 888 1440
888 1280 1440
1440 888 1280
470 229 236
236 229 470
229 236 470
1147 206 1419
206 1147 1419
1419 206 1147
1304 941 1165
1165 941 1304
941 1165 1304
304 28 344
28 304 344
344 28 304
506 268 1255
1255 268 506
268 506 1255
805 294 889
294 805 889
889 294 805
478 1173 1320
1320 478 1173
1173 478 1320
361 1359 1496
1496 361 1359
1359 361 1496
291 596 738
738 291 596
596 291 738
1382 1059 1498
1059 1382 1498
1498 1059 1382
1381 320 821
821 320 1381
320 821 1381
649 468 655
468 649 655
655 468 649
1005 347 1232
347 1005 1232
1232 347 1005
854 825 1489
825 854 1489
1489 825 854
1374 919 1325
919 1325 1374
1325 919 1374
952 492 515
492 515 952
515 492 952
1110 1326 1438
1326 1110 1438
1438 1110 1326
1413 199 643
643 199 1413
199 643 1413
1108 67 519
519 67 1108
67 519 1108
1459 1289 1300
1300 1289 1459
1289 1300 1459
1003 364 1279
1279 364 1003
364 1003 1279
252 398 981
981 252 398
398 252 981
886 661 1190
661 886 1190
1190 661 886
790 246 1137
1137 246 790
246 790 1137
1308 315 442
442 315 1308
315 442 1308
1436 6 358
6 358 1436
358 6 1436
1072 43 1486
1486 43 1072
43 1072 1486
1117 328 1169
1169 328 1117
328 1117 1169
311 781 1417
781 311 1417
1417 311 781
882 687 1404
687 882 1404
1404 687 882
1265 349 729
349 729 1265
729 349 1265
1500 988 1463
1463 988 1500
988 1463 1500
395 307 865
865 307 395
307 395 865
482 216 228
228 216 482
216 228 482
992 71 1004
71 992 1004
1004 71 992
143 94 1011
94 143 1011
1011 94 143
756 371 1252
1252 371 756
371 756 1252
772 446 1048
446 772 1048
1048 446 772
1143 933 1106
1106 933 1143
933 1106 1143
725 710 755
755 710 725
710 725 755
1397 791 1360
791 1360 1397
1360 791 1397
209 124 742
742 124 209
124 209 742
611 233 1244
1244 233 611
233 611 1244
1105 287 896
287 896 1105
896 287 1105
545 569 884
884 545 569
569 545 884
895 193 1474
193 895 1474
1474 193 895
357 903 1423
1423 357 903
903 357 1423
1466 200 345
200 345 1466
345 200 1466
319 27 41
27 41 319
41 27 319
1144 332 911
911 332 1144
332 911 1144
1055 92 721
92 721 1055
721 92 1055
189 247 783
783 189 247
247 189 783
873 20 1318
1318 20 873
20 873 1318
990 868 1357
1357 868 990
868 990 1357
3 720 1052
1052 3 720
720 3 1052
1491 444 1332
1332 444 1491
444 1332 1491
1348 1355 1410
1355 1348 1410
1410 1348 1355
845 647 1095
1095 647 845
647 845 1095
58 306 1430
306 58 1430
1430 58 306
1157 469 1342
469 1157 1342
1342 469 1157
253 351 636
351 253 636
636 253 351
938 88 455
455 88 938
88 455 938
857 818 1403
1403 818 857
818 857 1403
1158 281 1142
1142 281 1158
281 1142 1158
1331 164 1079
1079 164 1331
164 1079 1331
290 62 1492
1492 62 290
62 290 1492
1182 336 958
958 336 1182
336 958 1182
908 989 1444
989 908 1444
1444 908 989
227 479 483
483 227 479
479 227 483
34 386 702
386 34 702
702 34 386
1130 73 494
73 494 1130
494 73 1130
809 289 509
509 289 809
289 509 809
169 122 1225
1225 122 169
122 169 1225
1257 417 1062
1062 417 1257
417 1062 1257
1109 221 976
221 976 1109
976 221 1109
163 150 703
150 163 703
703 150 163
312 680 719
719 312 680
680 312 719
777 381 1343
381 777 1343
1343 381 777
136 1212 1334
1212 136 1334
1334 136 1212
918 96 256
96 256 918
256 96 918
1235 1101 1164
1164 1101 1235
1101 1164 1235
916 1065 1152
1065 916 1152
1152 916 1065
387 418 999
418 387 999
999 387 418
1264 507 1183
507 1183 1264
1183 507 1264
1030 205 1195
205 1030 1195
1195 205 1030
668 623 925
623 668 925
925 623 668
682 453 973
453 682 973
973 453 682
590 171 248
248 171 590
171 248 590
274 68 1488
1488 68 274
68 274 1488
126 861 914
914 126 861
861 126 914
1254 145 1028
1028 145 1254
145 1028 1254
1213 963 1163
963 1163 1213
1163 963 1213
323 297 737
297 323 737
737 297 323
1443 86 1233
1233 86 1443
86 1233 1443
1293 936 1070
936 1070 1293
1070 936 1293
44 341 934
934 44 341
341 44 934
847 902 1141
902 847 1141
1141 847 902
968 538 583
583 538 968
538 583 968
1377 257 894
894 257 1377
257 894 1377
513 1268 1370
1268 513 1370
1370 513 1268
222 337 454
454 222 337
337 222 454
497 196 1296
1296 196 497
196 497 1296
788 132 998
998 132 788
132 788 998
397 179 1437
179 397 1437
1437 179 397
65 541 603
541 65 603
603 65 541
152 160 411
411 152 160
160 152 411
89 211 859
211 89 859
859 89 211
1313 98 793
98 793 1313
793 98 1313
1411 296 437
296 437 1411
437 296 1411
641 131 560
131 560 641
560 131 641
1088 866 940
866 940 1088
940 866 1088
60 133 626
626 60 133
133 60 626
789 775 1187
775 789 1187
1187 775 789
1215 1186 1201
1186 1201 1215
1201 1186 1215
157 393 758
393 157 758
758 157 393
679 49 495
495 49 679
49 495 679
666 254 1115
1115 254 666
254 666 1115
1167 149 1013
149 1013 1167
1013 149 1167
301 1041 1181
1181 301 1041
1041 301 1181
458 360 551
551 360 458
360 458 551
1285 272 1050
272 1050 1285
1050 272 1285
675 352 1172
352 675 1172
1172 352 675
207 385 1275
385 207 1275
1275 207 385
313 78 1475
1475 78 313
78 313 1475
567 32 1345
32 567 1345
1345 32 567
452 922 1202
922 452 1202
1202 452 922
540 365 1433
365 540 1433
1433 365 540
1073 277 576
277 576 1073
576 277 1073
273 266 663
663 266 273
266 273 663
877 135 645
135 645 877
645 135 877
1170 16 1089
1089 16 1170
16 1089 1170
557 370 566
566 370 557
370 557 566
815 943 1008
943 815 1008
1008 815 943
949 743 759
759 743 949
743 759 949
838 787 971
787 838 971
971 787 838
245 696 757
696 245 757
757 245 696
283 747 1447
747 283 1447
1447 283 747
1124 219 1051
1051 219 1124
219 1051 1124
1376 378 795
795 378 1376
378 795 1376
534 321 901
321 534 901
901 321 534
1301 727 819
727 819 1301
819 727 1301
293 317 1197
317 293 1197
1197 293 317
674 449 1219
449 674 1219
1219 449 674
464 52 471
471 52 464
52 464 471
782 63 1087
63 782 1087
1087 63 782
621 579 622
622 579 621
579 621 622
486 298 505
505 298 486
298 486 505
686 1001 1442
1442 686 1001
1001 686 1442
762 862 1306
1306 762 862
862 762 1306
921 1171 1473
1473 921 1171
1171 921 1473
1206 128 1177
128 1177 1206
1177 128 1206
577 369 1315
369 577 1315
1315 369 577
432 654 1161
1161 432 654
654 432 1161
1146 59 1424
1424 59 1146
59 1146 1424
404 776 803
803 404 776
776 404 803
1234 905 1140
905 1140 1234
1140 905 1234
1226 1064 1100
1064 1100 1226
1100 1064 1226
926 501 974
501 926 974
974 501 926
158 528 659
659 158 528
528 158 659
1205 807 1131
807 1131 1205
1131 807 1205
1076 617 1321
617 1076 1321
1321 617 1076
1241 542 544
542 544 1241
544 542 1241
1102 944 1039
1039 944 1102
944 1039 1102
373 188 390
188 373 390
390 188 373
526 91 770
91 526 770
770 91 526
1295 394 1392
1392 394 1295
394 1295 1392
31 185 765
765 31 185
185 31 765
962 259 1432
1432 259 962
259 962 1432
1067 602 748
602 748 1067
748 602 1067
220 232 502
232 220 502
502 220 232
1353 203 610
203 610 1353
610 203 1353
869 396 946
946 396 869
396 869 946
1247 339 1256
1256 339 1247
339 1247 1256
724 190 460
190 460 724
460 190 724
1298 714 891
891 714 1298
714 891 1298
589 57 194
57 194 589
194 57 589
1024 676 1125
1125 676 1024
676 1024 1125
942 172 929
172 929 942
929 172 942
93 496 1385
496 93 1385
1385 93 496
1104 635 1129
635 1104 1129
1129 635 1104
1460 708 1378
1378 708 1460
708 1378 1460
1470 107 1168
1168 107 1470
107 1168 1470
115 22 613
22 115 613
613 22 115
359 778 880
778 359 880
880 359 778
61 445 514
514 61 445
445 61 514
768 116 1135
116 768 1135
1135 116 768
955 462 995
995 462 955
462 955 995
426 134 799
799 134 426
134 426 799
112 1036 1468
1468 112 1036
1036 112 1468
713 826 1178
1178 713 826
826 713 1178
1086 473 1123
1123 473 1086
473 1086 1123
1081 851 1025
1025 851 1081
851 1025 1081
225 327 1399
327 225 1399
1399 225 327
1335 38 897
38 897 1335
897 38 1335
920 9 1069
9 920 1069
1069 9 920
1418 961 1083
1083 961 1418
961 1083 1418
1405 213 571
571 213 1405
213 571 1405
1019 1328 1379
1379 1019 1328
1328 1019 1379
1112 472 523
472 523 1112
523 472 1112
1248 29 114
114 29 1248
29 114 1248
1243 846 1017
1017 846 1243
846 1017 1243
1138 295 1007
295 1007 1138
1007 295 1138
1175 1159 1499
1159 1175 1499
1499 1159 1175
231 796 1450
1450 231 796
796 231 1450
226 554 827
827 226 554
554 226 827
50 249 900
249 50 900
900 50 249
161 30 1047
1047 30 161
30 161 1047
405 355 733
733 355 405
355 405 733
1469 419 543
419 543 1469
543 419 1469
37 893 1384
1384 37 893
893 37 1384
823 412 844
412 823 844
844 412 823
456 202 314
314 202 456
202 314 456
13 400 420
400 13 420
420 13 400
957 1040 1425
1425 957 1040
1040 957 1425
192 872 1240
872 192 1240
1240 192 872
1336 204 350
204 350 1336
350 204 1336
574 841 1291
1291 574 841
841 574 1291
105 488 1414
488 105 1414
1414 105 488
628 127 1415
1415 127 628
127 628 1415
1250 711 1251
1251 711 1250
711 1250 1251
1053 890 1420
890 1053 1420
1420 890 1053
1409 801 804
801 804 1409
804 801 1409
1162 695 810
810 695 1162
695 810 1162
948 564 883
883 564 948
564 883 948
586 424 652
652 424 586
424 586 652
835 550 811
550 811 835
811 550 835
74 580 1145
1145 74 580
580 74 1145
996 967 1042
967 996 1042
1042 967 996
280 305 1316
1316 280 305
305 280 1316
1139 1271 1391
1391 1139 1271
1271 1139 1391
1132 850 1286
850 1132 1286
1286 850 1132
521 499 1209
499 521 1209
1209 499 521
876 310 1026
310 876 1026
1026 310 876
563 54 1288
1288 54 563
54 563 1288
552 591 1262
591 552 1262
1262 552 591
947 414 864
864 414 947
414 864 947
718 1179 1453
1453 718 1179
1179 718 1453
409 1063 1191
1063 409 1191
1191 409 1063
529 2 17
2 17 529
17 2 529
258 215 1435
1435 215 258
215 258 1435
537 839 1012
839 537 1012
1012 537 839
1427 72 599
72 599 1427
599 72 1427
558 4 1071
1071 4 558
4 558 1071
322 376 792
376 322 792
792 322 376
151 421 1305
1305 151 421
421 151 1305
377 624 1246
624 377 1246
1246 377 624
559 269 1479
1479 269 559
269 559 1479
118 366 849
366 118 849
849 118 366
1061 1218 1270
1218 1061 1270
1270 1061 1218
605 1180 1314
1314 605 1180
1180 605 1314
1346 1199 1421
1421 1199 1346
1199 1346 1421
1035 648 1481
648 1035 1481
1481 648 1035
1092 173 1066
1066 173 1092
173 1066 1092
1294 159 438
159 438 1294
438 159 1294
630 769 913
769 630 913
913 630 769
77 498 1350
498 77 1350
1350 77 498
820 524 970
970 524 820
524 820 970
155 1292 1364
1292 155 1364
1364 155 1292
308 288 324
324 288 308
288 308 324
406 767 1229
767 406 1229
1229 406 767
561 191 639
191 561 639
639 191 561
761 335 634
335 634 761
634 335 761
578 766 1022
1022 578 766
766 578 1022
1068 1198 1223
1198 1068 1223
1223 1068 1198
7 753 833
753 7 833
833 7 753
822 35 1297
35 822 1297
1297 35 822
625 413 977
977 413 625
413 625 977
285 582 1077
582 285 1077
1077 285 582
1472 954 1044
1044 954 1472
954 1044 1472
410 657 1389
1389 410 657
657 410 1389
142 267 837
267 142 837
837 142 267
1258 282 829
282 829 1258
829 282 1258
1080 76 389
389 76 1080
76 389 1080
153 372 1153
372 153 1153
1153 153 372
1434 384 1333
1333 384 1434
384 1333 1434
1471 441 662
662 441 1471
441 662 1471
518 745 1361
1361 518 745
745 518 1361
1150 103 816
103 816 1150
816 103 1150
1009 588 1299
1299 588 1009
588 1009 1299
241 11 181
11 181 241
181 11 241
278 480 1281
1281 278 480
480 278 1281
1349 620 1276
1276 620 1349
620 1276 1349
672 665 1338
665 672 1338
1338 665 672
1118 650 1290
1290 650 1118
650 1118 1290
264 113 1406
1406 113 264
113 264 1406
597 1099 1373
1099 597 1373
1373 597 1099
1082 1224 1375
1375 1082 1224
1224 1082 1375
1014 403 779
779 403 1014
403 779 1014
1192 178 1428
178 1192 1428
1428 178 1192
367 422 932
932 367 422
422 367 932
19 99 408
408 19 99
99 19 408
1149 104 391
391 104 1149
104 391 1149
1093 694 1128
694 1093 1128
1128 694 1093
879 1023 1029
1029 879 1023
1023 879 1029
855 183 1091
1091 183 855
183 855 1091
1277 993 1485
993 1277 1485
1485 993 1277
516 1075 1239
1239 516 1075
1075 516 1239
570 678 1310
1310 570 678
678 570 1310
139 717 1237
1237 139 717
717 139 1237
1330 1337 1390
1337 1330 1390
1390 1330 1337
477 1242 1429
1429 477 1242
1242 477 1429
1188 40 730
730 40 1188
40 730 1188
1127 688 1216
688 1127 1216
1216 688 1127
80 243 842
842 80 243
243 80 842
786 740 997
740 786 997
997 740 786
531 70 443
443 70 531
70 443 531
704 217 1027
217 704 1027
1027 217 704
79 235 260
235 79 260
260 79 235
340 871 1090
871 340 1090
1090 340 871
878 90 1451
1451 90 878
90 878 1451
1208 271 1365
271 1208 1365
1365 271 1208
333 106 423
106 333 423
423 106 333
81 356 407
407 81 356
356 81 407
898 450 794
794 450 898
450 794 898
1230 638 964
964 638 1230
638 964 1230
707 186 1136
1136 186 707
186 707 1136
176 814 1467
1467 176 814
814 176 1467
1274 987 1056
1056 987 1274
987 1056 1274
485 461 1395
1395 461 485
461 485 1395
197 698 1394
1394 197 698
698 197 1394
693 1307 1398
1398 693 1307
1307 693 1398
904 102 760
760 102 904
102 760 904
111 166 646
646 111 166
166 111 646
1148 214 392
214 392 1148
392 214 1148
1484 100 1449
1449 100 1484
100 1449 1484
1133 780 1266
1266 780 1133
780 1133 1266
1422 383 1121
1121 383 1422
383 1121 1422
1380 292 493
493 292 1380
292 493 1380
1096 817 867
867 817 1096
817 867 1096
606 121 828
828 121 606
121 606 828
1452 683 731
683 731 1452
731 683 1452
448 120 1034
1034 120 448
120 448 1034
318 614 978
978 318 614
614 318 978
1160 353 1309
353 1160 1309
1309 353 1160
797 82 388
388 82 797
82 388 797
343 230 251
251 230 343
230 251 343
1227 168 1217
168 1217 1227
1217 168 1227
1287 951 979
951 979 1287
979 951 1287
927 75 1116
75 927 1116
1116 75 927
51 210 669
669 51 210
210 51 669
1184 831 1261
831 1184 1261
1261 831 1184
706 141 736
141 706 736
736 141 706
887 430 1396
1396 430 887
430 887 1396
244 42 261
42 244 261
261 42 244
1303 218 627
627 218 1303
218 627 1303
466 399 447
447 399 466
399 447 466
644 598 1057
1057 598 644
598 644 1057
380 604 935
935 380 604
604 380 935
1366 47 97
47 97 1366
97 47 1366
48 953 1477
1477 48 953
953 48 1477
309 123 1312
1312 123 309
123 309 1312
362 26 334
334 26 362
26 334 362
1189 685 1371
685 1189 1371
1371 685 1189
1448 892 1200
1200 892 1448
892 1200 1448
1058 144 1302
144 1058 1302
1302 144 1058
573 632 1363
632 573 1363
1363 573 632
991 354 475
354 475 991
475 354 991
852 15 1085
1085 15 852
15 852 1085
434 286 1245
1245 286 434
286 434 1245
510 609 1439
609 510 1439
1439 510 609
147 562 923
923 147 562
562 147 923
8 931 1204
1204 8 931
931 8 1204
83 594 595
594 83 595
595 83 594
812 457 959
457 812 959
959 457 812
1174 375 1457
375 1174 1457
1457 375 1174
1038 656 1228
1228 656 1038
656 1038 1228
600 109 474
474 109 600
109 474 600
618 175 487
487 175 618
175 487 618
585 329 1462
329 585 1462
1462 329 585
858 300 965
965 300 858
300 858 965
95 771 1347
771 95 1347
1347 95 771
330 299 1032
1032 299 330
299 330 1032
548 1111 1455
1111 548 1455
1455 548 1111
56 701 1207
1207 56 701
701 56 1207
1210 146 1074
146 1074 1210
1074 146 1210
692 428 1282
1282 428 692
428 692 1282
1045 201 429
201 429 1045
429 201 1045
436 773 1482
1482 436 773
773 436 1482
1119 681 966
681 966 1119
966 681 1119
263 581 735
581 263 735
735 263 581
651 270 732
270 651 732
732 270 651
234 785 1249
785 234 1249
1249 234 785
885 607 637
637 607 885
607 637 885
23 511 870
511 23 870
870 23 511
167 689 784
689 167 784
784 167 689
180 117 848
848 117 180
117 180 848
956 242 1000
242 956 1000
1000 242 956
525 187 489
489 187 525
187 489 525
699 148 1386
1386 148 699
148 699 1386
667 1020 1043
1020 667 1043
1043 667 1020
653 715 1383
1383 653 715
715 653 1383
401 331 1284
1284 331 401
331 401 1284
346 575 1426
1426 346 575
575 346 1426
476 664 1221
1221 476 664
664 476 1221
546 276 800
800 276 546
276 546 800
739 69 1046
1046 69 739
69 739 1046
184 262 1196
262 184 1196
1196 184 262
1445 1372 1487
1487 1372 1445
1372 1445 1487
1010 508 1126
508 1010 1126
1126 508 1010
984 677 1465
677 984 1465
1465 677 984
1238 840 1356
840 1238 1356
1356 840 1238
640 12 1416
12 640 1416
1416 12 640
46 484 536
484 46 536
536 46 484
969 808 1493
1493 808 969
808 969 1493
512 673 726
726 512 673
673 512 726
108 302 1329
302 108 1329
1329 108 302
1400 165 374
374 165 1400
165 374 1400
1107 530 1016
1016 530 1107
530 1016 1107
1097 763 1454
763 1097 1454
1454 763 1097
565 1018 1060
1018 565 1060
1060 565 1018
568 1033 1120
1033 568 1120
1120 568 1033
237 451 1278
1278 237 451
451 237 1278
1236 504 1049
1049 504 1236
504 1049 1236
435 208 212
212 208 435
208 212 435
342 154 930
154 342 930
930 154 342
1185 1098 1340
1098 1185 1340
1340 1098 1185
275 223 338
223 275 338
338 223 275
1002 85 601
85 601 1002
601 85 1002
53 593 716
716 53 593
593 53 716
326 642 937
937 326 642
642 326 937
1464 425 1214
1214 425 1464
425 1214 1464
1369 532 1176
1176 532 1369
532 1176 1369
1322 316 1267
316 1267 1322
1267 316 1322
874 553 608
608 553 874
553 608 874
671 1283 1401
1283 671 1401
1401 671 1283
915 572 1367
572 915 1367
1367 572 915
549 45 255
255 45 549
45 255 549
1272 402 749
402 749 1272
749 402 1272
629 440 722
440 629 722
722 440 629
985 101 709
709 101 985
101 709 985
909 907 1446
907 909 1446
1446 907 909
633 39 843
843 39 633
39 633 843
1431 750 834
750 834 1431
834 750 1431
975 25 1155
25 975 1155
1155 25 975
170 1114 1203
1114 170 1203
1203 170 1114
1352 500 1341
500 1341 1352
1341 500 1352
1441 906 1327
906 1327 1441
1327 906 1441
754 18 490
490 18 754
18 490 754
130 945 1078
945 130 1078
1078 130 945
813 734 1495
734 813 1495
1495 734 813
