81571 17814 139385
17814 81571 139385
139385 17814 81571
16097 11627 26419
26419 11627 16097
11627 16097 26419
102456 21280 122913
21280 102456 122913
122913 21280 102456
11101 19665 103046
19665 11101 103046
103046 11101 19665
98317 71168 121693
121693 71168 98317
71168 98317 121693
141340 4191 100513
100513 4191 141340
4191 100513 141340
130496 110810 132829
110810 130496 132829
132829 110810 130496
128194 16879 79759
79759 16879 128194
16879 79759 128194
16597 114116 127466
114116 16597 127466
127466 16597 114116
1304 89907 105012
89907 1304 105012
105012 1304 89907
3462 9610 45435
9610 3462 45435
45435 3462 9610
127481 122244 132196
132196 122244 127481
122244 127481 132196
47205 37777 83637
83637 37777 47205
37777 47205 83637
130757 98757 130561
98757 130561 130757
130561 98757 130757
61109 4700 71499
4700 61109 71499
71499 4700 61109
15614 69968 132040
132040 15614 69968
69968 15614 132040
60994 74295 137963
137963 60994 74295
74295 60994 137963
108979 62109 91323
62109 91323 108979
91323 62109 108979
147589 39285 85413
39285 85413 147589
85413 39285 147589
20783 36532 135745
135745 20783 36532
36532 20783 135745
131251 34518 76630
76630 34518 131251
34518 76630 131251
124861 4660 53714
4660 53714 124861
53714 4660 124861
111193 58809 141903
58809 111193 141903
141903 58809 111193
18607 117463 135082
117463 18607 135082
135082 18607 117463
5734 56949 127833
127833 5734 56949
56949 5734 127833
1779 26144 61150
61150 1779 26144
26144 1779 61150
2111 62624 107833
107833 2111 62624
62624 2111 107833
65637 12583 106030
12583 65637 106030
106030 12583 65637
148491 14876 79971
79971 14876 148491
14876 79971 148491
55329 81107 134629
134629 55329 81107
81107 55329 134629
119094 29308 67656
29308 67656 119094
67656 29308 119094
36820 93891 98255
98255 36820 93891
93891 36820 98255
138066 48114 139595
48114 138066 139595
139595 48114 138066
146803 34272 116849
34272 116849 146803
116849 34272 146803
37125 87052 130547
87052 37125 130547
130547 37125 87052
77704 61669 105919
105919 61669 77704
61669 77704 105919
36271 1629 149287
149287 1629 36271
1629 36271 149287
109866 49392 138355
138355 49392 109866
49392 109866 138355
97571 4521 81859
4521 81859 97571
81859 4521 97571
66193 5809 52886
5809 52886 66193
52886 5809 66193
35992 17702 19938
17702 19938 35992
19938 17702 35992
98645 94163 94909
94909 94163 98645
94163 94909 98645
13805 87210 138081
138081 13805 87210
87210 13805 138081
597 10922 126588
10922 597 126588
126588 597 10922
13699 20673 106644
106644 13699 20673
20673 13699 106644
30267 37330 72795
37330 30267 72795
72795 30267 37330
128258 5553 19804
5553 19804 128258
19804 5553 128258
25510 127533 142327
142327 25510 127533
127533 25510 142327
72461 74099 90948
90948 72461 74099
74099 72461 90948
106558 67605 119283
119283 67605 106558
67605 106558 119283
31743 5119 125300
5119 31743 125300
125300 5119 31743
148776 412 7429
412 7429 148776
7429 412 148776
51334 18017 110342
110342 18017 51334
18017 51334 110342
75391 12740 74738
74738 12740 75391
12740 74738 75391
97117 9223 107469
107469 9223 97117
9223 97117 107469
41592 44384 52023
52023 41592 44384
44384 41592 52023
45487 7314 71781
7314 45487 71781
71781 7314 45487
127749 44371 114664
114664 44371 127749
44371 114664 127749
81982 18554 29743
29743 18554 81982
18554 29743 81982
42328 57914 117862
57914 42328 117862
117862 42328 57914
60821 26364 32164
32164 26364 60821
26364 32164 60821
101791 102535 131594
131594 101791 102535
102535 101791 131594
58056 66123 86480
86480 58056 66123
66123 58056 86480
40078 29471 125282
29471 40078 125282
125282 29471 40078
66097 31172 41179
41179 31172 66097
31172 41179 66097
7888 143424 146200
146200 7888 143424
143424 7888 146200
99876 29711 80273
80273 29711 99876
29711 80273 99876
42113 80444 82291
80444 42113 82291
82291 42113 80444
11168 86493 104677
104677 11168 86493
86493 11168 104677
52395 26592 58339
26592 52395 58339
58339 26592 52395
105595 45338 100544
45338 100544 105595
100544 45338 105595
42827 13450 82390
82390 13450 42827
13450 42827 82390
64432 86129 110985
86129 64432 110985
110985 64432 86129
98265 115950 129078
129078 98265 115950
115950 98265 129078
18764 82674 95441
95441 18764 82674
82674 18764 95441
8469 125840 144235
125840 8469 144235
144235 8469 125840
48152 22702 70317
70317 22702 48152
22702 48152 70317
128588 21174 119910
119910 21174 128588
21174 119910 128588
47824 32932 65331
65331 32932 47824
32932 47824 65331
74029 6957 17035
6957 17035 74029
17035 6957 74029
61599 18378 24287
18378 24287 61599
24287 18378 61599
145010 102158 144361
102158 144361 145010
144361 102158 145010
75638 61202 139913
139913 61202 75638
61202 75638 139913
47950 108371 109652
109652 47950 108371
108371 47950 109652
48721 76083 123236
76083 48721 123236
123236 48721 76083
115812 51639 128158
128158 51639 115812
51639 115812 128158
40623 3161 68360
68360 3161 40623
3161 40623 68360
13993 68072 121192
68072 13993 121192
121192 13993 68072
116457 67602 69789
69789 67602 116457
67602 69789 116457
113395 39402 39801
39801 39402 113395
39402 39801 113395
72699 104978 147146
147146 72699 104978
104978 72699 147146
66638 1882 119975
119975 1882 66638
1882 66638 119975
110133 89312 93161
93161 89312 110133
89312 93161 110133
40742 98958 128810
98958 40742 128810
128810 40742 98958
55695 48897 49512
49512 48897 55695
48897 49512 55695
67957 36353 111271
111271 36353 67957
36353 67957 111271
91761 20832 48988
48988 20832 91761
20832 48988 91761
62562 16120 54245
54245 16120 62562
16120 54245 62562
115096 82688 105232
105232 82688 115096
82688 105232 115096
16840 40211 139555
40211 16840 139555
139555 16840 40211
97101 98225 101203
101203 97101 98225
98225 97101 101203
106175 53607 147597
53607 106175 147597
147597 53607 106175
23046 10764 104598
104598 10764 23046
10764 23046 104598
65491 19582 51496
19582 51496 65491
51496 19582 65491
111506 5185 94503
94503 5185 111506
5185 94503 111506
104227 30542 120151
30542 104227 120151
120151 30542 104227
89191 76102 139064
76102 89191 139064
139064 76102 89191
11871 116638 119859
116638 11871 119859
119859 11871 116638
88474 34487 63816
34487 63816 88474
63816 34487 88474
116047 134 36029
134 36029 116047
36029 134 116047
40833 5327 40689
5327 40689 40833
40689 5327 40833
30075 495 19522
19522 495 30075
495 19522 30075
122524 11017 47399
47399 11017 122524
11017 47399 122524
30484 52671 136512
52671 30484 136512
136512 30484 52671
100538 32676 87898
32676 87898 100538
87898 32676 100538
72443 32629 83060
32629 72443 83060
83060 32629 72443
71981 12871 116338
116338 12871 71981
12871 71981 116338
20041 70099 72768
70099 20041 72768
72768 20041 70099
43602 89903 107416
89903 43602 107416
107416 43602 89903
94019 2000 46743
46743 2000 94019
2000 46743 94019
89894 10556 53447
53447 10556 89894
10556 53447 89894
9377 80290 108105
108105 9377 80290
80290 9377 108105
20699 7675 144394
144394 7675 20699
7675 20699 144394
42612 104183 146804
146804 42612 104183
104183 42612 146804
78601 49045 147917
49045 78601 147917
147917 49045 78601
138227 71497 132877
71497 132877 138227
132877 71497 138227
7937 3496 31761
3496 7937 31761
31761 3496 7937
42964 68460 76967
68460 42964 76967
76967 42964 68460
124409 82611 91115
91115 82611 124409
82611 91115 124409
149312 130563 144261
130563 144261 149312
144261 130563 149312
98514 80862 88110
80862 88110 98514
88110 80862 98514
57909 9559 144116
9559 57909 144116
144116 9559 57909
50286 57295 118159
118159 50286 57295
57295 50286 118159
31346 77715 87871
87871 31346 77715
77715 31346 87871
142636 72825 147552
72825 142636 147552
147552 72825 142636
20758 19039 97095
19039 20758 97095
97095 19039 20758
136150 8168 138923
8168 136150 138923
138923 8168 136150
83184 52462 122670
52462 83184 122670
122670 52462 83184
85825 131984 147144
131984 85825 147144
147144 85825 131984
85592 14388 76908
76908 14388 85592
14388 76908 85592
124749 71665 126947
126947 71665 124749
71665 124749 126947
125039 10332 26038
10332 26038 125039
26038 10332 125039
34719 9082 29419
9082 29419 34719
29419 9082 34719
87931 20901 105622
20901 87931 105622
105622 20901 87931
138337 271 122220
271 122220 138337
122220 271 138337
46028 49123 84429
84429 46028 49123
49123 46028 84429
10362 81462 115036
81462 10362 115036
115036 10362 81462
117806 19856 123421
19856 117806 123421
123421 19856 117806
68859 3088 91606
91606 3088 68859
3088 68859 91606
63164 70276 115974
70276 63164 115974
115974 63164 70276
123048 34569 83943
34569 83943 123048
83943 34569 123048
106962 23576 31384
23576 31384 106962
31384 23576 106962
130926 53137 72731
53137 72731 130926
72731 53137 130926
3329 12667 95766
12667 3329 95766
95766 3329 12667
67516 68796 89294
89294 67516 68796
68796 67516 89294
38825 17998 109231
17998 38825 109231
109231 17998 38825
87027 22989 133799
22989 87027 133799
133799 22989 87027
68219 69747 110463
69747 68219 110463
110463 68219 69747
126553 92438 96896
96896 92438 126553
92438 96896 126553
59584 53595 97412
53595 59584 97412
97412 53595 59584
49127 9065 68080
9065 49127 68080
68080 9065 49127
73761 47969 113019
113019 47969 73761
47969 73761 113019
111188 129459 146334
129459 111188 146334
146334 111188 129459
71287 64509 108938
108938 64509 71287
64509 71287 108938
58749 15310 73071
73071 15310 58749
15310 58749 73071
122717 28791 79127
28791 79127 122717
79127 28791 122717
78479 62267 85185
62267 78479 85185
85185 62267 78479
16268 11541 101382
11541 16268 101382
101382 11541 16268
95567 30626 103209
30626 95567 103209
103209 30626 95567
91704 84915 122807
84915 91704 122807
122807 84915 91704
108639 40549 79985
40549 79985 108639
79985 40549 108639
49364 1860 92784
1860 49364 92784
92784 1860 49364
101097 5467 132778
5467 101097 132778
132778 5467 101097
28935 31713 64741
64741 28935 31713
31713 28935 64741
61112 57762 121021
57762 61112 121021
121021 57762 61112
93630 99825 137762
99825 93630 137762
137762 93630 99825
90227 61113 130141
61113 90227 130141
130141 61113 90227
133228 61813 83005
61813 83005 133228
83005 61813 133228
25728 94564 125781
125781 25728 94564
94564 25728 125781
19626 14026 61346
14026 19626 61346
61346 14026 19626
110769 2151 75526
75526 2151 110769
2151 75526 110769
143281 101821 125381
101821 125381 143281
125381 101821 143281
135451 23674 85631
85631 23674 135451
23674 85631 135451
76309 5960 145069
5960 76309 145069
145069 5960 76309
54043 17879 138214
138214 17879 54043
17879 54043 138214
74916 63334 127397
63334 74916 127397
127397 63334 74916
16639 62120 81914
62120 16639 81914
81914 16639 62120
35498 24957 99054
24957 35498 99054
99054 24957 35498
71394 38000 119968
119968 38000 71394
38000 71394 119968
47685 57 10083
57 10083 47685
10083 57 47685
6610 103630 105265
105265 6610 103630
103630 6610 105265
11055 63937 77025
63937 11055 77025
77025 11055 63937
63352 40393 62586
62586 40393 63352
40393 62586 63352
140868 64243 133938
64243 133938 140868
133938 64243 140868
87400 61460 109544
109544 61460 87400
61460 87400 109544
88270 69910 145038
69910 88270 145038
145038 69910 88270
146208 49516 99368
49516 99368 146208
99368 49516 146208
114585 83401 134855
134855 83401 114585
83401 114585 134855
57093 29392 110361
29392 57093 110361
110361 29392 57093
103507 27280 110950
110950 27280 103507
27280 103507 110950
132222 50291 77509
77509 50291 132222
50291 77509 132222
113625 7801 83810
7801 83810 113625
83810 7801 113625
65790 79175 108869
79175 65790 108869
108869 65790 79175
103052 59824 119683
59824 103052 119683
119683 59824 103052
109116 8008 33008
33008 8008 109116
8008 33008 109116
87523 10347 77560
77560 10347 87523
10347 77560 87523
53058 17850 117676
117676 17850 53058
17850 53058 117676
38428 30689 103949
30689 38428 103949
103949 30689 38428
146716 61355 93575
93575 61355 146716
61355 93575 146716
116940 77066 128388
77066 116940 128388
128388 77066 116940
35694 81633 104937
104937 35694 81633
81633 35694 104937
20570 47515 120714
47515 20570 120714
120714 20570 47515
49380 5333 128137
5333 49380 128137
128137 5333 49380
102691 29183 73477
29183 73477 102691
73477 29183 102691
137495 1386 115432
115432 1386 137495
1386 115432 137495
86795 3863 11944
3863 11944 86795
11944 3863 86795
121522 81940 123347
81940 121522 123347
123347 81940 121522
57753 25998 51616
51616 25998 57753
25998 51616 57753
74273 10022 137733
10022 74273 137733
137733 10022 74273
82492 31688 32922
32922 31688 82492
31688 32922 82492
70930 24934 87452
87452 24934 70930
24934 70930 87452
113946 5693 57268
5693 57268 113946
57268 5693 113946
85683 9978 113662
9978 85683 113662
113662 9978 85683
116598 88371 129889
88371 116598 129889
129889 88371 116598
129393 100514 108378
108378 100514 129393
100514 108378 129393
74472 106125 139939
139939 74472 106125
106125 74472 139939
31659 22602 79042
79042 22602 31659
22602 31659 79042
140698 51714 104155
51714 104155 140698
104155 51714 140698
24637 6631 104343
104343 6631 24637
6631 24637 104343
3395 50185 123464
50185 3395 123464
123464 3395 50185
40878 66644 133301
66644 40878 133301
133301 40878 66644
82515 42897 82125
42897 82125 82515
82125 42897 82515
71930 31671 146087
31671 71930 146087
146087 31671 71930
139609 2386 69180
2386 69180 139609
69180 2386 139609
62748 131384 147448
131384 62748 147448
147448 62748 131384
93897 7355 94566
7355 93897 94566
94566 7355 93897
48713 17009 34559
34559 17009 48713
17009 34559 48713
72390 128440 137219
128440 72390 137219
137219 72390 128440
149251 57869 73381
57869 73381 149251
73381 57869 149251
146325 4836 128600
4836 128600 146325
128600 4836 146325
120851 20376 77319
20376 77319 120851
77319 20376 120851
2058 46678 89301
46678 2058 89301
89301 2058 46678
20499 62645 96565
96565 20499 62645
62645 20499 96565
144624 6091 112518
6091 112518 144624
112518 6091 144624
18505 79804 86797
79804 18505 86797
86797 18505 79804
44925 60254 94839
60254 44925 94839
94839 44925 60254
149924 992 80590
992 80590 149924
80590 992 149924
56678 12100 12603
12603 12100 56678
12100 12603 56678
85446 1157 145126
1157 85446 145126
145126 1157 85446
118202 90446 130803
90446 118202 130803
130803 90446 118202
3683 5812 109518
109518 3683 5812
5812 3683 109518
42676 42554 82502
42554 42676 82502
82502 42554 42676
144367 85946 86024
86024 85946 144367
85946 86024 144367
36167 296 23471
23471 296 36167
296 23471 36167
10251 136704 136763
136763 10251 136704
136704 10251 136763
11493 6361 20143
20143 6361 11493
6361 11493 20143
107971 74849 121778
74849 107971 121778
121778 74849 107971
46057 53615 120903
53615 46057 120903
120903 46057 53615
17011 122668 127324
122668 17011 127324
127324 17011 122668
21604 102072 118040
118040 21604 102072
102072 21604 118040
48328 23264 26925
23264 26925 48328
26925 23264 48328
27253 30754 67921
30754 27253 67921
67921 27253 30754
145344 11296 46318
11296 46318 145344
46318 11296 145344
77195 88521 133288
133288 77195 88521
88521 77195 133288
77573 108780 126479
108780 77573 126479
126479 77573 108780
37976 71804 86408
86408 37976 71804
71804 37976 86408
17502 4260 4713
4713 4260 17502
4260 4713 17502
138834 6441 63155
6441 63155 138834
63155 6441 138834
67249 53001 106182
106182 53001 67249
53001 67249 106182
22062 68305 76622
68305 22062 76622
76622 22062 68305
117707 60865 111586
111586 60865 117707
60865 111586 117707
96930 17719 73492
73492 17719 96930
17719 73492 96930
143521 75560 102569
75560 102569 143521
102569 75560 143521
117924 20850 121050
20850 117924 121050
121050 20850 117924
112306 134731 146801
146801 112306 134731
134731 112306 146801
41220 39187 112998
112998 39187 41220
39187 41220 112998
69672 2726 72413
2726 69672 72413
72413 2726 69672
127631 53648 119550
53648 119550 127631
119550 53648 127631
22411 57352 144492
144492 22411 57352
57352 22411 144492
84900 25207 40035
25207 40035 84900
40035 25207 84900
41356 116847 131098
116847 41356 131098
131098 41356 116847
36935 97000 108855
108855 36935 97000
97000 36935 108855
24326 79827 86647
86647 24326 79827
79827 24326 86647
85602 21445 43803
21445 43803 85602
43803 21445 85602
87593 61409 95245
61409 87593 95245
95245 61409 87593
40625 61087 114960
61087 40625 114960
114960 40625 61087
114535 36408 98293
98293 36408 114535
36408 98293 114535
145178 44889 81696
44889 81696 145178
81696 44889 145178
130348 104095 120027
120027 104095 130348
104095 120027 130348
65735 49215 139926
139926 49215 65735
49215 65735 139926
51656 87108 142349
142349 51656 87108
87108 51656 142349
77264 37959 61716
61716 37959 77264
37959 61716 77264
102315 44026 77429
44026 77429 102315
77429 44026 102315
13659 11018 99373
11018 13659 99373
99373 11018 13659
76603 29283 130054
29283 76603 130054
130054 29283 76603
128961 6419 70411
70411 6419 128961
6419 70411 128961
86621 64905 87495
64905 86621 87495
87495 64905 86621
146362 33292 83186
33292 83186 146362
83186 33292 146362
122094 86539 95398
95398 86539 122094
86539 95398 122094
86718 42293 52837
42293 52837 86718
52837 42293 86718
130838 81368 93122
81368 93122 130838
93122 81368 130838
84739 9155 30111
9155 30111 84739
30111 9155 84739
65710 16081 17956
16081 17956 65710
17956 16081 65710
99303 230 132281
132281 230 99303
230 99303 132281
65141 12390 55796
12390 55796 65141
55796 12390 65141
55540 14155 14299
14155 14299 55540
14299 14155 55540
18947 100270 111217
100270 18947 111217
111217 18947 100270
50664 45909 121551
45909 50664 121551
121551 45909 50664
146458 38924 74809
74809 38924 146458
38924 74809 146458
96470 18926 68420
68420 18926 96470
18926 68420 96470
125807 22710 103392
103392 22710 125807
22710 103392 125807
40648 130517 139163
130517 40648 139163
139163 40648 130517
118886 97588 109044
109044 97588 118886
97588 109044 118886
32873 77271 142311
142311 32873 77271
77271 32873 142311
82668 44978 51924
44978 51924 82668
51924 44978 82668
144133 79561 90270
90270 79561 144133
79561 90270 144133
135265 30971 128402
128402 30971 135265
30971 128402 135265
56921 32412 142196
142196 32412 56921
32412 56921 142196
8710 70840 132375
132375 8710 70840
70840 8710 132375
83644 26071 105147
105147 26071 83644
26071 83644 105147
15871 8644 61303
8644 15871 61303
61303 8644 15871
137047 137743 146786
137743 137047 146786
146786 137047 137743
134595 111104 140278
140278 111104 134595
111104 134595 140278
137246 47967 115004
47967 115004 137246
115004 47967 137246
43238 111645 138327
138327 43238 111645
111645 43238 138327
111591 11733 44582
44582 11733 111591
11733 44582 111591
95029 8267 94875
94875 8267 95029
8267 94875 95029
140990 3142 15121
3142 15121 140990
15121 3142 140990
59200 31108 90295
31108 59200 90295
90295 31108 59200
46695 50686 66349
50686 46695 66349
66349 46695 50686
15022 56762 119898
119898 15022 56762
56762 15022 119898
57912 44255 88892
88892 44255 57912
44255 57912 88892
103343 4038 74945
4038 74945 103343
74945 4038 103343
27418 32016 45887
45887 27418 32016
32016 27418 45887
90931 73246 137630
73246 90931 137630
137630 73246 90931
27947 12904 35282
12904 27947 35282
35282 12904 27947
39250 83601 110144
83601 39250 110144
110144 39250 83601
49796 32161 98484
98484 32161 49796
32161 49796 98484
67899 53165 131144
53165 67899 131144
131144 53165 67899
102541 89130 122528
122528 89130 102541
89130 102541 122528
129845 60280 140499
60280 129845 140499
140499 60280 129845
47145 114863 132461
114863 47145 132461
132461 47145 114863
147321 35343 61274
35343 61274 147321
61274 35343 147321
53145 63183 99172
63183 53145 99172
99172 53145 63183
62046 37980 42859
37980 42859 62046
42859 37980 62046
57702 9582 118259
118259 9582 57702
9582 57702 118259
138425 12541 28147
12541 28147 138425
28147 12541 138425
126306 81402 102058
102058 81402 126306
81402 102058 126306
90495 90049 111614
111614 90049 90495
90049 90495 111614
89415 32508 81816
81816 32508 89415
32508 81816 89415
138678 1720 127524
1720 127524 138678
127524 1720 138678
114229 58495 58882
58882 58495 114229
58495 58882 114229
85772 57388 71134
71134 57388 85772
57388 71134 85772
11685 2532 58767
2532 11685 58767
58767 2532 11685
107519 94688 138420
94688 107519 138420
138420 94688 107519
44613 9404 107807
9404 44613 107807
107807 9404 44613
43860 22905 65383
65383 22905 43860
22905 43860 65383
48189 13794 139729
13794 48189 139729
139729 13794 48189
139412 97266 143020
143020 97266 139412
97266 139412 143020
61453 2470 29653
2470 29653 61453
29653 2470 61453
134772 37887 81397
81397 37887 134772
37887 81397 134772
106071 65013 67981
67981 65013 106071
65013 67981 106071
5491 28974 110188
28974 5491 110188
110188 5491 28974
117180 89081 111738
89081 111738 117180
111738 89081 117180
70277 7445 13397
13397 7445 70277
7445 13397 70277
83178 10690 105848
10690 83178 105848
105848 10690 83178
94703 45433 66730
45433 66730 94703
66730 45433 94703
132362 59305 112419
59305 112419 132362
112419 59305 132362
47922 26917 144405
26917 47922 144405
144405 26917 47922
74835 24618 61395
61395 24618 74835
24618 61395 74835
64616 86948 86967
86948 64616 86967
86967 64616 86948
138885 7760 72268
72268 7760 138885
7760 72268 138885
26081 34812 74103
34812 26081 74103
74103 26081 34812
94510 9965 136719
9965 94510 136719
136719 9965 94510
30943 10243 131307
131307 10243 30943
10243 30943 131307
27185 47284 54418
54418 27185 47284
47284 27185 54418
61861 89266 117967
89266 61861 117967
117967 61861 89266
20393 39920 41945
39920 20393 41945
41945 20393 39920
137397 99851 137442
99851 137397 137442
137442 99851 137397
57664 91203 124734
91203 57664 124734
124734 57664 91203
46127 84960 140742
84960 46127 140742
140742 46127 84960
130979 42131 102204
102204 42131 130979
42131 102204 130979
123031 91212 149431
149431 91212 123031
91212 123031 149431
17537 16305 136945
16305 17537 136945
136945 16305 17537
50037 24843 140531
140531 24843 50037
24843 50037 140531
124857 5038 93974
93974 5038 124857
5038 93974 124857
45549 4780 108994
108994 4780 45549
4780 45549 108994
143784 54891 57637
54891 57637 143784
57637 54891 143784
75860 97620 102793
97620 75860 102793
102793 75860 97620
113412 5610 62766
5610 62766 113412
62766 5610 113412
85787 60836 84606
60836 84606 85787
84606 60836 85787
53306 75763 81453
75763 53306 81453
81453 53306 75763
5315 38162 76403
76403 5315 38162
38162 5315 76403
83054 45459 141005
141005 45459 83054
45459 83054 141005
103856 109291 113716
109291 103856 113716
113716 103856 109291
143657 29760 110676
29760 110676 143657
110676 29760 143657
17389 104313 116786
116786 17389 104313
104313 17389 116786
145829 334 74750
334 74750 145829
74750 334 145829
66223 61298 141797
61298 66223 141797
141797 61298 66223
41021 118022 121344
118022 41021 121344
121344 41021 118022
22685 39102 72400
39102 22685 72400
72400 22685 39102
95565 37476 49157
37476 49157 95565
49157 37476 95565
123300 129081 133837
133837 123300 129081
129081 123300 133837
16769 59819 143497
59819 16769 143497
143497 16769 59819
147659 25432 118162
118162 25432 147659
25432 118162 147659
105227 38397 58666
58666 38397 105227
38397 58666 105227
33465 14559 43267
14559 33465 43267
43267 14559 33465
45642 35279 77053
77053 35279 45642
35279 45642 77053
128317 62969 73072
73072 62969 128317
62969 73072 128317
61901 27974 112449
112449 27974 61901
27974 61901 112449
114482 108092 133644
133644 108092 114482
108092 114482 133644
99140 5964 76468
5964 76468 99140
76468 5964 99140
96055 53266 106138
106138 53266 96055
53266 96055 106138
80480 59111 141519
59111 80480 141519
141519 59111 80480
6701 4828 79444
79444 4828 6701
4828 6701 79444
78632 46668 129183
46668 78632 129183
129183 46668 78632
81882 93714 148774
93714 81882 148774
148774 81882 93714
2459 94630 122933
94630 2459 122933
122933 2459 94630
60242 41582 145926
145926 41582 60242
41582 60242 145926
35262 110114 135772
110114 35262 135772
135772 35262 110114
147082 47351 70351
47351 70351 147082
70351 47351 147082
107520 50913 80323
50913 80323 107520
80323 50913 107520
89508 41715 114065
41715 89508 114065
114065 41715 89508
35792 8751 62549
62549 8751 35792
8751 35792 62549
106082 10477 11650
10477 11650 106082
11650 10477 106082
76118 4470 140424
140424 4470 76118
4470 76118 140424
136530 75761 120235
75761 120235 136530
120235 75761 136530
9802 26140 106680
106680 9802 26140
26140 9802 106680
12734 17029 43816
43816 12734 17029
17029 12734 43816
135701 31948 35606
31948 35606 135701
35606 31948 135701
128048 9746 136172
9746 128048 136172
136172 9746 128048
86125 48745 142026
142026 48745 86125
48745 86125 142026
145553 95090 99045
95090 99045 145553
99045 95090 145553
7591 15965 39123
15965 7591 39123
39123 7591 15965
12175 76368 112139
76368 12175 112139
112139 12175 76368
149426 64382 138024
64382 138024 149426
138024 64382 149426
18127 48700 104850
104850 18127 48700
48700 18127 104850
59123 81045 131470
131470 59123 81045
81045 59123 131470
107395 30653 42935
30653 42935 107395
42935 30653 107395
3518 30910 42356
42356 3518 30910
30910 3518 42356
70826 14113 112408
112408 14113 70826
14113 70826 112408
53029 51725 127342
51725 53029 127342
127342 51725 53029
4357 32337 109729
32337 4357 109729
109729 4357 32337
144828 2894 73410
73410 2894 144828
2894 73410 144828
84190 102883 144059
102883 84190 144059
144059 84190 102883
32321 79056 149422
149422 32321 79056
79056 32321 149422
102791 8318 26019
8318 26019 102791
26019 8318 102791
121830 65254 124274
124274 65254 121830
65254 121830 124274
132634 50128 116417
50128 116417 132634
116417 50128 132634
52247 71936 114447
71936 52247 114447
114447 52247 71936
144769 83188 95855
95855 83188 144769
83188 95855 144769
139362 11272 112603
11272 112603 139362
112603 11272 139362
145483 147 132773
147 132773 145483
132773 147 145483
80859 58786 147629
147629 58786 80859
58786 80859 147629
18070 25938 41352
25938 18070 41352
41352 18070 25938
8404 80131 90413
80131 8404 90413
90413 8404 80131
98545 52593 126343
126343 52593 98545
52593 98545 126343
11020 63460 123584
123584 11020 63460
63460 11020 123584
143304 22611 37598
22611 37598 143304
37598 22611 143304
85807 52865 111539
52865 85807 111539
111539 52865 85807
30359 93221 135760
135760 30359 93221
93221 30359 135760
43909 93236 138565
138565 43909 93236
93236 43909 138565
147093 38981 52238
52238 38981 147093
38981 52238 147093
84446 49691 65258
49691 65258 84446
65258 49691 84446
39852 27995 106338
27995 39852 106338
106338 27995 39852
104080 79457 128720
128720 79457 104080
79457 104080 128720
96521 56361 134918
56361 96521 134918
134918 56361 96521
123155 17299 79286
17299 79286 123155
79286 17299 123155
33119 62611 139228
62611 33119 139228
139228 33119 62611
42159 88651 101728
101728 42159 88651
88651 42159 101728
99613 35982 40825
35982 40825 99613
40825 35982 99613
143163 57898 96748
96748 57898 143163
57898 96748 143163
50915 14276 99484
14276 50915 99484
99484 14276 50915
101313 60663 149557
149557 60663 101313
60663 101313 149557
98752 62365 142142
142142 62365 98752
62365 98752 142142
145275 89446 128338
128338 89446 145275
89446 128338 145275
45893 115258 138094
115258 45893 138094
138094 45893 115258
145124 117113 135130
135130 117113 145124
117113 135130 145124
130280 118537 120297
118537 120297 130280
120297 118537 130280
75554 3708 8207
8207 3708 75554
3708 8207 75554
149497 37606 109176
109176 37606 149497
37606 109176 149497
114815 82783 90512
82783 90512 114815
90512 82783 114815
111151 19505 146007
19505 111151 146007
146007 19505 111151
125669 21210 43386
21210 43386 125669
43386 21210 125669
93998 17386 88350
17386 88350 93998
88350 17386 93998
105957 92391 124799
124799 92391 105957
92391 105957 124799
85815 64165 128696
128696 64165 85815
64165 85815 128696
45941 81116 133151
81116 45941 133151
133151 45941 81116
8958 8706 96425
96425 8706 8958
8706 8958 96425
27885 21978 81952
81952 21978 27885
21978 27885 81952
10933 95903 106756
95903 10933 106756
106756 10933 95903
142332 58019 146450
146450 58019 142332
58019 142332 146450
35291 2725 89262
2725 35291 89262
89262 2725 35291
97311 29674 130106
29674 97311 130106
130106 29674 97311
63116 60441 69577
69577 60441 63116
60441 63116 69577
103758 63514 121807
121807 63514 103758
63514 103758 121807
83313 98060 127251
127251 83313 98060
98060 83313 127251
29462 54825 81106
54825 29462 81106
81106 29462 54825
73332 21666 86820
21666 73332 86820
86820 21666 73332
1683 54982 139921
139921 1683 54982
54982 1683 139921
46280 47804 137746
47804 46280 137746
137746 46280 47804
24246 10436 34249
10436 24246 34249
34249 10436 24246
65698 56364 136222
56364 65698 136222
136222 56364 65698
11304 128558 144223
144223 11304 128558
128558 11304 144223
83165 79253 117492
79253 83165 117492
117492 79253 83165
77613 51956 83623
51956 77613 83623
83623 51956 77613
50305 137035 141297
137035 50305 141297
141297 50305 137035
44645 5352 103813
103813 5352 44645
5352 44645 103813
137109 104695 130016
130016 104695 137109
104695 130016 137109
102719 77170 77805
77170 77805 102719
77805 77170 102719
60079 18472 60486
60486 18472 60079
18472 60079 60486
144581 52043 138842
138842 52043 144581
52043 138842 144581
19988 115907 131994
131994 19988 115907
115907 19988 131994
3605 78158 103123
78158 3605 103123
103123 3605 78158
3499 65849 73216
65849 3499 73216
73216 3499 65849
10042 7687 74589
7687 10042 74589
74589 7687 10042
39203 81947 114882
81947 39203 114882
114882 39203 81947
81131 120030 144831
120030 81131 144831
144831 81131 120030
136832 1693 3543
1693 3543 136832
3543 1693 136832
25411 80999 106442
80999 25411 106442
106442 25411 80999
15883 71736 116290
71736 15883 116290
116290 15883 71736
51050 51823 139172
139172 51050 51823
51823 51050 139172
64194 7232 71238
71238 7232 64194
7232 64194 71238
12145 70880 76470
76470 12145 70880
70880 12145 76470
83911 101279 137553
101279 83911 137553
137553 83911 101279
42046 118415 142673
142673 42046 118415
118415 42046 142673
144175 76405 114150
114150 76405 144175
76405 114150 144175
96149 87046 90473
87046 90473 96149
90473 87046 96149
137529 53935 120101
53935 120101 137529
120101 53935 137529
42124 96658 109944
109944 42124 96658
96658 42124 109944
139327 58065 148013
58065 139327 148013
148013 58065 139327
10551 12736 89423
12736 10551 89423
89423 10551 12736
67722 68319 79203
68319 67722 79203
79203 67722 68319
1070 16701 96164
16701 1070 96164
96164 1070 16701
4888 53367 55424
53367 4888 55424
55424 4888 53367
121625 92931 98775
92931 98775 121625
98775 92931 121625
47691 24973 28775
24973 28775 47691
28775 24973 47691
30557 138371 139382
138371 30557 139382
139382 30557 138371
66188 121835 122019
121835 66188 122019
122019 66188 121835
2965 17044 18073
17044 2965 18073
18073 2965 17044
60354 34713 57042
34713 57042 60354
57042 34713 60354
97442 24844 121090
121090 24844 97442
24844 97442 121090
90802 28475 43949
28475 43949 90802
43949 28475 90802
101737 66357 133014
133014 66357 101737
66357 101737 133014
61256 38822 87811
38822 61256 87811
87811 38822 61256
54167 67590 103746
103746 54167 67590
67590 54167 103746
145379 447 24661
447 24661 145379
24661 447 145379
14095 110399 134214
134214 14095 110399
110399 14095 134214
134380 60335 146942
146942 60335 134380
60335 134380 146942
21112 46924 73712
46924 21112 73712
73712 21112 46924
72648 108901 113202
108901 72648 113202
113202 72648 108901
120561 46017 76441
46017 76441 120561
76441 46017 120561
65978 22418 95425
95425 22418 65978
22418 65978 95425
12909 48400 128313
48400 12909 128313
128313 12909 48400
83099 10392 55752
10392 55752 83099
55752 10392 83099
149154 13984 57904
13984 57904 149154
57904 13984 149154
23307 104164 147420
104164 23307 147420
147420 23307 104164
142745 38893 115246
115246 38893 142745
38893 115246 142745
118751 29068 42194
29068 42194 118751
42194 29068 118751
136555 20179 65186
65186 20179 136555
20179 65186 136555
94840 41248 81036
41248 81036 94840
81036 41248 94840
45252 68751 77792
77792 45252 68751
68751 45252 77792
83669 45648 141160
45648 83669 141160
141160 45648 83669
118505 22547 96345
96345 22547 118505
22547 96345 118505
96374 63398 74356
63398 74356 96374
74356 63398 96374
22562 25784 121470
25784 22562 121470
121470 22562 25784
2439 108824 138926
138926 2439 108824
108824 2439 138926
91164 61487 93400
93400 61487 91164
61487 91164 93400
9359 36168 45777
36168 9359 45777
45777 9359 36168
86297 11219 27635
27635 11219 86297
11219 27635 86297
134256 60016 73814
73814 60016 134256
60016 73814 134256
87461 130253 139793
139793 87461 130253
130253 87461 139793
78599 101017 145220
145220 78599 101017
101017 78599 145220
135579 1516 11680
11680 1516 135579
1516 11680 135579
106136 90482 107871
107871 90482 106136
90482 106136 107871
4997 102391 132333
132333 4997 102391
102391 4997 132333
66614 45906 55456
55456 45906 66614
45906 55456 66614
20443 88792 103541
88792 20443 103541
103541 20443 88792
18278 8510 132907
8510 18278 132907
132907 8510 18278
149639 73121 144868
144868 73121 149639
73121 144868 149639
80907 16366 132448
16366 80907 132448
132448 16366 80907
131235 37249 110173
110173 37249 131235
37249 110173 131235
70808 4831 113756
4831 70808 113756
113756 4831 70808
846 117500 117916
117916 846 117500
117500 846 117916
99555 104612 105058
104612 99555 105058
105058 99555 104612
80287 2902 3545
3545 2902 80287
2902 3545 80287
47842 75180 119032
75180 47842 119032
119032 47842 75180
136159 1955 112105
1955 112105 136159
112105 1955 136159
137252 43798 111984
111984 43798 137252
43798 111984 137252
141320 84225 120399
120399 84225 141320
84225 120399 141320
21865 47723 146632
146632 21865 47723
47723 21865 146632
37813 39316 109359
39316 37813 109359
109359 37813 39316
63423 49780 129809
49780 63423 129809
129809 49780 63423
11344 57584 117170
117170 11344 57584
57584 11344 117170
99307 47677 93166
93166 47677 99307
47677 93166 99307
29437 95387 118017
95387 29437 118017
118017 29437 95387
107805 56091 68564
68564 56091 107805
56091 68564 107805
79487 73447 115610
73447 79487 115610
115610 73447 79487
84725 28666 64890
64890 28666 84725
28666 64890 84725
90982 127974 128296
128296 90982 127974
127974 90982 128296
139837 57516 102731
57516 102731 139837
102731 57516 139837
45881 15120 98322
98322 15120 45881
15120 45881 98322
110186 61219 93854
61219 93854 110186
93854 61219 110186
132405 34145 42213
34145 42213 132405
42213 34145 132405
85950 83659 109432
83659 85950 109432
109432 83659 85950
73362 19600 113321
19600 73362 113321
113321 19600 73362
103947 7608 131130
131130 7608 103947
7608 103947 131130
40588 9692 69083
69083 9692 40588
9692 40588 69083
136958 79489 108970
108970 79489 136958
79489 108970 136958
37379 52263 135083
52263 37379 135083
135083 37379 52263
91999 58634 88308
88308 58634 91999
58634 88308 91999
47576 4573 138813
4573 47576 138813
138813 4573 47576
91041 112953 137201
112953 91041 137201
137201 91041 112953
91395 96383 149063
149063 91395 96383
96383 91395 149063
136918 47125 122079
122079 47125 136918
47125 122079 136918
31569 23360 134579
23360 31569 134579
134579 23360 31569
59653 47372 125958
47372 59653 125958
125958 47372 59653
93382 5221 142926
5221 93382 142926
142926 5221 93382
5292 21149 95145
21149 5292 95145
95145 5292 21149
43439 80608 149420
149420 43439 80608
80608 43439 149420
20841 71815 87247
71815 20841 87247
87247 20841 71815
59296 45203 53926
45203 53926 59296
53926 45203 59296
32615 8459 62480
62480 8459 32615
8459 32615 62480
74847 5777 107930
107930 5777 74847
5777 74847 107930
87912 69944 76877
76877 69944 87912
69944 76877 87912
100954 40522 135609
135609 40522 100954
40522 100954 135609
4564 70082 102472
102472 4564 70082
70082 4564 102472
68965 4387 99614
99614 4387 68965
4387 68965 99614
40893 79957 96416
79957 40893 96416
96416 40893 79957
84724 90562 143991
143991 84724 90562
90562 84724 143991
13527 128667 139286
139286 13527 128667
128667 13527 139286
100358 11558 36846
36846 11558 100358
11558 36846 100358
73870 35365 107252
107252 35365 73870
35365 73870 107252
1209 16167 68973
16167 1209 68973
68973 1209 16167
139628 48063 97888
97888 48063 139628
48063 97888 139628
38454 20536 148023
20536 38454 148023
148023 20536 38454
8087 100189 134353
134353 8087 100189
100189 8087 134353
99520 110608 128655
110608 99520 128655
128655 99520 110608
128612 20323 58783
58783 20323 128612
20323 58783 128612
82177 75980 97733
97733 75980 82177
75980 82177 97733
107545 66231 83018
66231 83018 107545
83018 66231 107545
11593 4786 39999
39999 4786 11593
4786 11593 39999
14483 33508 54045
54045 14483 33508
33508 14483 54045
29026 143186 146148
146148 29026 143186
143186 29026 146148
2612 89074 91776
89074 2612 91776
91776 2612 89074
22023 43221 49343
43221 22023 49343
49343 22023 43221
134285 7401 88896
88896 7401 134285
7401 88896 134285
62216 76804 107244
107244 62216 76804
76804 62216 107244
62943 6637 33891
6637 33891 62943
33891 6637 62943
114752 30107 94825
30107 94825 114752
94825 30107 114752
15521 12887 84970
84970 12887 15521
12887 15521 84970
65511 25753 54943
25753 54943 65511
54943 25753 65511
108976 33957 108684
33957 108684 108976
108684 33957 108976
19445 24784 136974
136974 19445 24784
24784 19445 136974
7644 16401 29289
29289 7644 16401
16401 7644 29289
141934 87255 129098
87255 129098 141934
129098 87255 141934
75950 77697 131437
131437 75950 77697
77697 75950 131437
51002 27281 46397
46397 27281 51002
27281 46397 51002
114645 49635 136373
136373 49635 114645
49635 114645 136373
132286 125295 139739
125295 132286 139739
139739 125295 132286
94748 9418 136816
136816 9418 94748
9418 94748 136816
105700 25137 73482
25137 73482 105700
73482 25137 105700
127242 140309 149457
149457 127242 140309
140309 127242 149457
110019 67401 147046
147046 67401 110019
67401 110019 147046
15038 43065 46539
43065 15038 46539
46539 15038 43065
70722 22093 42798
22093 42798 70722
42798 22093 70722
192 21646 107007
21646 192 107007
107007 192 21646
88546 8558 83387
8558 83387 88546
83387 8558 88546
128127 83671 115497
83671 115497 128127
115497 83671 128127
110708 68502 141913
141913 68502 110708
68502 110708 141913
48082 35943 53735
53735 35943 48082
35943 48082 53735
77326 25639 62132
62132 25639 77326
25639 62132 77326
14429 6466 52880
6466 14429 52880
52880 6466 14429
15136 22285 68200
68200 15136 22285
22285 15136 68200
140763 36344 86691
86691 36344 140763
36344 86691 140763
99122 94598 138434
94598 99122 138434
138434 94598 99122
78367 12650 66822
12650 66822 78367
66822 12650 78367
28542 5803 131315
5803 28542 131315
131315 5803 28542
99776 97358 129596
97358 99776 129596
129596 97358 99776
98974 74729 111337
111337 74729 98974
74729 98974 111337
33768 30070 58529
30070 33768 58529
58529 30070 33768
84673 44439 90774
90774 44439 84673
44439 84673 90774
33474 22041 77992
77992 22041 33474
22041 33474 77992
60108 7814 92078
7814 60108 92078
92078 7814 60108
106277 9574 106892
106892 9574 106277
9574 106277 106892
53135 76489 129775
129775 53135 76489
76489 53135 129775
80701 33237 71862
71862 33237 80701
33237 71862 80701
121295 17587 139188
139188 17587 121295
17587 121295 139188
101949 35990 79901
79901 35990 101949
35990 79901 101949
16555 81095 135448
135448 16555 81095
81095 16555 135448
1847 11097 84850
11097 1847 84850
84850 1847 11097
129300 16687 107530
16687 107530 129300
107530 16687 129300
96752 73635 119734
119734 73635 96752
73635 96752 119734
133978 78185 138766
138766 78185 133978
78185 133978 138766
43490 10248 41202
10248 41202 43490
41202 10248 43490
101365 19247 82663
82663 19247 101365
19247 82663 101365
70453 93932 148123
93932 70453 148123
148123 70453 93932
123274 99265 110912
99265 110912 123274
110912 99265 123274
6537 52954 56272
52954 6537 56272
56272 6537 52954
31666 16980 70062
16980 31666 70062
70062 16980 31666
25333 41239 96029
96029 25333 41239
41239 25333 96029
92465 36698 38751
36698 38751 92465
38751 36698 92465
13430 20865 55730
55730 13430 20865
20865 13430 55730
94641 77670 135617
77670 94641 135617
135617 77670 94641
6657 83162 111464
111464 6657 83162
83162 6657 111464
118463 5921 53148
5921 53148 118463
53148 5921 118463
21147 66956 144477
144477 21147 66956
66956 21147 144477
71648 108062 118722
118722 71648 108062
108062 71648 118722
49473 35721 121257
35721 49473 121257
121257 35721 49473
84545 79559 117601
79559 84545 117601
117601 79559 84545
107905 48366 104955
48366 104955 107905
104955 48366 107905
61778 18835 24236
24236 18835 61778
18835 24236 61778
7215 72231 105452
