7394 4990 10268
10268 4990 7394
4990 7394 10268
2942 5271 8190
5271 2942 8190
8190 2942 5271
7007 6542 7181
6542 7007 7181
7181 6542 7007
13871 721 9630
9630 721 13871
721 9630 13871
5226 4485 12018
4485 5226 12018
12018 4485 5226
12163 10114 12152
10114 12152 12163
12152 10114 12163
2744 3645 6678
3645 2744 6678
6678 2744 3645
12408 786 7841
7841 786 12408
786 7841 12408
1655 1329 13003
13003 1329 1655
1329 1655 13003
11537 13231 13464
13231 11537 13464
13464 11537 13231
560 5756 6278
6278 560 5756
5756 560 6278
1569 2140 4538
4538 1569 2140
2140 1569 4538
1170 1492 13250
1492 1170 13250
13250 1170 1492
1239 6964 11256
6964 1239 11256
11256 1239 6964
13225 10524 10723
10723 10524 13225
10524 10723 13225
7481 8095 13350
8095 7481 13350
13350 7481 8095
7425 10414 13346
10414 7425 13346
13346 7425 10414
4928 1272 3401
3401 1272 4928
1272 3401 4928
4481 1959 3856
1959 3856 4481
3856 1959 4481
10214 3423 12825
12825 3423 10214
3423 10214 12825
5535 5160 11613
5160 5535 11613
11613 5160 5535
9492 7628 11268
7628 9492 11268
11268 7628 9492
5543 81 5526
81 5526 5543
5526 81 5543
1770 3129 10848
10848 1770 3129
3129 1770 10848
9545 11320 11680
11320 9545 11680
11680 9545 11320
13395 784 2958
784 2958 13395
2958 784 13395
4603 6384 12371
6384 4603 12371
12371 4603 6384
14877 616 6193
616 6193 14877
6193 616 14877
7715 7487 9728
9728 7487 7715
7487 7715 9728
4935 5716 7977
7977 4935 5716
5716 4935 7977
3969 3171 4646
3171 3969 4646
4646 3171 3969
3974 1754 12043
12043 1754 3974
1754 3974 12043
2204 3246 9996
9996 2204 3246
3246 2204 9996
8314 3475 8122
8122 3475 8314
3475 8122 8314
14089 12328 13459
13459 12328 14089
12328 13459 14089
13378 4709 14864
14864 4709 13378
4709 13378 14864
1462 2926 8183
8183 1462 2926
2926 1462 8183
6117 4460 12558
12558 4460 6117
4460 6117 12558
13763 2706 4727
4727 2706 13763
2706 4727 13763
4463 3107 5078
3107 4463 5078
5078 3107 4463
5459 6620 13407
6620 5459 13407
13407 5459 6620
9169 4098 5681
4098 5681 9169
5681 4098 9169
9317 2058 7832
2058 7832 9317
7832 2058 9317
12983 5572 8848
8848 5572 12983
5572 8848 12983
8077 4179 14032
4179 8077 14032
14032 4179 8077
5549 7218 7643
7643 5549 7218
7218 5549 7643
1690 5571 7551
7551 1690 5571
5571 1690 7551
6056 7200 10703
10703 6056 7200
7200 6056 10703
8518 13630 13729
13630 8518 13729
13729 8518 13630
9859 1420 6228
1420 6228 9859
6228 1420 9859
11143 2649 7464
7464 2649 11143
2649 7464 11143
7256 3389 7124
3389 7124 7256
7124 3389 7256
325 11709 14502
14502 325 11709
11709 325 14502
10579 6220 7825
6220 7825 10579
7825 6220 10579
2779 7250 14618
7250 2779 14618
14618 2779 7250
1199 830 7302
830 1199 7302
7302 830 1199
7202 7369 8772
8772 7202 7369
7369 7202 8772
5194 8363 14220
14220 5194 8363
8363 5194 14220
9168 7652 12594
7652 9168 12594
12594 7652 9168
4012 4032 14080
4032 4012 14080
14080 4012 4032
9249 12433 13798
12433 9249 13798
13798 9249 12433
9102 281 412
412 281 9102
281 412 9102
10598 8557 13042
13042 8557 10598
8557 10598 13042
7733 2759 9961
2759 7733 9961
9961 2759 7733
1203 896 11401
11401 896 1203
896 1203 11401
1692 2295 12622
2295 1692 12622
12622 1692 2295
5117 776 11219
776 5117 11219
11219 776 5117
4955 4 9093
9093 4 4955
4 4955 9093
2291 3216 6930
6930 2291 3216
3216 2291 6930
4915 2110 7059
7059 2110 4915
2110 4915 7059
3060 2693 4602
4602 2693 3060
2693 3060 4602
11642 1597 1783
1597 1783 11642
1783 1597 11642
1421 1428 5334
5334 1421 1428
1428 1421 5334
14529 9113 12437
9113 12437 14529
12437 9113 14529
5131 5338 11702
5338 5131 11702
11702 5131 5338
1842 1612 13793
1612 1842 13793
13793 1612 1842
2803 11023 14350
14350 2803 11023
11023 2803 14350
10440 3199 13719
13719 3199 10440
3199 10440 13719
14099 2315 14295
2315 14099 14295
14295 2315 14099
7278 7900 8627
8627 7278 7900
7900 7278 8627
6325 5437 10574
5437 6325 10574
10574 5437 6325
8942 1990 5783
1990 5783 8942
5783 1990 8942
8500 5538 13554
13554 5538 8500
5538 8500 13554
10932 6839 9765
6839 9765 10932
9765 6839 10932
5366 2421 14166
2421 5366 14166
14166 2421 5366
1139 2499 12331
12331 1139 2499
2499 1139 12331
2239 4462 11379
4462 2239 11379
11379 2239 4462
12350 7294 7559
7559 7294 12350
7294 7559 12350
11786 3445 7316
7316 3445 11786
3445 7316 11786
10082 8048 10929
8048 10082 10929
10929 8048 10082
2718 4088 10471
4088 2718 10471
10471 2718 4088
9672 11065 14994
11065 9672 14994
14994 9672 11065
4468 12452 13908
12452 4468 13908
13908 4468 12452
12349 572 9001
572 9001 12349
9001 572 12349
7845 260 6582
260 6582 7845
6582 260 7845
4045 2276 14435
2276 4045 14435
14435 2276 4045
5185 1814 11166
11166 1814 5185
1814 5185 11166
10859 10117 14781
14781 10117 10859
10117 10859 14781
5888 4826 9852
4826 5888 9852
9852 4826 5888
8274 10543 10797
10543 8274 10797
10797 8274 10543
5980 7027 14371
7027 5980 14371
14371 5980 7027
5074 6153 9548
6153 5074 9548
9548 5074 6153
12868 5740 9899
5740 9899 12868
9899 5740 12868
247 2627 10705
2627 247 10705
10705 247 2627
6143 10162 13699
13699 6143 10162
10162 6143 13699
9047 10206 11487
11487 9047 10206
10206 9047 11487
9511 3907 14607
3907 9511 14607
14607 3907 9511
9800 1303 11651
11651 1303 9800
1303 9800 11651
14894 888 11387
11387 888 14894
888 11387 14894
7688 399 8520
8520 399 7688
399 7688 8520
1463 1488 3809
1488 1463 3809
3809 1463 1488
13136 4918 13649
13649 4918 13136
4918 13136 13649
13993 7844 10510
10510 7844 13993
7844 10510 13993
858 10801 13375
10801 858 13375
13375 858 10801
6849 3377 4259
3377 4259 6849
4259 3377 6849
6813 111 13347
111 6813 13347
13347 111 6813
13773 5617 12603
5617 12603 13773
12603 5617 13773
13953 942 1854
942 1854 13953
1854 942 13953
13826 8156 11308
11308 8156 13826
8156 11308 13826
70 1128 2792
1128 70 2792
2792 70 1128
5135 2525 5801
2525 5135 5801
5801 2525 5135
6782 3013 4802
4802 3013 6782
3013 4802 6782
14738 8084 13046
13046 8084 14738
8084 13046 14738
14918 2560 12832
12832 2560 14918
2560 12832 14918
6038 1037 5918
5918 1037 6038
1037 5918 6038
2726 6606 9947
6606 2726 9947
9947 2726 6606
5151 7740 8813
8813 5151 7740
7740 5151 8813
205 2025 4368
2025 205 4368
4368 205 2025
12520 674 2358
674 2358 12520
2358 674 12520
4390 5373 8120
5373 4390 8120
8120 4390 5373
7090 6366 8545
6366 7090 8545
8545 6366 7090
8896 223 12364
223 8896 12364
12364 223 8896
12818 7123 12899
7123 12818 12899
12899 7123 12818
2783 12751 12897
12897 2783 12751
12751 2783 12897
5717 9664 14116
14116 5717 9664
9664 5717 14116
9801 567 12092
12092 567 9801
567 9801 12092
9840 409 13929
13929 409 9840
409 9840 13929
13344 9034 13687
13687 9034 13344
9034 13344 13687
2121 3543 9269
9269 2121 3543
3543 2121 9269
10077 2710 12918
2710 10077 12918
12918 2710 10077
2414 165 4689
165 2414 4689
4689 165 2414
7621 12980 13097
12980 7621 13097
13097 7621 12980
8414 4877 7020
7020 4877 8414
4877 7020 8414
3221 1173 12257
1173 3221 12257
12257 1173 3221
10028 5845 9334
9334 5845 10028
5845 9334 10028
7686 5902 13888
5902 7686 13888
13888 5902 7686
10700 902 11669
902 10700 11669
11669 902 10700
9670 10335 11380
10335 9670 11380
11380 9670 10335
12276 2946 13803
2946 12276 13803
13803 2946 12276
13596 2034 6206
6206 2034 13596
2034 6206 13596
4899 1693 7391
7391 1693 4899
1693 4899 7391
10032 6857 10657
10657 6857 10032
6857 10032 10657
13005 5125 9945
5125 9945 13005
9945 5125 13005
484 556 10052
10052 484 556
556 484 10052
9134 1224 8625
8625 1224 9134
1224 8625 9134
8355 4658 12386
4658 8355 12386
12386 4658 8355
8357 2090 7445
2090 7445 8357
7445 2090 8357
13656 1684 10066
1684 10066 13656
10066 1684 13656
10416 7002 11919
7002 10416 11919
11919 7002 10416
6204 415 13017
415 6204 13017
13017 415 6204
5073 3282 8642
3282 5073 8642
8642 3282 5073
1605 2784 11479
2784 1605 11479
11479 1605 2784
14322 11668 14330
14330 11668 14322
11668 14322 14330
1610 2665 14991
14991 1610 2665
2665 1610 14991
5673 12502 14731
14731 5673 12502
12502 5673 14731
9291 5825 10349
5825 9291 10349
10349 5825 9291
10841 8536 8584
8584 8536 10841
8536 8584 10841
926 9788 11052
9788 926 11052
11052 926 9788
11386 3454 14932
3454 11386 14932
14932 3454 11386
2080 470 3860
3860 470 2080
470 2080 3860
604 1869 2031
1869 604 2031
2031 604 1869
1005 2534 14655
14655 1005 2534
2534 1005 14655
2428 4089 5731
5731 2428 4089
4089 2428 5731
12519 369 1366
1366 369 12519
369 1366 12519
12940 8345 10185
10185 8345 12940
8345 10185 12940
11752 72 14524
14524 72 11752
72 11752 14524
4013 4187 4805
4805 4013 4187
4187 4013 4805
14280 10009 13818
13818 10009 14280
10009 13818 14280
6940 7792 10786
7792 6940 10786
10786 6940 7792
8297 8880 11457
11457 8297 8880
8880 8297 11457
13473 10341 12380
12380 10341 13473
10341 12380 13473
10995 9767 13458
13458 9767 10995
9767 10995 13458
4224 2468 8980
8980 2468 4224
2468 4224 8980
6547 8590 12749
12749 6547 8590
8590 6547 12749
14586 4219 11901
4219 11901 14586
11901 4219 14586
7392 8634 13429
8634 7392 13429
13429 7392 8634
12970 5915 10518
10518 5915 12970
5915 10518 12970
2195 2588 13220
13220 2195 2588
2588 2195 13220
4211 7289 11684
11684 4211 7289
7289 4211 11684
8681 2216 11029
2216 8681 11029
11029 2216 8681
9558 8174 10197
10197 8174 9558
8174 9558 10197
2989 1036 8725
8725 1036 2989
1036 2989 8725
198 1368 1941
1941 198 1368
1368 198 1941
9816 6190 10045
10045 6190 9816
6190 9816 10045
14573 2899 5958
2899 5958 14573
5958 2899 14573
7658 10916 11388
10916 7658 11388
11388 7658 10916
7416 122 11530
122 7416 11530
11530 122 7416
14332 1945 10474
1945 10474 14332
10474 1945 14332
14976 7794 12287
7794 12287 14976
12287 7794 14976
3070 2017 13212
2017 3070 13212
13212 2017 3070
1840 4172 8060
4172 1840 8060
8060 1840 4172
3160 6526 13514
13514 3160 6526
6526 3160 13514
8223 1796 7087
7087 1796 8223
1796 7087 8223
11675 3298 5750
5750 3298 11675
3298 5750 11675
7283 6598 7758
7758 6598 7283
6598 7283 7758
550 2834 6455
6455 550 2834
2834 550 6455
7903 1250 13430
1250 7903 13430
13430 1250 7903
12531 5835 12088
12088 5835 12531
5835 12088 12531
10569 6982 12191
6982 10569 12191
12191 6982 10569
1180 8947 10092
10092 1180 8947
8947 1180 10092
8576 10057 12145
12145 8576 10057
10057 8576 12145
1350 1967 7335
1967 1350 7335
7335 1350 1967
3650 6811 10100
10100 3650 6811
6811 3650 10100
11780 12458 13484
12458 11780 13484
13484 11780 12458
12066 7703 13241
7703 12066 13241
13241 7703 12066
12864 1075 1958
1075 1958 12864
1958 1075 12864
14474 8531 13875
8531 13875 14474
13875 8531 14474
10333 4717 9519
9519 4717 10333
4717 9519 10333
548 8250 9937
8250 548 9937
9937 548 8250
4765 7868 10156
7868 4765 10156
10156 4765 7868
1394 7549 12281
7549 1394 12281
12281 1394 7549
11085 4944 13629
13629 4944 11085
4944 11085 13629
9438 1856 7107
1856 7107 9438
7107 1856 9438
7591 1832 12485
1832 7591 12485
12485 1832 7591
11323 2173 11032
11032 2173 11323
2173 11032 11323
12842 11007 14910
14910 11007 12842
11007 12842 14910
13285 4475 7714
7714 4475 13285
4475 7714 13285
11731 11051 11889
11051 11731 11889
11889 11051 11731
7618 6213 12844
12844 6213 7618
6213 7618 12844
9175 9347 13706
13706 9175 9347
9347 9175 13706
10201 7747 11025
11025 7747 10201
7747 10201 11025
5865 8131 10000
8131 5865 10000
10000 5865 8131
8691 8308 8348
8348 8308 8691
8308 8348 8691
1927 6935 12397
6935 1927 12397
12397 1927 6935
6408 3175 5145
3175 5145 6408
5145 3175 6408
9452 669 6302
6302 669 9452
669 6302 9452
6065 3694 6203
6203 3694 6065
3694 6065 6203
14405 2328 9999
2328 9999 14405
9999 2328 14405
10129 6549 8716
6549 8716 10129
8716 6549 10129
14595 9083 11135
11135 9083 14595
9083 11135 14595
7118 1147 6450
6450 1147 7118
1147 6450 7118
1588 7143 12262
7143 1588 12262
12262 1588 7143
4061 4642 12324
12324 4061 4642
4642 4061 12324
13116 1493 5513
1493 5513 13116
5513 1493 13116
5089 1039 3686
3686 1039 5089
1039 3686 5089
6812 9622 10273
9622 6812 10273
10273 6812 9622
13771 4513 12740
4513 12740 13771
12740 4513 13771
1231 2410 3667
2410 1231 3667
3667 1231 2410
10484 5798 11306
5798 10484 11306
11306 5798 10484
14441 6044 12590
12590 6044 14441
6044 12590 14441
1730 13631 14042
13631 1730 14042
14042 1730 13631
11499 4188 10291
4188 10291 11499
10291 4188 11499
3579 9571 11915
9571 3579 11915
11915 3579 9571
6402 6007 12784
6007 6402 12784
12784 6007 6402
726 2279 8148
2279 726 8148
8148 726 2279
11891 2186 14363
2186 11891 14363
14363 2186 11891
9066 5476 13714
13714 5476 9066
5476 9066 13714
6862 116 14040
14040 116 6862
116 6862 14040
1193 12008 12563
12563 1193 12008
12008 1193 12563
11960 2397 5447
2397 5447 11960
5447 2397 11960
9838 12188 13170
12188 9838 13170
13170 9838 12188
6514 11502 13337
13337 6514 11502
11502 6514 13337
8317 147 1975
147 1975 8317
1975 147 8317
3478 1830 12559
12559 1830 3478
1830 3478 12559
3696 2019 6371
6371 2019 3696
2019 3696 6371
7864 8528 12769
8528 7864 12769
12769 7864 8528
5072 1533 14336
1533 5072 14336
14336 1533 5072
6255 12863 13268
12863 6255 13268
13268 6255 12863
13056 938 6239
938 6239 13056
6239 938 13056
7115 6779 14823
14823 6779 7115
6779 7115 14823
3834 7167 8834
8834 3834 7167
7167 3834 8834
10704 8137 12211
8137 10704 12211
12211 8137 10704
13114 4606 5818
4606 5818 13114
5818 4606 13114
1244 236 2277
236 1244 2277
2277 236 1244
3173 3769 9760
3769 3173 9760
9760 3173 3769
10711 3539 10946
10946 3539 10711
3539 10711 10946
9649 9046 12572
9046 9649 12572
12572 9046 9649
313 9401 12443
12443 313 9401
9401 313 12443
4712 959 4900
4900 959 4712
959 4712 4900
9635 1969 4673
1969 4673 9635
4673 1969 9635
13491 599 13523
13523 599 13491
599 13491 13523
845 12843 13461
13461 845 12843
12843 845 13461
14950 1799 2219
1799 2219 14950
2219 1799 14950
3503 11575 13031
11575 3503 13031
13031 3503 11575
9331 9416 11106
9416 9331 11106
11106 9331 9416
14141 3026 9785
3026 9785 14141
9785 3026 14141
7639 3434 4037
4037 3434 7639
3434 4037 7639
8403 4685 14459
14459 4685 8403
4685 8403 14459
12225 7462 11068
7462 11068 12225
11068 7462 12225
11609 1843 6698
6698 1843 11609
1843 6698 11609
4535 844 1683
1683 844 4535
844 1683 4535
6247 4730 8377
8377 4730 6247
4730 6247 8377
2164 1166 10340
10340 1166 2164
1166 2164 10340
5152 4524 12468
12468 4524 5152
4524 5152 12468
341 5275 6045
6045 341 5275
5275 341 6045
3906 10523 11425
11425 3906 10523
10523 3906 11425
4479 193 9496
193 4479 9496
9496 193 4479
5813 11160 13603
13603 5813 11160
11160 5813 13603
1062 11432 12245
11432 1062 12245
12245 1062 11432
7638 2314 9923
2314 7638 9923
9923 2314 7638
2709 3339 11131
11131 2709 3339
3339 2709 11131
14828 261 1753
1753 261 14828
261 1753 14828
14602 2035 4871
4871 2035 14602
2035 4871 14602
5215 4680 5986
4680 5215 5986
5986 4680 5215
10618 2853 13702
13702 2853 10618
2853 10618 13702
4236 12926 13413
12926 4236 13413
13413 4236 12926
14418 10897 14300
14300 10897 14418
10897 14300 14418
1341 12956 13405
13405 1341 12956
12956 1341 13405
7955 3252 13180
3252 7955 13180
13180 3252 7955
11490 9202 12087
9202 11490 12087
12087 9202 11490
5466 7656 12406
12406 5466 7656
7656 5466 12406
387 8940 14848
8940 387 14848
14848 387 8940
14752 5075 7702
5075 7702 14752
7702 5075 14752
7502 972 11882
11882 972 7502
972 7502 11882
9913 6482 7736
6482 7736 9913
7736 6482 9913
9164 1415 2800
1415 2800 9164
2800 1415 9164
455 7101 9617
7101 455 9617
9617 455 7101
13172 1279 3839
3839 1279 13172
1279 3839 13172
8509 6345 7503
7503 6345 8509
6345 7503 8509
1998 2012 12272
12272 1998 2012
2012 1998 12272
14600 1824 3177
3177 1824 14600
1824 3177 14600
1678 8115 9503
8115 1678 9503
9503 1678 8115
9967 6405 9266
6405 9266 9967
9266 6405 9967
14341 2725 3810
3810 2725 14341
2725 3810 14341
10330 3926 8842
3926 8842 10330
8842 3926 10330
10007 3050 5618
3050 5618 10007
5618 3050 10007
10993 5175 10953
10953 5175 10993
5175 10953 10993
14880 9205 14775
9205 14775 14880
14775 9205 14880
7838 8272 13598
13598 7838 8272
8272 7838 13598
14908 3562 8029
8029 3562 14908
3562 8029 14908
13570 7519 9803
7519 9803 13570
9803 7519 13570
2675 1025 3412
1025 2675 3412
3412 1025 2675
11198 4091 14682
4091 11198 14682
14682 4091 11198
4383 1282 3604
3604 1282 4383
1282 3604 4383
12712 6909 13808
13808 6909 12712
6909 12712 13808
12736 8107 13333
13333 8107 12736
8107 12736 13333
10083 3740 7389
7389 3740 10083
3740 7389 10083
5430 3893 7114
3893 5430 7114
7114 3893 5430
13110 24 6538
6538 24 13110
24 6538 13110
539 1041 14854
1041 539 14854
14854 539 1041
10718 2481 13360
13360 2481 10718
2481 10718 13360
14538 1907 14117
14117 1907 14538
1907 14117 14538
14815 2055 8491
8491 2055 14815
2055 8491 14815
204 668 5583
668 204 5583
5583 204 668
4499 7183 13404
13404 4499 7183
7183 4499 13404
4143 6810 13462
13462 4143 6810
6810 4143 13462
9433 7516 11369
11369 7516 9433
7516 9433 11369
14228 1127 4382
4382 1127 14228
1127 4382 14228
13902 2549 7843
2549 7843 13902
7843 2549 13902
7783 1966 4650
4650 1966 7783
1966 4650 7783
14028 944 13165
13165 944 14028
944 13165 14028
8483 353 3995
353 3995 8483
3995 353 8483
13850 13160 13840
13840 13160 13850
13160 13840 13850
10728 5049 8932
5049 8932 10728
8932 5049 10728
10682 5582 8662
8662 5582 10682
5582 8662 10682
6980 934 8696
8696 934 6980
934 6980 8696
11645 2130 13700
2130 11645 13700
13700 2130 11645
11705 4821 9023
4821 9023 11705
9023 4821 11705
10490 278 13485
13485 278 10490
278 10490 13485
1939 6339 13732
6339 1939 13732
13732 1939 6339
979 7742 14130
7742 979 14130
14130 979 7742
10204 2558 11012
11012 2558 10204
2558 10204 11012
12172 2690 3235
3235 2690 12172
2690 3235 12172
88 7417 13265
13265 88 7417
7417 88 13265
5788 3104 4584
4584 3104 5788
3104 4584 5788
13682 3978 12296
3978 12296 13682
12296 3978 13682
2886 6437 12053
12053 2886 6437
6437 2886 12053
13738 2116 6850
2116 6850 13738
6850 2116 13738
1102 8624 14940
8624 1102 14940
14940 1102 8624
7427 2798 3040
2798 3040 7427
3040 2798 7427
1107 2436 8803
8803 1107 2436
2436 1107 8803
11836 7046 13746
7046 11836 13746
13746 7046 11836
6139 2062 5762
2062 5762 6139
5762 2062 6139
14852 6297 8910
8910 6297 14852
6297 8910 14852
7307 6487 11374
6487 7307 11374
11374 6487 7307
9244 9893 14425
9893 9244 14425
14425 9244 9893
12274 9260 12725
12725 9260 12274
9260 12274 12725
11806 4570 11801
4570 11801 11806
11801 4570 11806
9698 1794 14287
14287 1794 9698
1794 9698 14287
1925 2936 12078
2936 1925 12078
12078 1925 2936
11517 115 13859
115 11517 13859
13859 115 11517
7528 9326 14282
9326 7528 14282
14282 7528 9326
14801 3012 6185
6185 3012 14801
3012 6185 14801
2931 6431 9676
6431 2931 9676
9676 2931 6431
14044 4338 8995
4338 8995 14044
8995 4338 14044
13479 1893 3496
3496 1893 13479
1893 3496 13479
10676 3197 13853
3197 10676 13853
13853 3197 10676
3219 4200 14136
4200 3219 14136
14136 3219 4200
8170 9607 14369
9607 8170 14369
14369 8170 9607
4002 441 1431
441 1431 4002
1431 441 4002
11866 1611 8269
8269 1611 11866
1611 8269 11866
921 3837 8073
8073 921 3837
3837 921 8073
7357 301 1587
1587 301 7357
301 1587 7357
5084 6498 13331
13331 5084 6498
6498 5084 13331
4956 5386 13256
13256 4956 5386
5386 4956 13256
10753 2182 12685
12685 2182 10753
2182 10753 12685
4607 4819 14316
14316 4607 4819
4819 4607 14316
14497 9078 14989
14989 9078 14497
9078 14497 14989
7096 5245 5976
5245 5976 7096
5976 5245 7096
3677 12420 12937
12420 3677 12937
12937 3677 12420
3900 5341 9710
9710 3900 5341
5341 3900 9710
10692 2505 8610
8610 2505 10692
2505 8610 10692
8753 2580 3731
2580 3731 8753
3731 2580 8753
6510 4781 8541
4781 6510 8541
8541 4781 6510
14159 8204 8651
8204 8651 14159
8651 8204 14159
9054 12565 14286
14286 9054 12565
12565 9054 14286
6273 1369 3405
1369 3405 6273
3405 1369 6273
803 1759 2708
2708 803 1759
1759 803 2708
8511 5922 7148
5922 7148 8511
7148 5922 8511
7311 3659 14800
3659 7311 14800
14800 3659 7311
14630 4514 6517
4514 6517 14630
6517 4514 14630
9980 4021 4806
4021 4806 9980
4806 4021 9980
6561 4544 7323
7323 4544 6561
4544 6561 7323
13377 4596 9024
9024 4596 13377
4596 9024 13377
4148 11985 14647
14647 4148 11985
11985 4148 14647
4858 5947 14951
14951 4858 5947
5947 4858 14951
9778 1149 1767
1767 1149 9778
1149 1767 9778
13129 10 2593
2593 10 13129
10 2593 13129
1216 11558 13117
11558 1216 13117
13117 1216 11558
4139 1246 7478
7478 1246 4139
1246 4139 7478
12246 13123 14893
13123 12246 14893
14893 12246 13123
11200 3198 8079
3198 8079 11200
8079 3198 11200
11435 4366 7249
4366 7249 11435
7249 4366 11435
2969 6053 7146
6053 2969 7146
7146 2969 6053
1614 10120 13138
10120 1614 13138
13138 1614 10120
11560 7273 13920
7273 11560 13920
13920 7273 11560
2681 2510 6707
6707 2510 2681
2510 2681 6707
1989 1901 10202
10202 1901 1989
1901 1989 10202
5372 10188 10790
10188 5372 10790
10790 5372 10188
6318 3679 13939
13939 3679 6318
3679 6318 13939
8877 9027 13780
13780 8877 9027
9027 8877 13780
2262 2459 9402
9402 2262 2459
2459 2262 9402
8939 9309 10460
9309 8939 10460
10460 8939 9309
3642 8654 9231
9231 3642 8654
8654 3642 9231
3247 1682 7401
1682 3247 7401
7401 1682 3247
7743 10211 10572
10572 7743 10211
10211 7743 10572
13141 6554 14689
14689 6554 13141
6554 13141 14689
7021 5223 11898
5223 7021 11898
11898 5223 7021
14575 3947 6621
6621 3947 14575
3947 6621 14575
2953 967 12783
967 2953 12783
12783 967 2953
2007 6373 7385
6373 2007 7385
7385 2007 6373
3212 4072 5606
4072 3212 5606
5606 3212 4072
4536 2557 4484
2557 4484 4536
4484 2557 4536
4679 10405 12537
10405 4679 12537
12537 4679 10405
5621 4016 14590
4016 5621 14590
14590 4016 5621
8126 3892 15000
3892 8126 15000
15000 3892 8126
14455 11163 11785
11163 11785 14455
11785 11163 14455
14108 11027 14666
14666 11027 14108
11027 14108 14666
8078 8199 10809
10809 8078 8199
8199 8078 10809
8279 5458 6941
6941 5458 8279
5458 6941 8279
7610 3428 8276
8276 3428 7610
3428 7610 8276
1276 2773 11295
11295 1276 2773
2773 1276 11295
7178 12461 14725
12461 7178 14725
14725 7178 12461
10108 338 14960
338 10108 14960
14960 338 10108
3561 1077 1592
1592 1077 3561
1077 1592 3561
3096 6176 8546
8546 3096 6176
6176 3096 8546
7584 1165 3640
1165 3640 7584
3640 1165 7584
2715 12111 13015
12111 2715 13015
13015 2715 12111
12585 7800 12218
7800 12218 12585
12218 7800 12585
5256 5361 12229
5361 5256 12229
12229 5256 5361
13688 4981 6880
6880 4981 13688
4981 6880 13688
11874 9524 13834
9524 11874 13834
13834 9524 11874
6458 10212 14702
10212 6458 14702
14702 6458 10212
13288 9293 10885
9293 10885 13288
10885 9293 13288
2858 105 13292
105 2858 13292
13292 105 2858
10210 416 1726
416 1726 10210
1726 416 10210
4405 208 4961
208 4405 4961
4961 208 4405
4386 1042 12716
12716 1042 4386
1042 4386 12716
3970 2151 7351
2151 3970 7351
7351 2151 3970
11833 1011 9884
1011 9884 11833
9884 1011 11833
2612 3466 7411
7411 2612 3466
3466 2612 7411
3603 2554 3684
3684 2554 3603
2554 3603 3684
4563 11100 13987
13987 4563 11100
11100 4563 13987
618 235 10930
235 618 10930
10930 235 618
2333 11002 13980
11002 2333 13980
13980 2333 11002
4215 10377 13567
10377 4215 13567
13567 4215 10377
12642 9265 9552
9552 9265 12642
9265 9552 12642
1803 8904 11744
8904 1803 11744
11744 1803 8904
2925 8331 11064
11064 2925 8331
8331 2925 11064
5551 141 6689
6689 141 5551
141 5551 6689
12219 5155 12661
5155 12219 12661
12661 5155 12219
7848 8213 9070
8213 7848 9070
9070 7848 8213
11887 1896 9048
1896 9048 11887
9048 1896 11887
9964 9446 9855
9855 9446 9964
9446 9855 9964
12074 575 10552
575 10552 12074
10552 575 12074
6545 8138 10362
10362 6545 8138
8138 6545 10362
14656 12888 13437
12888 13437 14656
13437 12888 14656
696 10509 12627
10509 696 12627
12627 696 10509
10010 1055 12599
12599 1055 10010
1055 10010 12599
14644 8817 10836
8817 10836 14644
10836 8817 14644
13469 7847 8364
7847 8364 13469
8364 7847 13469
1495 1314 9059
1314 1495 9059
9059 1314 1495
13388 13978 14217
14217 13388 13978
13978 13388 14217
9682 28 14306
14306 28 9682
28 9682 14306
5928 10250 14163
14163 5928 10250
10250 5928 14163
9587 3728 13423
3728 9587 13423
13423 3728 9587
14412 6436 14262
6436 14262 14412
14262 6436 14412
2916 6375 11419
11419 2916 6375
6375 2916 11419
8268 3522 13539
13539 3522 8268
3522 8268 13539
12441 5290 8415
5290 8415 12441
8415 5290 12441
11743 12985 14681
12985 11743 14681
14681 11743 12985
3414 6956 7174
7174 3414 6956
6956 3414 7174
3582 6590 13359
13359 3582 6590
6590 3582 13359
3972 3910 13263
13263 3910 3972
3910 3972 13263
7349 3074 5929
3074 5929 7349
5929 3074 7349
12084 8620 14086
8620 12084 14086
14086 8620 12084
768 4660 14762
14762 768 4660
4660 768 14762
13066 125 14289
125 13066 14289
14289 125 13066
14083 2761 4490
2761 4490 14083
4490 2761 14083
6533 13143 14567
14567 6533 13143
13143 6533 14567
5576 13301 14323
13301 5576 14323
14323 5576 13301
14266 7572 13478
13478 7572 14266
7572 13478 14266
3125 5635 8675
5635 3125 8675
8675 3125 5635
5604 11273 12722
12722 5604 11273
11273 5604 12722
9873 1122 1716
1716 1122 9873
1122 1716 9873
14723 5616 14195
5616 14195 14723
14195 5616 14723
9653 7624 14658
7624 9653 14658
14658 7624 9653
13778 1807 5742
5742 1807 13778
1807 5742 13778
7661 3602 7441
7441 3602 7661
3602 7441 7661
3078 787 8929
8929 787 3078
787 3078 8929
9277 6564 7509
7509 6564 9277
6564 7509 9277
7721 881 4931
881 4931 7721
4931 881 7721
3015 3147 11949
3147 3015 11949
11949 3015 3147
12125 106 14370
106 12125 14370
14370 106 12125
3024 3158 9708
9708 3024 3158
3158 3024 9708
4359 6015 7479
6015 4359 7479
7479 4359 6015
6388 5217 10821
5217 6388 10821
10821 5217 6388
13498 8094 12532
12532 8094 13498
8094 12532 13498
10887 292 9539
9539 292 10887
292 9539 10887
6283 6774 7160
6774 6283 7160
7160 6283 6774
2982 4914 8252
4914 2982 8252
8252 2982 4914
4567 6523 9798
6523 4567 9798
9798 4567 6523
3438 7075 9977
9977 3438 7075
7075 3438 9977
4319 10729 14209
10729 4319 14209
14209 4319 10729
14964 9702 14905
9702 14905 14964
14905 9702 14964
2230 3278 6358
3278 2230 6358
6358 2230 3278
10407 3491 14400
14400 3491 10407
3491 10407 14400
7129 13156 14812
13156 7129 14812
14812 7129 13156
6684 5667 5857
5667 5857 6684
5857 5667 6684
10869 382 10587
382 10587 10869
10587 382 10869
3126 5943 11222
5943 3126 11222
11222 3126 5943
6656 7995 13386
13386 6656 7995
7995 6656 13386
5539 4870 11467
4870 5539 11467
11467 4870 5539
11148 6830 10784
10784 6830 11148
6830 10784 11148
2391 2526 10086
2526 2391 10086
10086 2391 2526
537 10602 12517
10602 537 12517
12517 537 10602
6643 7350 8409
8409 6643 7350
7350 6643 8409
13105 1620 10001
10001 1620 13105
1620 10001 13105
11503 612 1673
612 1673 11503
1673 612 11503
2006 2185 13433
2185 2006 13433
13433 2006 2185
12894 1622 7122
7122 1622 12894
1622 7122 12894
14147 1838 9927
9927 1838 14147
1838 9927 14147
7805 2578 9440
2578 7805 9440
9440 2578 7805
10316 3552 11141
3552 10316 11141
11141 3552 10316
4713 4433 5668
5668 4433 4713
4433 4713 5668
1904 4406 14409
4406 1904 14409
14409 1904 4406
11803 2522 6737
6737 2522 11803
2522 6737 11803
5365 512 7782
512 5365 7782
7782 512 5365
9544 4545 12001
4545 9544 12001
12001 4545 9544
13144 213 6557
6557 213 13144
213 6557 13144
10904 5607 14416
5607 10904 14416
14416 5607 10904
1425 4898 12184
4898 1425 12184
12184 1425 4898
143 3713 9279
9279 143 3713
3713 143 9279
8010 12792 14842
14842 8010 12792
12792 8010 14842
4528 3577 3968
3968 3577 4528
3577 3968 4528
6512 773 10043
10043 773 6512
773 6512 10043
6084 4457 13019
13019 4457 6084
4457 6084 13019
4028 1968 10426
1968 4028 10426
10426 1968 4028
3952 6296 7884
7884 3952 6296
6296 3952 7884
3662 2640 6261
6261 2640 3662
2640 3662 6261
7390 3086 7511
7511 3086 7390
3086 7390 7511
3411 2683 6699
6699 2683 3411
2683 3411 6699
6646 611 13326
13326 611 6646
611 6646 13326
12952 6499 13787
13787 6499 12952
6499 12952 13787
6468 662 9171
9171 662 6468
662 6468 9171
8989 8667 14382
8667 8989 14382
14382 8667 8989
290 2802 9344
9344 290 2802
2802 290 9344
3664 7613 9567
9567 3664 7613
7613 3664 9567
8490 3697 10756
3697 8490 10756
10756 3697 8490
8154 2954 11993
11993 2954 8154
2954 8154 11993
11126 10941 13781
10941 11126 13781
13781 10941 11126
6501 10893 12836
10893 6501 12836
12836 6501 10893
9403 834 2917
2917 834 9403
834 2917 9403
13694 2242 6219
2242 6219 13694
6219 2242 13694
3256 1499 7631
7631 1499 3256
1499 3256 7631
7813 4521 9165
9165 4521 7813
4521 7813 9165
628 12610 14309
14309 628 12610
12610 628 14309
7679 3887 9480
9480 3887 7679
3887 7679 9480
6040 3283 3828
3828 3283 6040
3283 3828 6040
2922 3716 12232
12232 2922 3716
3716 2922 12232
11713 7795 13210
7795 11713 13210
13210 7795 11713
8406 3751 10353
3751 8406 10353
10353 3751 8406
10850 586 9313
586 9313 10850
9313 586 10850
11165 8827 11093
8827 11093 11165
11093 8827 11165
12168 3754 5674
3754 5674 12168
5674 3754 12168
14404 426 626
426 626 14404
626 426 14404
3220 7343 9871
9871 3220 7343
7343 3220 9871
2147 8796 9671
8796 2147 9671
9671 2147 8796
14579 5906 6677
5906 6677 14579
6677 5906 14579
7051 10822 13273
13273 7051 10822
10822 7051 13273
2404 13079 14662
13079 2404 14662
14662 2404 13079
4756 8795 13348
13348 4756 8795
8795 4756 13348
1090 9295 13115
13115 1090 9295
9295 1090 13115
13372 6834 7187
6834 7187 13372
7187 6834 13372
6921 2324 11927
11927 2324 6921
2324 6921 11927
169 8356 12439
8356 169 12439
12439 169 8356
8323 5711 9665
9665 5711 8323
5711 8323 9665
14741 4375 8763
4375 8763 14741
8763 4375 14741
6717 5910 6225
5910 6225 6717
6225 5910 6717
8399 2074 3119
2074 3119 8399
3119 2074 8399
8307 1379 14625
14625 1379 8307
1379 8307 14625
11354 4001 11437
11437 4001 11354
4001 11354 11437
10433 4389 9455
9455 4389 10433
4389 9455 10433
6795 9368 11385
9368 6795 11385
11385 6795 9368
7676 3850 14886
3850 7676 14886
14886 3850 7676
13194 2860 13647
13647 2860 13194
2860 13194 13647
12199 3668 5810
5810 3668 12199
3668 5810 12199
6612 1554 11194
1554 6612 11194
11194 1554 6612
1377 1572 6320
1572 1377 6320
6320 1377 1572
7219 1130 3876
3876 1130 7219
1130 3876 7219
11865 2731 6768
2731 6768 11865
6768 2731 11865
13495 641 3889
641 3889 13495
3889 641 13495
3436 495 1934
495 1934 3436
1934 495 3436
14653 4854 7731
4854 7731 14653
7731 4854 14653
10103 5509 11953
11953 5509 10103
5509 10103 11953
4742 1559 8262
1559 4742 8262
8262 1559 4742
12028 5140 12939
12939 5140 12028
5140 12028 12939
8677 1392 5363
1392 5363 8677
5363 1392 8677
6842 6102 12629
12629 6102 6842
6102 6842 12629
9783 13064 14019
13064 9783 14019
14019 9783 13064
12149 10511 12293
12293 10511 12149
10511 12149 12293
14601 1226 3341
3341 1226 14601
1226 3341 14601
14183 1650 10097
1650 10097 14183
10097 1650 14183
2327 8517 9826
9826 2327 8517
8517 2327 9826
10590 2028 12202
2028 10590 12202
12202 2028 10590
9761 5330 13999
5330 9761 13999
13999 5330 9761
3526 10236 14561
10236 3526 14561
14561 3526 10236
2373 1439 13271
13271 1439 2373
1439 2373 13271
10218 3483 6441
6441 3483 10218
3483 6441 10218
2201 9513 13562
9513 2201 13562
13562 2201 9513
346 2198 5383
2198 346 5383
5383 346 2198
5749 4585 8127
4585 5749 8127
8127 4585 5749
3874 2118 12761
12761 2118 3874
2118 3874 12761
9709 6790 14996
14996 6790 9709
6790 9709 14996
391 9554 11241
11241 391 9554
9554 391 11241
3985 4565 13526
13526 3985 4565
4565 3985 13526
14819 14305 14358
14305 14358 14819
14358 14305 14819
13673 10872 11722
11722 10872 13673
10872 11722 13673
4864 878 14846
878 4864 14846
14846 878 4864
3143 3938 14327
3938 3143 14327
14327 3143 3938
10325 6051 12526
6051 10325 12526
12526 6051 10325
5006 2429 4478
4478 2429 5006
2429 4478 5006
4422 2231 10013
10013 2231 4422
2231 4422 10013
4611 367 3320
367 3320 4611
3320 367 4611
11646 1658 13223
1658 11646 13223
13223 1658 11646
1114 1182 14290
1182 1114 14290
14290 1114 1182
7072 2780 9794
9794 2780 7072
2780 7072 9794
2394 11311 13444
11311 2394 13444
13444 2394 11311
683 2033 9731
9731 683 2033
2033 683 9731
2590 4671 6548
4671 2590 6548
6548 2590 4671
14510 3765 13645
13645 3765 14510
3765 13645 14510
13516 12466 14958
12466 13516 14958
14958 12466 13516
7890 3418 14485
3418 7890 14485
14485 3418 7890
5288 3421 11617
3421 5288 11617
11617 3421 5288
1113 3921 11197
11197 1113 3921
3921 1113 11197
5329 344 14423
14423 344 5329
344 5329 14423
11644 4868 14364
4868 11644 14364
14364 4868 11644
6189 10931 12289
12289 6189 10931
10931 6189 12289
4582 10158 10503
10158 4582 10503
10503 4582 10158
12082 8783 8787
8787 8783 12082
8783 8787 12082
3032 4193 10261
10261 3032 4193
4193 3032 10261
977 11677 12267
11677 977 12267
12267 977 11677
4446 10443 11562
10443 4446 11562
11562 4446 10443
2425 12100 14329
12100 2425 14329
14329 2425 12100
3409 7332 8930
8930 3409 7332
7332 3409 8930
5585 2871 8740
8740 2871 5585
2871 5585 8740
10054 4320 13597
4320 10054 13597
13597 4320 10054
536 6175 9439
6175 536 9439
9439 536 6175
7447 2336 8185
2336 7447 8185
8185 2336 7447
4038 6731 6787
6731 4038 6787
6787 4038 6731
5302 5993 9278
5993 5302 9278
9278 5302 5993
9516 7947 10695
10695 7947 9516
7947 9516 10695
11924 5661 13503
13503 5661 11924
5661 11924 13503
12566 3848 6035
3848 6035 12566
6035 3848 12566
5789 5269 14611
5269 5789 14611
14611 5269 5789
12282 2637 9287
9287 2637 12282
2637 9287 12282
13370 3516 8117
8117 3516 13370
3516 8117 13370
1073 5826 12933
12933 1073 5826
5826 1073 12933
7008 5010 7103
7103 5010 7008
5010 7008 7103
7396 1294 7759
1294 7396 7759
7759 1294 7396
5218 3439 5719
5719 3439 5218
3439 5218 5719
2711 2496 3622
2496 2711 3622
3622 2496 2711
9314 1964 13633
13633 1964 9314
1964 9314 13633
11382 2890 4952
4952 2890 11382
2890 4952 11382
14551 6521 9844
9844 6521 14551
6521 9844 14551
8145 9140 12134
12134 8145 9140
9140 8145 12134
4252 12158 14192
12158 4252 14192
14192 4252 12158
5326 2153 12258
12258 2153 5326
2153 5326 12258
12033 7793 10041
7793 10041 12033
10041 7793 12033
13864 9654 10846
9654 10846 13864
10846 9654 13864
929 3396 3584
3584 929 3396
3396 929 3584
5337 9865 9940
9940 5337 9865
9865 5337 9940
3427 10102 11482
10102 3427 11482
11482 3427 10102
11926 527 14347
14347 527 11926
527 11926 14347
5952 6087 11381
11381 5952 6087
6087 5952 11381
4682 11167 13595
13595 4682 11167
11167 4682 13595
11582 2856 5991
5991 2856 11582
2856 5991 11582
5377 10480 10648
10480 5377 10648
10648 5377 10480
14184 1081 12326
1081 12326 14184
12326 1081 14184
10170 9090 11182
11182 9090 10170
9090 10170 11182
13033 9000 9830
9000 9830 13033
9830 9000 13033
1331 559 9845
9845 559 1331
559 1331 9845
8495 5772 8766
8766 5772 8495
5772 8495 8766
2142 4449 11597
4449 2142 11597
11597 2142 4449
1234 7280 14790
14790 1234 7280
7280 1234 14790
13500 4058 12395
4058 12395 13500
12395 4058 13500
693 1729 11791
1729 693 11791
11791 693 1729
13814 10722 12883
10722 12883 13814
12883 10722 13814
9259 1399 2072
2072 1399 9259
1399 2072 9259
11117 3553 4473
4473 3553 11117
3553 4473 11117
10470 1021 8312
1021 8312 10470
8312 1021 10470
8659 2680 12210
12210 2680 8659
2680 8659 12210
9110 5171 11059
11059 5171 9110
5171 9110 11059
10817 5723 5793
5793 5723 10817
5723 5793 10817
3643 7538 8905
7538 3643 8905
8905 3643 7538
10935 5416 14717
5416 10935 14717
14717 5416 10935
124 4808 5460
5460 124 4808
4808 124 5460
5273 1734 13061
13061 1734 5273
1734 5273 13061
12414 2238 12927
12927 2238 12414
2238 12414 12927
3166 1524 10467
10467 1524 3166
1524 3166 10467
791 6287 9043
9043 791 6287
6287 791 9043
2701 1126 11456
1126 2701 11456
11456 1126 2701
6327 3924 13260
13260 3924 6327
3924 6327 13260
9288 9592 13339
13339 9288 9592
9592 9288 13339
538 7228 10558
10558 538 7228
7228 538 10558
7165 1668 4505
4505 1668 7165
1668 4505 7165
785 9704 11078
9704 785 11078
11078 785 9704
7496 6119 11004
6119 7496 11004
11004 6119 7496
10271 11008 11966
11008 10271 11966
11966 10271 11008
3051 378 3447
378 3051 3447
3447 378 3051
9786 3937 10643
10643 3937 9786
3937 9786 10643
9954 6922 10680
10680 6922 9954
6922 9954 10680
3786 6026 7830
7830 3786 6026
6026 3786 7830
12236 6055 11322
11322 6055 12236
6055 11322 12236
849 5192 13294
13294 849 5192
5192 849 13294
5024 3598 11260
3598 5024 11260
11260 3598 5024
4812 3291 13904
13904 3291 4812
3291 4812 13904
1606 7513 14580
14580 1606 7513
7513 1606 14580
13950 1099 5004
5004 1099 13950
1099 5004 13950
14381 1034 11116
11116 1034 14381
1034 11116 14381
6289 2290 7807
7807 2290 6289
2290 6289 7807
6033 3113 11903
3113 6033 11903
11903 3113 6033
7616 4326 5077
5077 4326 7616
4326 5077 7616
13427 1433 10737
1433 10737 13427
10737 1433 13427
5065 10037 14211
14211 5065 10037
10037 5065 14211
5391 5699 13750
13750 5391 5699
5699 5391 13750
13314 454 14691
454 13314 14691
14691 454 13314
1516 7986 14442
7986 1516 14442
14442 1516 7986
13090 2829 11357
11357 2829 13090
2829 11357 13090
4192 1994 9270
9270 1994 4192
1994 4192 9270
11974 2301 10763
2301 10763 11974
10763 2301 11974
6003 802 7258
7258 802 6003
802 6003 7258
2689 6313 13550
13550 2689 6313
6313 2689 13550
12542 7285 11091
11091 7285 12542
7285 11091 12542
1074 10040 11426
10040 1074 11426
11426 1074 10040
2002 2244 13134
13134 2002 2244
2244 2002 13134
10404 3267 13470
13470 3267 10404
3267 10404 13470
9197 386 12012
12012 386 9197
386 9197 12012
4059 8661 9206
9206 4059 8661
8661 4059 9206
5109 3912 8041
3912 5109 8041
8041 3912 5109
14789 157 13892
157 13892 14789
13892 157 14789
6999 9614 13532
13532 6999 9614
9614 6999 13532
14343 2754 8012
2754 8012 14343
8012 2754 14343
12645 5770 10516
10516 5770 12645
5770 10516 12645
10613 11044 14440
14440 10613 11044
11044 10613 14440
8052 2053 14082
2053 8052 14082
14082 2053 8052
10424 4785 9488
9488 4785 10424
4785 9488 10424
3189 1555 2396
1555 2396 3189
2396 1555 3189
419 319 8429
319 419 8429
8429 319 419
14181 4984 12735
12735 4984 14181
4984 12735 14181
10531 7448 14636
14636 7448 10531
7448 10531 14636
7061 10242 12384
12384 7061 10242
10242 7061 12384
5399 821 12829
821 5399 12829
12829 821 5399
5677 1383 7488
7488 1383 5677
1383 5677 7488
8326 2081 9322
9322 2081 8326
2081 8326 9322
8067 8559 13622
13622 8067 8559
8559 8067 13622
7347 5631 10535
10535 5631 7347
5631 7347 10535
14692 2283 12618
12618 2283 14692
2283 12618 14692
898 2992 7967
2992 898 7967
7967 898 2992
9870 5178 12817
5178 9870 12817
12817 5178 9870
2489 1711 7364
1711 2489 7364
7364 1711 2489
6471 320 2370
2370 320 6471
320 2370 6471
10601 2101 14798
14798 2101 10601
2101 10601 14798
5454 211 12094
12094 211 5454
211 5454 12094
10246 6080 9917
9917 6080 10246
6080 9917 10246
6518 2531 2545
2545 2531 6518
2531 2545 6518
12799 1436 14155
1436 12799 14155
14155 1436 12799
3557 8229 11869
11869 3557 8229
8229 3557 11869
6511 4237 8349
4237 6511 8349
8349 4237 6511
12372 5684 10603
5684 10603 12372
10603 5684 12372
3888 5283 14025
5283 3888 14025
14025 3888 5283
1006 5085 11031
5085 1006 11031
11031 1006 5085
11538 2494 14974
14974 2494 11538
2494 11538 14974
4822 3273 5039
3273 4822 5039
5039 3273 4822
8251 764 1238
1238 764 8251
764 1238 8251
8987 7973 10483
10483 7973 8987
7973 8987 10483
13520 653 801
653 801 13520
801 653 13520
8481 3813 14115
14115 3813 8481
3813 8481 14115
11634 1067 14521
14521 1067 11634
1067 11634 14521
3559 811 14751
14751 811 3559
811 3559 14751
5748 5082 13213
5082 5748 13213
13213 5082 5748
14278 280 5650
280 5650 14278
5650 280 14278
12370 5531 10361
5531 10361 12370
10361 5531 12370
6497 8226 10153
8226 6497 10153
10153 6497 8226
5186 6374 12214
12214 5186 6374
6374 5186 12214
4453 1802 4099
1802 4099 4453
4099 1802 4453
13727 634 7859
7859 634 13727
634 7859 13727
643 40 12693
40 643 12693
12693 40 643
7548 10276 12900
10276 7548 12900
12900 7548 10276
11079 8165 13734
13734 8165 11079
8165 11079 13734
437 5949 9379
5949 437 9379
9379 437 5949
14069 5640 9771
9771 5640 14069
5640 9771 14069
2774 4212 4848
4848 2774 4212
4212 2774 4848
10224 4744 11928
4744 10224 11928
11928 4744 10224
11094 4358 12031
12031 4358 11094
4358 11094 12031
1608 4861 12118
4861 1608 12118
12118 1608 4861
6691 7301 11950
11950 6691 7301
7301 6691 11950
6713 7190 14015
14015 6713 7190
7190 6713 14015
6559 1806 14802
14802 1806 6559
1806 6559 14802
13312 2624 3624
3624 2624 13312
2624 3624 13312
14379 6716 8421
6716 8421 14379
8421 6716 14379
8695 226 3919
3919 226 8695
226 3919 8695
8609 2369 8639
8639 2369 8609
2369 8609 8639
3803 4140 7100
7100 3803 4140
4140 3803 7100
1519 2894 7823
2894 1519 7823
7823 1519 2894
2831 4622 5807
5807 2831 4622
4622 2831 5807
4178 4149 14767
14767 4149 4178
4149 4178 14767
238 6434 12837
6434 238 12837
12837 238 6434
13354 756 9589
756 9589 13354
9589 756 13354
4890 9833 11162
11162 4890 9833
9833 4890 11162
12554 7322 13030
13030 7322 12554
7322 12554 13030
6417 9994 11422
11422 6417 9994
