987 5438 8654
8654 987 5438
5438 987 8654
14572 374 9724
374 9724 14572
9724 374 14572
13480 313 5222
313 5222 13480
5222 313 13480
7758 3807 9908
9908 3807 7758
3807 7758 9908
6741 3514 10834
10834 3514 6741
3514 6741 10834
13665 3318 10533
10533 3318 13665
3318 10533 13665
2466 9449 13808
9449 2466 13808
13808 2466 9449
655 3486 9667
3486 655 9667
9667 655 3486
3382 1756 7151
1756 3382 7151
7151 1756 3382
3289 7024 14833
14833 3289 7024
7024 3289 14833
8681 963 1544
1544 963 8681
963 1544 8681
10717 6643 9331
6643 9331 10717
9331 6643 10717
4073 2276 14250
2276 4073 14250
14250 2276 4073
1883 6602 6751
6602 1883 6751
6751 1883 6602
10243 879 6973
879 6973 10243
6973 879 10243
10408 13930 13938
13930 10408 13938
13938 10408 13930
5262 4903 9100
9100 4903 5262
4903 5262 9100
11210 3562 7878
7878 3562 11210
3562 7878 11210
1100 13174 14173
14173 1100 13174
13174 1100 14173
5697 6176 9013
9013 5697 6176
6176 5697 9013
9775 8426 13912
8426 9775 13912
13912 8426 9775
6191 2389 8907
2389 6191 8907
8907 2389 6191
1729 2729 14915
2729 1729 14915
14915 1729 2729
1921 4667 6415
6415 1921 4667
4667 1921 6415
4980 2983 14575
14575 2983 4980
2983 4980 14575
7221 11479 13244
13244 7221 11479
11479 7221 13244
12780 5246 8755
8755 5246 12780
5246 8755 12780
3766 11827 12467
12467 3766 11827
11827 3766 12467
14485 5231 11696
5231 11696 14485
11696 5231 14485
5187 5708 11276
5708 5187 11276
11276 5187 5708
12911 10248 12836
12836 10248 12911
10248 12836 12911
11120 11020 13845
11020 11120 13845
13845 11020 11120
8175 2153 7585
7585 2153 8175
2153 7585 8175
417 4105 7023
4105 417 7023
7023 417 4105
5392 4017 4164
4164 4017 5392
4017 4164 5392
7482 782 3729
782 3729 7482
3729 782 7482
6545 5285 9143
5285 6545 9143
9143 5285 6545
13890 68 4518
68 4518 13890
4518 68 13890
8878 3220 14493
3220 8878 14493
14493 3220 8878
10260 4543 4634
4634 4543 10260
4543 4634 10260
7098 3993 12941
3993 7098 12941
12941 3993 7098
2447 4880 7768
7768 2447 4880
4880 2447 7768
9347 5370 13851
5370 9347 13851
13851 5370 9347
2733 1199 13018
1199 2733 13018
13018 1199 2733
599 4911 9251
4911 599 9251
9251 599 4911
510 9279 13548
9279 510 13548
13548 510 9279
11906 1950 4016
1950 4016 11906
4016 1950 11906
3923 8139 11099
11099 3923 8139
8139 3923 11099
3684 13872 14199
14199 3684 13872
13872 3684 14199
7959 5079 5234
5079 5234 7959
5234 5079 7959
9252 4460 10969
4460 9252 10969
10969 4460 9252
7052 2299 9139
2299 7052 9139
9139 2299 7052
13599 577 10766
577 10766 13599
10766 577 13599
5957 1918 2214
2214 1918 5957
1918 2214 5957
10030 7258 9397
9397 7258 10030
7258 9397 10030
10256 1388 14206
1388 10256 14206
14206 1388 10256
14982 4625 7179
4625 7179 14982
7179 4625 14982
8939 2822 9785
9785 2822 8939
2822 8939 9785
933 1930 6056
6056 933 1930
1930 933 6056
10205 1494 9320
1494 9320 10205
9320 1494 10205
14757 10367 11885
10367 11885 14757
11885 10367 14757
12123 5270 6004
5270 6004 12123
6004 5270 12123
14418 11316 11901
11316 11901 14418
11901 11316 14418
1881 110 2696
2696 110 1881
110 1881 2696
4154 215 8096
8096 215 4154
215 4154 8096
8617 5666 14384
5666 8617 14384
14384 5666 8617
11274 4378 4469
4378 4469 11274
4469 4378 11274
10643 7141 11409
11409 7141 10643
7141 10643 11409
9881 7017 9509
7017 9509 9881
9509 7017 9881
9611 3531 8284
8284 3531 9611
3531 8284 9611
3649 2717 12403
2717 3649 12403
12403 2717 3649
12103 5691 13553
13553 5691 12103
5691 12103 13553
9094 1048 6621
6621 1048 9094
1048 6621 9094
11450 3335 11994
11994 3335 11450
3335 11450 11994
14670 1735 14750
1735 14670 14750
14750 1735 14670
5933 4557 14568
14568 4557 5933
4557 5933 14568
3706 7209 13645
13645 3706 7209
7209 3706 13645
5726 5541 5716
5541 5716 5726
5716 5541 5726
7445 1600 1613
1600 1613 7445
1613 1600 7445
3605 1458 11909
1458 3605 11909
11909 1458 3605
8444 12281 13597
13597 8444 12281
12281 8444 13597
7115 3203 12398
12398 3203 7115
3203 7115 12398
2657 2868 14565
2868 2657 14565
14565 2657 2868
5638 7367 8495
8495 5638 7367
7367 5638 8495
3391 4060 11143
4060 3391 11143
11143 3391 4060
3632 10252 11194
10252 3632 11194
11194 3632 10252
7289 7243 8095
8095 7243 7289
7243 7289 8095
2220 3038 8146
8146 2220 3038
3038 2220 8146
13652 3550 7998
7998 3550 13652
3550 7998 13652
6338 8432 13870
13870 6338 8432
8432 6338 13870
3031 5125 12862
12862 3031 5125
5125 3031 12862
13326 7587 8709
7587 8709 13326
8709 7587 13326
11219 2216 8249
2216 8249 11219
8249 2216 11219
12337 3254 4146
4146 3254 12337
3254 4146 12337
5062 8624 11953
8624 5062 11953
11953 5062 8624
2478 3315 10516
3315 2478 10516
10516 2478 3315
3182 14204 14787
14787 3182 14204
14204 3182 14787
2114 9419 11375
9419 2114 11375
11375 2114 9419
14520 400 13312
400 13312 14520
13312 400 14520
8097 2026 12044
12044 2026 8097
2026 8097 12044
3390 3111 9500
9500 3111 3390
3111 3390 9500
5856 367 5329
5329 367 5856
367 5329 5856
1443 8741 14276
14276 1443 8741
8741 1443 14276
5813 10616 13187
13187 5813 10616
10616 5813 13187
6547 2735 9779
2735 6547 9779
9779 2735 6547
1518 10576 14277
14277 1518 10576
10576 1518 14277
6863 296 4618
4618 296 6863
296 4618 6863
14100 11175 12737
11175 12737 14100
12737 11175 14100
4315 3748 8901
8901 3748 4315
3748 4315 8901
3488 4970 10104
10104 3488 4970
4970 3488 10104
13115 1409 1652
1409 1652 13115
1652 1409 13115
5635 582 6313
582 5635 6313
6313 582 5635
9277 11198 13465
11198 9277 13465
13465 9277 11198
1066 9006 9894
9006 1066 9894
9894 1066 9006
9341 898 10829
898 9341 10829
10829 898 9341
10028 4776 9518
4776 9518 10028
9518 4776 10028
8535 10123 13408
10123 8535 13408
13408 8535 10123
4290 9548 14262
14262 4290 9548
9548 4290 14262
14970 1612 13186
13186 1612 14970
1612 13186 14970
4186 1781 3225
3225 1781 4186
1781 3225 4186
12492 6746 12668
12668 6746 12492
6746 12492 12668
13453 857 7090
857 7090 13453
7090 857 13453
1397 4443 5900
5900 1397 4443
4443 1397 5900
5047 7183 11421
11421 5047 7183
7183 5047 11421
8701 4561 7551
4561 7551 8701
7551 4561 8701
1707 4781 11515
4781 1707 11515
11515 1707 4781
2062 2890 11989
11989 2062 2890
2890 2062 11989
10331 13951 14986
13951 10331 14986
14986 10331 13951
554 1348 5535
1348 554 5535
5535 554 1348
3381 2666 10575
2666 3381 10575
10575 2666 3381
7620 2825 14580
2825 7620 14580
14580 2825 7620
2558 2690 9185
9185 2558 2690
2690 2558 9185
1475 2091 3910
3910 1475 2091
2091 1475 3910
409 2247 13722
13722 409 2247
2247 409 13722
2655 10600 14344
10600 2655 14344
14344 2655 10600
8582 5482 9239
5482 8582 9239
9239 5482 8582
8776 3079 12640
12640 3079 8776
3079 8776 12640
1221 3970 5881
5881 1221 3970
3970 1221 5881
10355 1715 10354
1715 10354 10355
10354 1715 10355
4737 8285 12186
8285 4737 12186
12186 4737 8285
6272 14048 14130
14130 6272 14048
14048 6272 14130
8580 9215 14319
9215 8580 14319
14319 8580 9215
13217 14216 14288
14216 13217 14288
14288 13217 14216
13395 8723 12633
8723 12633 13395
12633 8723 13395
13091 7489 14482
7489 13091 14482
14482 7489 13091
11161 1952 9111
1952 9111 11161
9111 1952 11161
7372 2410 3441
2410 3441 7372
3441 2410 7372
11926 1186 12596
1186 11926 12596
12596 1186 11926
849 7744 11716
7744 849 11716
11716 849 7744
13696 9385 9902
9385 9902 13696
9902 9385 13696
11986 239 7784
7784 239 11986
239 7784 11986
14512 7622 11611
7622 11611 14512
11611 7622 14512
5348 4635 10309
10309 4635 5348
4635 5348 10309
14193 9731 11940
11940 9731 14193
9731 11940 14193
3559 2420 7891
2420 3559 7891
7891 2420 3559
1884 8831 12551
8831 1884 12551
12551 1884 8831
8643 10404 14129
10404 8643 14129
14129 8643 10404
5088 2898 11066
11066 2898 5088
2898 5088 11066
528 2897 12543
12543 528 2897
2897 528 12543
6792 5709 11872
11872 5709 6792
5709 6792 11872
13184 4821 9286
4821 9286 13184
9286 4821 13184
10613 1218 12530
12530 1218 10613
1218 10613 12530
13041 10697 11072
10697 11072 13041
11072 10697 13041
4310 828 14532
14532 828 4310
828 4310 14532
14274 389 947
947 389 14274
389 947 14274
350 2725 4813
2725 350 4813
4813 350 2725
3959 1893 12578
12578 1893 3959
1893 3959 12578
8742 7830 14447
7830 8742 14447
14447 7830 8742
6041 7803 10610
10610 6041 7803
7803 6041 10610
3879 2746 3902
3902 2746 3879
2746 3879 3902
3478 10122 14497
10122 3478 14497
14497 3478 10122
1786 1528 3881
1528 1786 3881
3881 1528 1786
9400 4331 7177
7177 4331 9400
4331 7177 9400
4066 8126 12101
8126 4066 12101
12101 4066 8126
6186 5992 6985
5992 6186 6985
6985 5992 6186
14599 2185 6577
2185 6577 14599
6577 2185 14599
8177 7703 9539
7703 8177 9539
9539 7703 8177
1250 10132 12499
10132 1250 12499
12499 1250 10132
12661 6601 12746
12746 6601 12661
6601 12661 12746
6764 1582 13214
1582 6764 13214
13214 1582 6764
1720 6695 8814
8814 1720 6695
6695 1720 8814
7655 13413 14996
14996 7655 13413
13413 7655 14996
13993 967 14147
14147 967 13993
967 13993 14147
10366 6854 11993
11993 6854 10366
6854 10366 11993
12857 8451 13640
13640 8451 12857
8451 12857 13640
5113 6796 8503
8503 5113 6796
6796 5113 8503
8034 603 11623
603 8034 11623
11623 603 8034
253 2102 13656
13656 253 2102
2102 253 13656
5553 1322 6446
6446 1322 5553
1322 5553 6446
5037 3264 8534
8534 3264 5037
3264 5037 8534
3050 1662 2127
1662 2127 3050
2127 1662 3050
96 1266 7057
1266 96 7057
7057 96 1266
5963 6626 13126
13126 5963 6626
6626 5963 13126
2073 100 5087
100 2073 5087
5087 100 2073
4395 2207 7104
7104 2207 4395
2207 4395 7104
4323 15 10496
10496 15 4323
15 4323 10496
13723 11809 12255
11809 12255 13723
12255 11809 13723
10079 7250 12818
12818 7250 10079
7250 10079 12818
9961 6624 12698
12698 6624 9961
6624 9961 12698
3352 7845 14249
14249 3352 7845
7845 3352 14249
8494 6058 9227
6058 8494 9227
9227 6058 8494
6801 3002 5848
5848 3002 6801
3002 5848 6801
2639 12823 14063
14063 2639 12823
12823 2639 14063
9176 957 12073
12073 957 9176
957 9176 12073
341 2024 12346
12346 341 2024
2024 341 12346
2104 7005 8867
7005 2104 8867
8867 2104 7005
14766 1751 5208
5208 1751 14766
1751 5208 14766
2111 3830 13732
3830 2111 13732
13732 2111 3830
11338 8726 14318
8726 11338 14318
14318 8726 11338
5787 13135 13394
13394 5787 13135
13135 5787 13394
10917 632 13030
13030 632 10917
632 10917 13030
355 5906 6829
6829 355 5906
5906 355 6829
10296 2790 12224
12224 2790 10296
2790 10296 12224
5880 1505 7233
7233 1505 5880
1505 5880 7233
8326 983 5340
5340 983 8326
983 5340 8326
4396 13880 14132
14132 4396 13880
13880 4396 14132
14510 10564 13268
10564 13268 14510
13268 10564 14510
969 1602 9956
1602 969 9956
9956 969 1602
1453 383 5454
5454 383 1453
383 1453 5454
5830 5576 12629
5576 5830 12629
12629 5576 5830
6239 4768 13782
4768 6239 13782
13782 4768 6239
10798 2816 4812
4812 2816 10798
2816 4812 10798
6603 1499 4919
4919 1499 6603
1499 4919 6603
13088 2323 12370
12370 2323 13088
2323 12370 13088
14658 11 10089
11 10089 14658
10089 11 14658
7693 848 1298
848 1298 7693
1298 848 7693
4588 5174 13700
13700 4588 5174
5174 4588 13700
12579 5398 10509
5398 10509 12579
10509 5398 12579
3608 6587 14251
6587 3608 14251
14251 3608 6587
560 1844 4263
1844 560 4263
4263 560 1844
13247 2259 10490
10490 2259 13247
2259 10490 13247
4029 12400 14128
14128 4029 12400
12400 4029 14128
3082 3327 5327
3327 3082 5327
5327 3082 3327
9457 11226 13275
11226 9457 13275
13275 9457 11226
8705 265 1851
265 1851 8705
1851 265 8705
11974 4382 5202
5202 4382 11974
4382 5202 11974
7713 869 13576
869 7713 13576
13576 869 7713
4379 130 12077
130 4379 12077
12077 130 4379
7497 8220 10411
8220 7497 10411
10411 7497 8220
10323 9389 11262
11262 9389 10323
9389 10323 11262
9447 710 14909
710 9447 14909
14909 710 9447
5789 5804 7709
5804 5789 7709
7709 5789 5804
10311 11434 12092
12092 10311 11434
11434 10311 12092
10937 2006 9648
2006 9648 10937
9648 2006 10937
10412 6527 6857
6857 6527 10412
6527 6857 10412
9878 5879 6778
5879 6778 9878
6778 5879 9878
1007 10815 12394
10815 1007 12394
12394 1007 10815
4065 2415 14939
2415 4065 14939
14939 2415 4065
7912 5581 7739
7739 5581 7912
5581 7739 7912
6910 2119 13865
2119 6910 13865
13865 2119 6910
3733 5048 13025
5048 3733 13025
13025 3733 5048
8325 6064 11695
11695 6064 8325
6064 8325 11695
11055 874 2031
874 2031 11055
2031 874 11055
4078 6980 12872
12872 4078 6980
6980 4078 12872
7821 2130 13474
13474 2130 7821
2130 7821 13474
10948 1003 11139
11139 1003 10948
1003 10948 11139
11521 5981 11747
11747 5981 11521
5981 11521 11747
13614 934 14380
934 13614 14380
14380 934 13614
14659 5317 8673
8673 5317 14659
5317 8673 14659
13977 7425 8124
8124 7425 13977
7425 8124 13977
10528 4013 8997
4013 8997 10528
8997 4013 10528
7599 1395 4254
4254 1395 7599
1395 4254 7599
13398 1629 14767
1629 13398 14767
14767 1629 13398
12439 92 2583
92 2583 12439
2583 92 12439
6944 4714 7043
7043 4714 6944
4714 6944 7043
2876 1140 12003
1140 2876 12003
12003 1140 2876
8223 1476 13889
1476 8223 13889
13889 1476 8223
9980 803 1783
803 1783 9980
1783 803 9980
9976 6362 7493
7493 6362 9976
6362 7493 9976
11111 4986 13421
13421 4986 11111
4986 11111 13421
659 4823 9517
9517 659 4823
4823 659 9517
10215 1928 8710
8710 1928 10215
1928 8710 10215
12521 4102 11386
11386 4102 12521
4102 11386 12521
9790 1425 12368
1425 9790 12368
12368 1425 9790
4357 4223 13927
13927 4223 4357
4223 4357 13927
11085 11241 13262
11241 11085 13262
13262 11085 11241
14802 2181 14718
14718 2181 14802
2181 14718 14802
8295 13964 14058
13964 8295 14058
14058 8295 13964
13750 13670 14736
14736 13670 13750
13670 13750 14736
11302 12075 13013
12075 11302 13013
13013 11302 12075
7157 2886 5734
5734 2886 7157
2886 5734 7157
5273 8481 11894
8481 5273 11894
11894 5273 8481
10679 1577 8550
8550 1577 10679
1577 8550 10679
9677 1745 7360
1745 7360 9677
7360 1745 9677
3594 4577 7323
4577 3594 7323
7323 3594 4577
13981 2274 14671
2274 13981 14671
14671 2274 13981
548 3861 12397
12397 548 3861
3861 548 12397
11321 5764 7085
7085 5764 11321
5764 7085 11321
12766 9046 10985
10985 9046 12766
9046 10985 12766
14562 4853 5920
4853 5920 14562
5920 4853 14562
344 2907 14364
2907 344 14364
14364 344 2907
10796 3180 7021
3180 7021 10796
7021 3180 10796
6914 4523 6763
4523 6763 6914
6763 4523 6914
8610 3107 6628
3107 6628 8610
6628 3107 8610
3307 581 6889
581 3307 6889
6889 581 3307
10300 3003 7247
7247 3003 10300
3003 7247 10300
13587 5951 6019
5951 6019 13587
6019 5951 13587
4246 3579 11762
3579 4246 11762
11762 3579 4246
9674 8524 11578
11578 8524 9674
8524 9674 11578
1244 2686 11569
2686 1244 11569
11569 1244 2686
11371 9418 9525
9418 9525 11371
9525 9418 11371
5558 5160 11353
5160 5558 11353
11353 5160 5558
3499 9615 10865
9615 3499 10865
10865 3499 9615
12486 1321 1694
1321 1694 12486
1694 1321 12486
14578 4638 6504
4638 6504 14578
6504 4638 14578
5240 1364 10756
1364 5240 10756
10756 1364 5240
7408 1376 13190
1376 7408 13190
13190 1376 7408
11863 5489 12645
5489 11863 12645
12645 5489 11863
11014 9885 10267
10267 9885 11014
9885 10267 11014
6333 102 2107
2107 102 6333
102 2107 6333
3672 7458 14238
7458 3672 14238
14238 3672 7458
8571 2775 12019
2775 8571 12019
12019 2775 8571
8415 1354 10371
10371 1354 8415
1354 8415 10371
3724 1657 2838
2838 1657 3724
1657 2838 3724
2511 6656 12794
6656 2511 12794
12794 2511 6656
5367 1695 5356
1695 5356 5367
5356 1695 5367
6134 10035 12781
12781 6134 10035
10035 6134 12781
866 8272 13052
8272 866 13052
13052 866 8272
3734 11764 14648
14648 3734 11764
11764 3734 14648
964 10024 12764
12764 964 10024
10024 964 12764
1366 1922 5066
5066 1366 1922
1922 1366 5066
6050 977 4220
4220 977 6050
977 4220 6050
7508 4922 13329
13329 4922 7508
4922 7508 13329
2726 2068 7290
2068 2726 7290
7290 2068 2726
776 8486 13464
8486 776 13464
13464 776 8486
10810 8536 12324
8536 10810 12324
12324 8536 10810
11589 2875 3235
3235 2875 11589
2875 3235 11589
8477 3461 13307
13307 3461 8477
3461 8477 13307
10495 1581 14824
14824 1581 10495
1581 10495 14824
13231 3606 12054
12054 3606 13231
3606 12054 13231
9504 181 10555
181 9504 10555
10555 181 9504
11456 150 14451
150 11456 14451
14451 150 11456
11722 2855 13785
2855 11722 13785
13785 2855 11722
5847 518 9087
518 5847 9087
9087 518 5847
9578 3339 8485
3339 8485 9578
8485 3339 9578
14003 6382 11067
11067 6382 14003
6382 11067 14003
5467 6466 13270
6466 5467 13270
13270 5467 6466
5176 8608 12773
12773 5176 8608
8608 5176 12773
7441 12856 14737
14737 7441 12856
12856 7441 14737
35 800 7714
7714 35 800
800 35 7714
5361 858 6315
6315 858 5361
858 5361 6315
5369 324 2208
324 2208 5369
2208 324 5369
7715 1547 8265
1547 7715 8265
8265 1547 7715
8108 9533 11639
9533 8108 11639
11639 8108 9533
14752 2938 5379
5379 2938 14752
2938 5379 14752
12316 11939 12816
11939 12316 12816
12816 11939 12316
7568 6559 11988
11988 6559 7568
6559 7568 11988
10082 6317 14433
14433 6317 10082
6317 10082 14433
7423 10638 14434
14434 7423 10638
10638 7423 14434
14225 7026 10071
10071 7026 14225
7026 10071 14225
5869 2627 3772
3772 2627 5869
2627 3772 5869
8226 11581 14043
14043 8226 11581
11581 8226 14043
2922 2599 10936
2599 2922 10936
10936 2599 2922
1029 8456 11996
11996 1029 8456
8456 1029 11996
693 11299 14555
14555 693 11299
11299 693 14555
1510 1127 5967
5967 1127 1510
1127 1510 5967
4490 4358 7306
4358 4490 7306
7306 4358 4490
9066 6258 13879
6258 9066 13879
13879 6258 9066
8417 4239 11126
4239 8417 11126
11126 4239 8417
9752 1480 11877
1480 9752 11877
11877 1480 9752
12489 1633 13434
1633 12489 13434
13434 1633 12489
10106 5235 7792
5235 7792 10106
7792 5235 10106
11147 9756 11943
9756 11147 11943
11943 9756 11147
12067 2170 5217
2170 5217 12067
5217 2170 12067
3800 5279 5380
5279 3800 5380
5380 3800 5279
9407 1912 7737
7737 1912 9407
1912 7737 9407
2197 1626 13661
13661 1626 2197
1626 2197 13661
14337 7427 10465
7427 10465 14337
10465 7427 14337
4608 6106 10119
10119 4608 6106
6106 4608 10119
14874 287 13444
287 13444 14874
13444 287 14874
13915 9428 13305
13305 9428 13915
9428 13305 13915
12589 2412 4380
2412 4380 12589
4380 2412 12589
5534 11607 12352
12352 5534 11607
11607 5534 12352
2714 4774 6282
4774 2714 6282
6282 2714 4774
3530 4929 13566
13566 3530 4929
4929 3530 13566
466 6136 10395
10395 466 6136
6136 466 10395
2421 12907 13693
12907 2421 13693
13693 2421 12907
9927 5466 8054
5466 8054 9927
8054 5466 9927
4416 133 584
133 584 4416
584 133 4416
7464 9101 10037
9101 7464 10037
10037 7464 9101
5461 772 6102
6102 772 5461
772 5461 6102
4899 3249 3741
3741 3249 4899
3249 3741 4899
3507 5779 11109
5779 3507 11109
11109 3507 5779
9941 5320 13208
5320 9941 13208
13208 5320 9941
11392 1817 6130
6130 1817 11392
1817 6130 11392
6368 12130 12756
12130 6368 12756
12756 6368 12130
7883 4045 9594
4045 7883 9594
9594 4045 7883
6833 5617 9472
5617 6833 9472
9472 5617 6833
5745 1520 10018
10018 1520 5745
1520 5745 10018
8209 2250 13122
13122 2250 8209
2250 8209 13122
4226 3127 9933
9933 3127 4226
3127 4226 9933
8548 1670 10251
1670 8548 10251
10251 1670 8548
3666 9175 14428
9175 3666 14428
14428 3666 9175
4299 1661 6290
6290 1661 4299
1661 4299 6290
14847 2561 10991
10991 2561 14847
2561 10991 14847
4639 8081 8740
8081 4639 8740
8740 4639 8081
11193 10337 10409
10409 10337 11193
10337 10409 11193
11801 476 6888
6888 476 11801
476 6888 11801
4544 8466 14911
8466 4544 14911
14911 4544 8466
8346 5015 8489
5015 8346 8489
8489 5015 8346
4841 3130 7105
7105 3130 4841
3130 4841 7105
14887 11903 13206
11903 13206 14887
13206 11903 14887
11165 1511 13619
1511 11165 13619
13619 1511 11165
7300 5989 13450
5989 7300 13450
13450 5989 7300
1637 3160 5428
5428 1637 3160
3160 1637 5428
1796 6422 12195
6422 1796 12195
12195 1796 6422
14139 2742 14499
14499 2742 14139
2742 14139 14499
1535 3152 6842
3152 1535 6842
6842 1535 3152
99 1224 6599
6599 99 1224
1224 99 6599
10560 4006 7406
7406 4006 10560
4006 7406 10560
1417 3953 6869
6869 1417 3953
3953 1417 6869
2199 2771 13616
13616 2199 2771
2771 2199 13616
184 328 9482
9482 184 328
328 184 9482
13667 4140 8268
8268 4140 13667
4140 8268 13667
6719 1775 4345
4345 1775 6719
1775 4345 6719
14258 6493 12017
12017 6493 14258
6493 12017 14258
9386 4062 11725
11725 4062 9386
4062 9386 11725
3095 4201 11248
4201 3095 11248
11248 3095 4201
8859 10919 11743
10919 8859 11743
11743 8859 10919
1092 7750 10045
7750 1092 10045
10045 1092 7750
12068 7171 14544
7171 12068 14544
14544 7171 12068
8430 4278 14529
14529 4278 8430
4278 8430 14529
3891 2586 4963
2586 3891 4963
4963 2586 3891
8122 4967 7265
7265 4967 8122
4967 7265 8122
3744 10501 14738
14738 3744 10501
10501 3744 14738
7989 4077 4085
4085 4077 7989
4077 4085 7989
11177 160 12510
12510 160 11177
160 11177 12510
7248 4624 10884
4624 7248 10884
10884 4624 7248
11828 625 2647
2647 625 11828
625 2647 11828
11626 7800 9234
9234 7800 11626
7800 9234 11626
2699 13985 14307
14307 2699 13985
13985 2699 14307
14295 3197 9913
9913 3197 14295
3197 9913 14295
1373 3705 12399
3705 1373 12399
12399 1373 3705
3669 4587 4771
4587 3669 4771
4771 3669 4587
12164 6936 8944
6936 8944 12164
8944 6936 12164
411 2799 3821
2799 411 3821
3821 411 2799
13916 9221 11453
9221 11453 13916
11453 9221 13916
737 9395 13211
9395 737 13211
13211 737 9395
9117 11510 12695
12695 9117 11510
11510 9117 12695
12933 3779 12767
12767 3779 12933
3779 12767 12933
13724 6590 14363
6590 13724 14363
14363 6590 13724
1940 137 7073
7073 137 1940
137 1940 7073
5419 204 868
204 868 5419
868 204 5419
12962 4706 9468
4706 9468 12962
9468 4706 12962
11661 4526 8149
8149 4526 11661
4526 8149 11661
607 3637 5574
3637 607 5574
5574 607 3637
1791 10959 11773
11773 1791 10959
10959 1791 11773
5476 658 2611
2611 658 5476
658 2611 5476
11459 7949 9050
7949 9050 11459
9050 7949 11459
1829 10673 13156
13156 1829 10673
10673 1829 13156
6070 7200 14302
14302 6070 7200
7200 6070 14302
14153 4277 14223
4277 14153 14223
14223 4277 14153
9564 10698 12504
12504 9564 10698
10698 9564 12504
5615 7269 7396
7396 5615 7269
7269 5615 7396
12201 5707 12626
5707 12201 12626
12626 5707 12201
6117 2231 5646
5646 2231 6117
2231 5646 6117
1076 2292 10808
2292 1076 10808
10808 1076 2292
11806 8242 11792
8242 11792 11806
11792 8242 11806
7379 3 5998
3 5998 7379
5998 3 7379
14154 8164 10530
8164 10530 14154
10530 8164 14154
9466 713 7577
7577 713 9466
713 7577 9466
4567 8657 9064
8657 4567 9064
9064 4567 8657
7271 3370 10200
10200 3370 7271
3370 7271 10200
5741 297 1536
297 1536 5741
1536 297 5741
3446 3630 11646
11646 3446 3630
3630 3446 11646
13491 7823 8564
8564 7823 13491
7823 8564 13491
7843 5925 8983
8983 5925 7843
5925 7843 8983
4189 3138 14526
14526 3138 4189
3138 4189 14526
145 6884 14149
6884 145 14149
14149 145 6884
12826 3810 7868
7868 3810 12826
3810 7868 12826
11869 6592 10621
10621 6592 11869
6592 10621 11869
1970 7725 8519
8519 1970 7725
7725 1970 8519
14266 2464 10315
10315 2464 14266
2464 10315 14266
13414 1067 7448
7448 1067 13414
1067 7448 13414
1457 13279 14370
13279 1457 14370
14370 1457 13279
727 4685 10765
10765 727 4685
4685 727 10765
10906 7988 13901
7988 10906 13901
13901 7988 10906
14090 1296 4413
1296 4413 14090
4413 1296 14090
14495 683 4606
683 4606 14495
4606 683 14495
13789 7016 9596
9596 7016 13789
7016 9596 13789
3334 7260 13515
13515 3334 7260
7260 3334 13515
7600 6031 10735
10735 6031 7600
6031 7600 10735
14054 965 14954
965 14054 14954
14954 965 14054
12321 237 4185
237 4185 12321
4185 237 12321
14545 9877 13680
9877 13680 14545
13680 9877 14545
6386 10168 10835
10835 6386 10168
10168 6386 10835
13143 4039 10169
4039 10169 13143
10169 4039 13143
13111 9322 14916
9322 13111 14916
14916 9322 13111
10727 7885 14912
14912 7885 10727
7885 10727 14912
14742 2860 9125
9125 2860 14742
2860 9125 14742
7264 8512 14598
14598 7264 8512
8512 7264 14598
14452 1491 10393
1491 10393 14452
10393 1491 14452
9208 7346 12642
7346 9208 12642
12642 7346 9208
7561 2152 14714
2152 7561 14714
14714 2152 7561
14078 3897 12663
12663 3897 14078
3897 12663 14078
7214 3316 9231
9231 3316 7214
3316 7214 9231
12783 6686 6851
6851 6686 12783
6686 6851 12783
4231 12874 13330
12874 4231 13330
13330 4231 12874
14657 2712 14855
14855 2712 14657
2712 14657 14855
7037 122 11837
11837 122 7037
122 7037 11837
9672 1469 5758
5758 1469 9672
1469 5758 9672
2138 9750 11513
9750 2138 11513
11513 2138 9750
6733 4253 12813
4253 6733 12813
12813 4253 6733
9084 6852 11431
6852 9084 11431
11431 6852 9084
11477 3688 10710
10710 3688 11477
3688 10710 11477
8057 871 1138
871 1138 8057
1138 871 8057
2745 6454 11454
6454 2745 11454
11454 2745 6454
6722 2311 14601
2311 6722 14601
14601 2311 6722
11688 9246 9351
9246 9351 11688
9351 9246 11688
11002 2862 7196
7196 2862 11002
2862 7196 11002
2499 1119 2902
2902 1119 2499
1119 2499 2902
8824 67 11643
67 8824 11643
11643 67 8824
14978 5931 12266
5931 12266 14978
12266 5931 14978
7781 2222 11567
11567 2222 7781
2222 7781 11567
3515 378 10165
378 3515 10165
10165 378 3515
5194 6107 12042
6107 5194 12042
12042 5194 6107
5761 5410 5452
5410 5452 5761
5452 5410 5761
2225 3148 8382
3148 2225 8382
8382 2225 3148
3801 2901 13226
13226 2901 3801
2901 3801 13226
1324 76 6745
76 1324 6745
6745 76 1324
8675 3581 8307
8307 3581 8675
3581 8307 8675
1808 7553 12711
12711 1808 7553
7553 1808 12711
6709 2848 10306
2848 6709 10306
10306 2848 6709
2013 3595 13141
3595 2013 13141
13141 2013 3595
3100 4240 6786
4240 3100 6786
6786 3100 4240
9846 3142 7702
3142 7702 9846
7702 3142 9846
7732 7436 10973
10973 7436 7732
7436 7732 10973
6532 7981 14880
14880 6532 7981
7981 6532 14880
2759 3337 6334
6334 2759 3337
3337 2759 6334
7150 11553 12556
11553 7150 12556
12556 7150 11553
7934 2376 6300
6300 2376 7934
2376 6300 7934
6379 11449 14282
14282 6379 11449
11449 6379 14282
9 1472 6420
6420 9 1472
1472 9 6420
718 5913 11841
11841 718 5913
5913 718 11841
12730 1231 11848
11848 1231 12730
1231 11848 12730
5571 6273 11184
11184 5571 6273
6273 5571 11184
14554 11571 11947
11571 11947 14554
11947 11571 14554
1955 648 4386
648 1955 4386
4386 648 1955
5827 10010 13827
13827 5827 10010
10010 5827 13827
5141 6900 13774
6900 5141 13774
13774 5141 6900
7589 1523 10824
10824 1523 7589
1523 7589 10824
5526 2958 13863
13863 2958 5526
2958 5526 13863
14316 2359 4516
2359 4516 14316
4516 2359 14316
10807 4225 14375
14375 4225 10807
4225 10807 14375
10191 6188 13907
6188 10191 13907
13907 6188 10191
14044 11982 12726
12726 11982 14044
11982 12726 14044
7256 11900 12849
12849 7256 11900
11900 7256 12849
8905 2485 12859
12859 2485 8905
2485 8905 12859
8605 4213 6023
4213 6023 8605
6023 4213 8605
10067 1006 11990
11990 1006 10067
1006 10067 11990
1203 5927 8457
5927 1203 8457
8457 1203 5927
1682 922 6230
922 1682 6230
6230 922 1682
2982 1102 10090
10090 1102 2982
1102 2982 10090
9957 2731 3591
2731 3591 9957
3591 2731 9957
9968 7597 11022
11022 7597 9968
7597 9968 11022
1561 7201 8922
8922 1561 7201
7201 1561 8922
893 492 9799
9799 492 893
492 893 9799
8581 10015 14188
14188 8581 10015
10015 8581 14188
128 7403 14672
7403 128 14672
14672 128 7403
5903 692 12132
692 5903 12132
12132 692 5903
12275 3587 10074
3587 10074 12275
10074 3587 12275
8105 9063 13436
13436 8105 9063
9063 8105 13436
2190 4939 9635
4939 2190 9635
9635 2190 4939
11608 3775 5484
5484 3775 11608
3775 5484 11608
14713 3501 4494
4494 3501 14713
3501 4494 14713
10077 6021 12860
6021 10077 12860
12860 6021 10077
4138 144 10833
10833 144 4138
144 4138 10833
606 6168 14265
14265 606 6168
6168 606 14265
13966 399 10992
399 10992 13966
10992 399 13966
10372 4374 5943
4374 5943 10372
5943 4374 10372
8334 12254 14038
14038 8334 12254
12254 8334 14038
12750 1155 10338
1155 10338 12750
10338 1155 12750
13099 2910 13323
13323 2910 13099
2910 13099 13323
8160 3205 9526
9526 3205 8160
3205 8160 9526
7358 3700 11138
11138 3700 7358
3700 7358 11138
5108 3787 4420
3787 4420 5108
4420 3787 5108
7785 1979 6609
6609 1979 7785
1979 6609 7785
10046 2593 13731
2593 10046 13731
13731 2593 10046
254 8973 10219
10219 254 8973
8973 254 10219
5281 5567 13053
13053 5281 5567
5567 5281 13053
210 381 14470
14470 210 381
381 210 14470
12542 12206 13713
12206 12542 13713
13713 12206 12542
13457 5169 8849
5169 8849 13457
8849 5169 13457
1904 4117 13023
13023 1904 4117
4117 1904 13023
13848 1645 10326
1645 10326 13848
10326 1645 13848
13225 9552 10701
9552 10701 13225
10701 9552 13225
4070 3791 14974
3791 4070 14974
14974 3791 4070
5085 9179 14174
9179 5085 14174
14174 5085 9179
10330 2763 14029
2763 10330 14029
14029 2763 10330
9576 1554 11235
1554 9576 11235
11235 1554 9576
14494 3198 9743
9743 3198 14494
3198 9743 14494
7180 8652 10646
8652 7180 10646
10646 7180 8652
14367 5469 13551
5469 13551 14367
13551 5469 14367
8903 4835 7304
4835 7304 8903
7304 4835 8903
7867 5496 12725
12725 5496 7867
5496 7867 12725
7726 1736 7869
1736 7726 7869
7869 1736 7726
14000 1542 14326
14326 1542 14000
1542 14000 14326
12939 498 14538
498 12939 14538
14538 498 12939
4553 2604 7433
2604 4553 7433
7433 2604 4553
13748 4659 12554
12554 4659 13748
4659 12554 13748
4623 4538 9958
9958 4538 4623
4538 4623 9958
9387 5431 9747
5431 9387 9747
9747 5431 9387
2878 97 10850
97 2878 10850
10850 97 2878
3288 12630 13109
13109 3288 12630
12630 3288 13109
7923 488 13354
488 7923 13354
13354 488 7923
14841 9809 13992
9809 13992 14841
13992 9809 14841
7353 12736 13245
12736 7353 13245
13245 7353 12736
3037 4245 5247
4245 3037 5247
5247 3037 4245
5343 4509 6496
4509 5343 6496
6496 4509 5343
12329 8395 11839
11839 8395 12329
8395 11839 12329
2625 2927 8080
2927 2625 8080
8080 2625 2927
8979 2874 13068
2874 8979 13068
13068 2874 8979
6074 3163 5189
3163 5189 6074
5189 3163 6074
723 5508 6091
6091 723 5508
5508 723 6091
688 3278 7870
7870 688 3278
3278 688 7870
352 8471 11046
11046 352 8471
8471 352 11046
14120 7146 13959
13959 7146 14120
7146 13959 14120
222 4763 4825
4825 222 4763
4763 222 4825
9523 5577 12655
12655 5577 9523
5577 9523 12655
9445 1216 2368
1216 2368 9445
2368 1216 9445
13983 6710 8403
8403 6710 13983
6710 8403 13983
8796 3165 7168
3165 7168 8796
7168 3165 8796
14098 6761 9332
9332 6761 14098
6761 9332 14098
13456 5216 8639
5216 8639 13456
8639 5216 13456
9660 767 3372
3372 767 9660
767 3372 9660
1776 10197 10700
10700 1776 10197
10197 1776 10700
13741 7617 8043
8043 7617 13741
7617 8043 13741
1164 5290 10091
5290 1164 10091
10091 1164 5290
6584 545 13906
545 6584 13906
13906 545 6584
6408 2061 2355
2355 2061 6408
2061 2355 6408
9055 11359 14114
14114 9055 11359
11359 9055 14114
13957 258 5727
258 5727 13957
5727 258 13957
6867 10347 13199
10347 6867 13199
13199 6867 10347
4206 2767 9801
9801 2767 4206
2767 4206 9801
9158 4908 5316
4908 5316 9158
5316 4908 9158
10193 3047 9507
3047 9507 10193
9507 3047 10193
10065 3431 5260
3431 5260 10065
5260 3431 10065
10760 2400 14427
2400 10760 14427
14427 2400 10760
3914 2845 3658
2845 3658 3914
3658 2845 3914
7566 7820 7840
7840 7566 7820
7820 7566 7840
4873 10669 13526
10669 4873 13526
13526 4873 10669
14284 6470 8045
6470 8045 14284
8045 6470 14284
14788 6822 9733
9733 6822 14788
6822 9733 14788
14956 3282 3589
3282 3589 14956
3589 3282 14956
4139 9218 13995
13995 4139 9218
9218 4139 13995
2293 10335 13518
13518 2293 10335
10335 2293 13518
1433 2792 4032
2792 1433 4032
4032 1433 2792
13407 11965 13682
13682 11965 13407
11965 13407 13682
14864 2819 9928
9928 2819 14864
2819 9928 14864
4056 5522 6123
6123 4056 5522
5522 4056 6123
990 8237 14050
8237 990 14050
14050 990 8237
9479 6364 9105
9105 6364 9479
6364 9105 9479
2701 2052 14514
2052 2701 14514
14514 2052 2701
6427 5206 7038
5206 6427 7038
7038 5206 6427
10748 5117 5382
5382 5117 10748
5117 5382 10748
7967 4286 12216
4286 7967 12216
12216 4286 7967
4348 9098 13711
9098 4348 13711
13711 4348 9098
7314 6618 14731
6618 7314 14731
14731 6618 7314
2802 2146 10391
2146 2802 10391
10391 2146 2802
8895 580 5524
5524 580 8895
580 5524 8895
11254 6941 10839
6941 10839 11254
10839 6941 11254
1820 3405 8148
8148 1820 3405
3405 1820 8148
162 7435 9372
7435 162 9372
9372 162 7435
7366 7676 14819
7676 7366 14819
14819 7366 7676
6795 4291 4949
4291 4949 6795
4949 4291 6795
5821 1012 14646
14646 1012 5821
1012 5821 14646
7246 2765 5560
2765 5560 7246
5560 2765 7246
11556 6310 11076
6310 11076 11556
11076 6310 11556
104 371 8345
8345 104 371
371 104 8345
689 7586 12850
7586 689 12850
12850 689 7586
9571 6728 10439
10439 6728 9571
6728 9571 10439
1137 6260 10322
6260 1137 10322
10322 1137 6260
2257 1222 11379
11379 1222 2257
1222 2257 11379
9266 270 5663
5663 270 9266
270 5663 9266
9272 9519 10488
10488 9272 9519
9519 9272 10488
13011 6003 10503
10503 6003 13011
6003 10503 13011
2133 2297 4817
2297 2133 4817
4817 2133 2297
8845 3502 9661
9661 3502 8845
3502 8845 9661
901 3638 13997
13997 901 3638
3638 901 13997
717 2550 11367
11367 717 2550
2550 717 11367
4441 672 13948
13948 672 4441
672 4441 13948
14478 3190 7529
7529 3190 14478
3190 7529 14478
14862 2598 6674
6674 2598 14862
2598 6674 14862
3968 939 1664
1664 939 3968
939 1664 3968
9729 744 2347
2347 744 9729
744 2347 9729
8090 13019 13213
13213 8090 13019
13019 8090 13213
9522 583 2894
2894 583 9522
583 2894 9522
12946 126 12156
12156 126 12946
126 12156 12946
1766 12020 14235
14235 1766 12020
12020 1766 14235
12265 5831 12575
12575 5831 12265
5831 12265 12575
10379 10960 14741
10960 10379 14741
14741 10379 10960
240 3883 9847
3883 240 9847
9847 240 3883
10579 1709 3451
3451 1709 10579
1709 3451 10579
11150 1156 13584
1156 11150 13584
13584 1156 11150
3777 6075 8999
6075 3777 8999
8999 3777 6075
3703 9679 12912
12912 3703 9679
9679 3703 12912
3250 8390 13249
8390 3250 13249
13249 3250 8390
12134 2618 4141
4141 2618 12134
2618 4141 12134
5355 5059 6825
6825 5059 5355
5059 5355 6825
9177 1911 1961
1961 1911 9177
1911 1961 9177
9795 3207 3937
3937 3207 9795
3207 3937 9795
8615 6142 12544
6142 8615 12544
12544 6142 8615
10945 4504 12137
12137 4504 10945
4504 10945 12137
10871 4191 11596
11596 4191 10871
4191 10871 11596
9962 9082 12944
12944 9082 9962
9082 9962 12944
14947 457 12904
12904 457 14947
457 12904 14947
12606 7491 11954
7491 11954 12606
11954 7491 12606
13389 2510 7513
2510 7513 13389
7513 2510 13389
10190 5889 11967
5889 10190 11967
11967 5889 10190
8830 7119 10340
7119 8830 10340
10340 7119 8830
12095 2737 6859
6859 2737 12095
2737 6859 12095
12026 57 14469
14469 57 12026
57 12026 14469
5315 7625 10102
10102 5315 7625
7625 5315 10102
12509 1522 2038
1522 2038 12509
2038 1522 12509
221 2552 11997
2552 221 11997
11997 221 2552
5038 766 9697
9697 766 5038
766 5038 9697
11352 8333 11604
8333 11352 11604
11604 8333 11352
14666 4452 7630
4452 7630 14666
7630 4452 14666
6235 7460 8269
7460 6235 8269
8269 6235 7460
8266 263 14760
263 8266 14760
14760 263 8266
7032 5115 5311
5311 5115 7032
5115 5311 7032
13479 5212 10284
10284 5212 13479
5212 10284 13479
11851 2839 11570
11570 2839 11851
2839 11570 11851
13675 1147 10979
1147 10979 13675
10979 1147 13675
4777 13934 14994
14994 4777 13934
13934 4777 14994
10445 8361 13136
13136 8361 10445
8361 10445 13136
12892 3058 12287
12287 3058 12892
3058 12287 12892
12985 1804 4787
4787 1804 12985
1804 4787 12985
6119 13178 13791
13178 6119 13791
13791 6119 13178
6437 3104 6432
3104 6432 6437
6432 3104 6437
5448 11172 13600
13600 5448 11172
11172 5448 13600
12116 8653 10966
8653 10966 12116
10966 8653 12116
14889 13351 14183
13351 14183 14889
14183 13351 14889
7940 3233 3545
3545 3233 7940
3233 3545 7940
2367 6101 9887
6101 2367 9887
9887 2367 6101
10775 5921 6699
5921 6699 10775
6699 5921 10775
12835 5521 13017
5521 12835 13017
13017 5521 12835
10283 1306 3114
3114 1306 10283
1306 3114 10283
5834 1810 2282
1810 2282 5834
2282 1810 5834
10640 2683 7929
7929 2683 10640
2683 7929 10640
5390 1517 10370
1517 5390 10370
10370 1517 5390
9556 2852 4923
4923 2852 9556
2852 4923 9556
396 7236 8532
8532 396 7236
7236 396 8532
503 1353 1990
1990 503 1353
1353 503 1990
13527 3154 13227
13227 3154 13527
3154 13227 13527
13799 2015 8810
2015 8810 13799
8810 2015 13799
10940 1440 7592
7592 1440 10940
1440 7592 10940
14025 361 9978
9978 361 14025
361 9978 14025
2425 9433 14650
14650 2425 9433
9433 2425 14650
2161 5644 13159
13159 2161 5644
5644 2161 13159
1649 2504 9180
2504 1649 9180
9180 1649 2504
5623 9119 9761
9119 5623 9761
9761 5623 9119
984 6404 12065
12065 984 6404
6404 984 12065
11660 11536 13360
11536 11660 13360
13360 11536 11660
4123 877 11265
877 4123 11265
11265 877 4123
5443 5029 6302
5029 5443 6302
6302 5029 5443
9467 3739 8688
3739 8688 9467
8688 3739 9467
5215 294 8998
294 5215 8998
8998 294 5215
1798 2176 9722
9722 1798 2176
2176 1798 9722
9240 1506 13107
13107 1506 9240
1506 9240 13107
13581 7287 13062
7287 13062 13581
13062 7287 13581
12350 7203 11312
11312 7203 12350
7203 11312 12350
885 5826 9562
9562 885 5826
5826 885 9562
6995 10435 13106
13106 6995 10435
10435 6995 13106
3290 3256 10635
10635 3256 3290
3256 3290 10635
438 11107 13602
13602 438 11107
11107 438 13602
8600 3218 10950
10950 3218 8600
3218 8600 10950
12007 2036 4907
2036 4907 12007
4907 2036 12007
1265 972 7974
7974 972 1265
972 1265 7974
4527 4110 7430
7430 4110 4527
4110 4527 7430
2151 2951 8993
2951 2151 8993
8993 2151 2951
1445 568 8470
568 1445 8470
8470 568 1445
9317 7692 10730
7692 9317 10730
10730 7692 9317
14799 5680 11736
11736 5680 14799
5680 11736 14799
196 4600 8299
8299 196 4600
4600 196 8299
5901 9337 11424
9337 5901 11424
11424 5901 9337
4111 550 5895
5895 550 4111
550 4111 5895
7463 3473 13888
3473 7463 13888
13888 3473 7463
3279 2237 6143
6143 2237 3279
2237 3279 6143
10273 5838 11223
5838 10273 11223
11223 5838 10273
1833 2051 3392
2051 1833 3392
3392 1833 2051
7083 197 9699
197 7083 9699
9699 197 7083
11744 5520 14626
5520 11744 14626
14626 5520 11744
10253 5748 8256
5748 8256 10253
8256 5748 10253
10702 5606 9015
5606 9015 10702
9015 5606 10702
2493 12061 13283
13283 2493 12061
12061 2493 13283
12062 8092 11666
8092 11666 12062
11666 8092 12062
10594 5833 14053
5833 10594 14053
14053 5833 10594
3102 4584 9295
4584 3102 9295
9295 3102 4584
913 4407 10526
4407 913 10526
10526 913 4407
14980 9501 10299
10299 9501 14980
9501 10299 14980
574 3399 6005
6005 574 3399
3399 574 6005
8556 8047 9565
9565 8047 8556
8047 8556 9565
14227 9529 11180
9529 11180 14227
11180 9529 14227
10392 780 14890
780 10392 14890
14890 780 10392
12424 375 8303
8303 375 12424
375 8303 12424
5036 42 14832
14832 42 5036
42 5036 14832
2428 2324 5328
2324 2428 5328
5328 2324 2428
10078 1877 10832
10832 1877 10078
1877 10078 10832
9553 4732 7213
4732 7213 9553
7213 4732 9553
7055 4643 9424
9424 4643 7055
4643 7055 9424
9159 6834 14015
14015 6834 9159
6834 9159 14015
7242 807 14214
807 7242 14214
14214 807 7242
558 7962 11582
11582 558 7962
7962 558 11582
4023 6549 9425
9425 4023 6549
6549 4023 9425
8715 11073 13603
13603 8715 11073
11073 8715 13603
2433 10840 11962
11962 2433 10840
10840 2433 11962
5269 7453 14261
14261 5269 7453
7453 5269 14261
10924 11830 13969
11830 10924 13969
13969 10924 11830
16 644 11757
644 16 11757
11757 16 644
14150 9622 10990
9622 10990 14150
10990 9622 14150
6201 1263 14938
14938 1263 6201
1263 6201 14938
8898 4540 9171
9171 4540 8898
4540 8898 9171
7544 3258 14662
3258 7544 14662
14662 3258 7544
14430 9308 14222
14222 9308 14430
9308 14222 14430
8928 2452 8036
2452 8036 8928
8036 2452 8928
10935 4148 9464
9464 4148 10935
4148 9464 10935
4071 4338 12429
4338 4071 12429
12429 4071 4338
6503 7805 10593
7805 6503 10593
10593 6503 7805
2757 2688 11257
2688 2757 11257
11257 2688 2757
2369 2175 3234
3234 2175 2369
2175 2369 3234
13005 8770 9085
8770 9085 13005
9085 8770 13005
14556 12973 14861
14861 12973 14556
12973 14556 14861
4282 696 14460
14460 696 4282
696 4282 14460
6580 830 12417
830 6580 12417
12417 830 6580
10793 1242 14934
14934 1242 10793
1242 10793 14934
10207 7422 9327
7422 9327 10207
9327 7422 10207
8909 5583 8545
8545 5583 8909
5583 8545 8909
13744 5244 13375
5244 13375 13744
13375 5244 13744
1426 4941 12174
12174 1426 4941
4941 1426 12174
9258 4054 4297
4054 4297 9258
4297 4054 9258
12212 2398 13364
13364 2398 12212
2398 12212 13364
5987 6365 14123
6365 5987 14123
14123 5987 6365
9336 43 3117
3117 43 9336
43 3117 9336
542 5250 5902
5902 542 5250
5250 542 5902
11282 3054 7555
3054 7555 11282
7555 3054 11282
6922 10489 11672
11672 6922 10489
10489 6922 11672
8589 236 10064
236 8589 10064
10064 236 8589
12145 4461 11383
4461 11383 12145
11383 4461 12145
11914 11068 14853
11068 11914 14853
14853 11068 11914
4895 1193 12503
1193 4895 12503
12503 1193 4895
7920 12028 13949
13949 7920 12028
12028 7920 13949
3384 12083 12786
12083 3384 12786
12786 3384 12083
1996 1328 11929
11929 1328 1996
1328 1996 11929
