12348 8389 9297
9297 8389 12348
8389 9297 12348
14300 6610 14084
14084 6610 14300
6610 14084 14300
3342 298 13911
298 3342 13911
13911 298 3342
5228 3175 11914
3175 5228 11914
11914 3175 5228
7944 3911 4169
4169 3911 7944
3911 4169 7944
10761 9506 10988
10988 9506 10761
9506 10761 10988
9671 2296 3714
3714 2296 9671
2296 3714 9671
9337 2531 7121
2531 7121 9337
7121 2531 9337
2975 148 7014
7014 148 2975
148 2975 7014
13887 6116 10106
6116 10106 13887
10106 6116 13887
2773 2279 7781
7781 2279 2773
2279 2773 7781
8437 3353 7879
7879 3353 8437
3353 7879 8437
3870 8707 13304
8707 3870 13304
13304 3870 8707
12720 2747 8308
8308 2747 12720
2747 8308 12720
11059 9869 12423
12423 9869 11059
9869 11059 12423
9619 5333 9606
9606 5333 9619
5333 9606 9619
4126 10986 11470
11470 4126 10986
10986 4126 11470
14437 1621 5581
1621 5581 14437
5581 1621 14437
12197 12605 13275
13275 12197 12605
12605 12197 13275
8010 5225 8378
8378 5225 8010
5225 8010 8378
11714 11745 13336
11745 11714 13336
13336 11714 11745
6819 5007 6582
5007 6582 6819
6582 5007 6819
1587 7872 10675
10675 1587 7872
7872 1587 10675
5415 3535 8228
8228 3535 5415
3535 5415 8228
5382 4842 13866
13866 4842 5382
4842 5382 13866
10409 4075 5311
4075 5311 10409
5311 4075 10409
12798 4649 9641
9641 4649 12798
4649 9641 12798
7844 12299 14378
14378 7844 12299
12299 7844 14378
12345 2675 5166
5166 2675 12345
2675 5166 12345
14556 6519 13876
13876 6519 14556
6519 13876 14556
13665 5267 11268
11268 5267 13665
5267 11268 13665
10187 9212 9454
9212 9454 10187
9454 9212 10187
6555 7884 14068
7884 6555 14068
14068 6555 7884
3847 8180 11799
11799 3847 8180
8180 3847 11799
2772 4222 12147
12147 2772 4222
4222 2772 12147
2880 5659 11029
11029 2880 5659
5659 2880 11029
4953 11310 12666
11310 4953 12666
12666 4953 11310
13963 7135 12029
12029 7135 13963
7135 12029 13963
9379 2253 11772
11772 2253 9379
2253 9379 11772
6146 2985 14535
2985 6146 14535
14535 2985 6146
14493 5507 7357
7357 5507 14493
5507 7357 14493
6503 47 7734
47 6503 7734
7734 47 6503
12939 604 14992
14992 604 12939
604 12939 14992
3664 11823 12255
11823 3664 12255
12255 3664 11823
9074 6842 12258
12258 6842 9074
6842 9074 12258
13869 2779 14053
2779 13869 14053
14053 2779 13869
9848 1415 9142
9142 1415 9848
1415 9142 9848
10679 873 9936
873 9936 10679
9936 873 10679
2656 4045 8145
4045 2656 8145
8145 2656 4045
10496 5924 6690
5924 6690 10496
6690 5924 10496
11862 8449 10831
10831 8449 11862
8449 10831 11862
14957 5412 9209
5412 9209 14957
9209 5412 14957
7213 4904 10748
10748 4904 7213
4904 7213 10748
1954 175 9382
175 1954 9382
9382 175 1954
8554 6754 7911
6754 7911 8554
7911 6754 8554
11066 4465 11022
4465 11022 11066
11022 4465 11066
8603 3200 5039
3200 5039 8603
5039 3200 8603
4141 7419 12561
7419 4141 12561
12561 4141 7419
10109 1330 10713
10713 1330 10109
1330 10109 10713
2680 664 3770
664 2680 3770
3770 664 2680
9700 4765 8990
4765 8990 9700
8990 4765 9700
13932 1151 13584
1151 13584 13932
13584 1151 13932
5468 2730 11164
2730 5468 11164
11164 2730 5468
787 5060 14342
5060 787 14342
14342 787 5060
108 3438 7990
7990 108 3438
3438 108 7990
10021 13930 14292
13930 10021 14292
14292 10021 13930
8089 4112 13355
4112 8089 13355
13355 4112 8089
11676 9523 12212
9523 11676 12212
12212 9523 11676
2737 3912 7107
7107 2737 3912
3912 2737 7107
4348 4058 10023
10023 4058 4348
4058 4348 10023
8993 8124 11154
8124 8993 11154
11154 8124 8993
3304 2078 14882
14882 2078 3304
2078 3304 14882
5718 6083 6289
6289 5718 6083
6083 5718 6289
5092 7293 14765
7293 5092 14765
14765 5092 7293
5227 2925 13131
2925 5227 13131
13131 2925 5227
140 1839 6938
6938 140 1839
1839 140 6938
13625 5268 6779
6779 5268 13625
5268 6779 13625
13532 176 4168
4168 176 13532
176 4168 13532
10724 343 7094
7094 343 10724
343 7094 10724
1462 754 13653
13653 754 1462
754 1462 13653
4128 1566 8663
1566 4128 8663
8663 1566 4128
6234 1665 7484
1665 6234 7484
7484 1665 6234
13852 5841 6715
6715 5841 13852
5841 6715 13852
6829 1491 10772
10772 1491 6829
1491 6829 10772
2684 258 14984
14984 258 2684
258 2684 14984
1205 3258 14010
14010 1205 3258
3258 1205 14010
7374 1608 4258
4258 1608 7374
1608 4258 7374
13125 5301 13794
5301 13125 13794
13794 5301 13125
10429 1642 6160
6160 1642 10429
1642 6160 10429
8519 9542 14078
9542 8519 14078
14078 8519 9542
1872 837 10325
10325 837 1872
837 1872 10325
10532 724 5104
724 5104 10532
5104 724 10532
13235 12851 14031
12851 13235 14031
14031 12851 13235
7572 1555 13659
1555 7572 13659
13659 1555 7572
14631 5462 13615
13615 5462 14631
5462 13615 14631
10746 3205 6670
6670 3205 10746
3205 6670 10746
6787 10594 14290
14290 6787 10594
10594 6787 14290
7271 2666 6644
6644 2666 7271
2666 6644 7271
11130 6297 11263
6297 11130 11263
11263 6297 11130
5943 6221 12719
12719 5943 6221
6221 5943 12719
12095 7244 9271
9271 7244 12095
7244 9271 12095
13701 4798 11606
11606 4798 13701
4798 11606 13701
9668 9860 12391
12391 9668 9860
9860 9668 12391
56 4545 13686
4545 56 13686
13686 56 4545
5656 12999 14976
14976 5656 12999
12999 5656 14976
12511 9159 12974
9159 12511 12974
12974 9159 12511
14945 5413 11227
11227 5413 14945
5413 11227 14945
11533 8001 8922
8922 8001 11533
8001 8922 11533
14569 2498 9211
9211 2498 14569
2498 9211 14569
450 1245 5327
1245 450 5327
5327 450 1245
2558 5418 6799
5418 2558 6799
6799 2558 5418
6730 12224 13448
13448 6730 12224
12224 6730 13448
13969 1230 14231
14231 1230 13969
1230 13969 14231
375 2584 8772
8772 375 2584
2584 375 8772
4618 9359 10189
9359 4618 10189
10189 4618 9359
13284 6255 6487
6487 6255 13284
6255 6487 13284
6624 8787 11156
11156 6624 8787
8787 6624 11156
9260 1901 7140
1901 7140 9260
7140 1901 9260
5763 4241 13664
13664 4241 5763
4241 5763 13664
8945 4057 8489
4057 8489 8945
8489 4057 8945
8755 9615 10935
9615 8755 10935
10935 8755 9615
4763 1185 6985
1185 4763 6985
6985 1185 4763
1888 7753 9112
9112 1888 7753
7753 1888 9112
11851 867 9666
867 9666 11851
9666 867 11851
8348 5936 6379
5936 6379 8348
6379 5936 8348
2244 8997 9887
8997 2244 9887
9887 2244 8997
8952 3856 8701
3856 8701 8952
8701 3856 8952
5172 2390 5752
2390 5172 5752
5752 2390 5172
13450 9681 10752
10752 9681 13450
9681 10752 13450
14862 6698 13940
13940 6698 14862
6698 13940 14862
4393 2733 2973
2733 2973 4393
2973 2733 4393
12412 2591 13617
2591 12412 13617
13617 2591 12412
2463 424 9027
9027 424 2463
424 2463 9027
10634 7647 13694
13694 7647 10634
7647 10634 13694
2121 1597 12973
12973 1597 2121
1597 2121 12973
4613 4083 5959
5959 4083 4613
4083 4613 5959
8415 331 5521
5521 331 8415
331 5521 8415
239 4952 12480
4952 239 12480
12480 239 4952
14313 6267 11404
11404 6267 14313
6267 11404 14313
8664 4133 7345
4133 7345 8664
7345 4133 8664
13571 2977 5190
2977 5190 13571
5190 2977 13571
8164 6335 13032
6335 8164 13032
13032 6335 8164
13647 5084 6532
5084 6532 13647
6532 5084 13647
14883 637 752
637 752 14883
752 637 14883
1680 1441 2763
2763 1441 1680
1441 1680 2763
13190 5809 11378
11378 5809 13190
5809 11378 13190
5755 3107 11595
11595 3107 5755
3107 5755 11595
508 4129 4469
4469 508 4129
4129 508 4469
3024 799 10596
10596 799 3024
799 3024 10596
3563 3083 8875
3083 3563 8875
8875 3083 3563
10642 5957 8983
8983 5957 10642
5957 8983 10642
9493 4876 14104
14104 4876 9493
4876 9493 14104
8149 3421 6346
3421 6346 8149
6346 3421 8149
6971 11092 14858
14858 6971 11092
11092 6971 14858
13392 11095 14449
14449 11095 13392
11095 13392 14449
10984 2259 8560
2259 8560 10984
8560 2259 10984
14294 6430 12365
12365 6430 14294
6430 12365 14294
1670 10380 10511
10380 1670 10511
10511 1670 10380
4548 12390 14032
14032 4548 12390
12390 4548 14032
13266 13387 14149
14149 13266 13387
13387 13266 14149
2433 8776 11881
11881 2433 8776
8776 2433 11881
1625 2987 13084
2987 1625 13084
13084 1625 2987
6929 6278 8285
8285 6278 6929
6278 6929 8285
11602 7767 12339
12339 7767 11602
7767 11602 12339
922 1079 13255
1079 922 13255
13255 922 1079
14905 9630 10922
9630 10922 14905
10922 9630 14905
5623 630 6258
6258 630 5623
630 5623 6258
8837 2016 5618
5618 2016 8837
2016 5618 8837
3662 1926 4052
4052 1926 3662
1926 3662 4052
12519 3326 5884
5884 3326 12519
3326 5884 12519
1993 2336 5556
5556 1993 2336
2336 1993 5556
9234 10301 11996
10301 9234 11996
11996 9234 10301
4722 1246 3357
3357 1246 4722
1246 3357 4722
5774 7166 8179
8179 5774 7166
7166 5774 8179
7516 6722 9141
9141 6722 7516
6722 7516 9141
1389 4704 4746
4746 1389 4704
4704 1389 4746
5407 693 6781
693 5407 6781
6781 693 5407
4727 13198 13542
13198 4727 13542
13542 4727 13198
12936 11651 12113
12113 11651 12936
11651 12113 12936
7725 2530 7297
2530 7297 7725
7297 2530 7725
14428 10219 11926
10219 11926 14428
11926 10219 14428
4607 9132 12608
12608 4607 9132
9132 4607 12608
9774 4769 6288
6288 4769 9774
4769 6288 9774
15 2718 14961
2718 15 14961
14961 15 2718
3500 636 14670
14670 636 3500
636 3500 14670
10882 3437 5088
5088 3437 10882
3437 5088 10882
6002 262 8258
262 6002 8258
8258 262 6002
1492 6394 12303
6394 1492 12303
12303 1492 6394
8891 438 4493
4493 438 8891
438 4493 8891
2672 11283 12387
11283 2672 12387
12387 2672 11283
3762 5044 11057
11057 3762 5044
5044 3762 11057
12461 589 1394
589 1394 12461
1394 589 12461
7850 4530 6105
4530 6105 7850
6105 4530 7850
13797 12928 15000
15000 12928 13797
12928 13797 15000
7232 1999 12675
12675 1999 7232
1999 7232 12675
1710 6252 9163
6252 1710 9163
9163 1710 6252
12426 2462 10731
2462 10731 12426
10731 2462 12426
3218 8480 12342
8480 3218 12342
12342 3218 8480
9479 1023 1306
1306 1023 9479
1023 1306 9479
11930 2953 6570
2953 6570 11930
6570 2953 11930
4497 12157 13498
13498 4497 12157
12157 4497 13498
2637 10611 11090
10611 2637 11090
11090 2637 10611
5479 712 1248
712 1248 5479
1248 712 5479
14373 10694 12893
10694 12893 14373
12893 10694 14373
7389 4965 9453
9453 4965 7389
4965 7389 9453
12703 6597 10833
6597 10833 12703
10833 6597 12703
7267 1239 5436
1239 5436 7267
5436 1239 7267
11244 5042 10974
5042 10974 11244
10974 5042 11244
3005 5121 14422
5121 3005 14422
14422 3005 5121
13434 7282 9119
9119 7282 13434
7282 9119 13434
4907 5222 7119
7119 4907 5222
5222 4907 7119
10007 7713 12100
7713 10007 12100
12100 7713 10007
5934 267 2324
267 2324 5934
2324 267 5934
7804 164 11342
164 7804 11342
11342 164 7804
7632 5256 11857
11857 5256 7632
5256 7632 11857
9015 1149 11593
1149 9015 11593
11593 1149 9015
13306 5369 14208
5369 13306 14208
14208 5369 13306
13023 6035 11978
6035 11978 13023
11978 6035 13023
3943 2965 8745
2965 3943 8745
8745 2965 3943
11284 7176 13994
13994 7176 11284
7176 11284 13994
10480 680 8880
8880 680 10480
680 8880 10480
12428 9663 12096
12096 9663 12428
9663 12096 12428
325 7133 11414
11414 325 7133
7133 325 11414
6125 4395 8394
8394 4395 6125
4395 6125 8394
6732 2686 8385
2686 6732 8385
8385 2686 6732
7482 7367 9069
9069 7367 7482
7367 7482 9069
4929 9568 11237
9568 4929 11237
11237 4929 9568
14326 3373 3932
3932 3373 14326
3373 3932 14326
5110 4355 6077
4355 5110 6077
6077 4355 5110
155 4026 5410
4026 155 5410
5410 155 4026
5602 5948 9996
5948 5602 9996
9996 5602 5948
296 9916 9978
9916 296 9978
9978 296 9916
1489 5344 10129
10129 1489 5344
5344 1489 10129
8746 6459 13382
13382 6459 8746
6459 8746 13382
7826 426 5854
5854 426 7826
426 5854 7826
83 4115 14440
14440 83 4115
4115 83 14440
10795 6447 9941
6447 9941 10795
9941 6447 10795
10115 6665 14541
6665 10115 14541
14541 6665 10115
13424 1692 5028
1692 5028 13424
5028 1692 13424
6983 562 10828
10828 562 6983
562 6983 10828
10095 4212 7964
4212 7964 10095
7964 4212 10095
14729 7922 9543
9543 7922 14729
7922 9543 14729
13007 5050 9782
5050 9782 13007
9782 5050 13007
4979 9958 10393
9958 4979 10393
10393 4979 9958
8137 2801 8379
2801 8137 8379
8379 2801 8137
11324 3182 13468
13468 3182 11324
3182 11324 13468
12250 2655 5993
5993 2655 12250
2655 5993 12250
13073 341 7697
7697 341 13073
341 7697 13073
12078 6073 8931
8931 6073 12078
6073 8931 12078
10536 180 12442
180 10536 12442
12442 180 10536
9670 8159 10868
10868 8159 9670
8159 9670 10868
12403 4274 7637
4274 7637 12403
7637 4274 12403
10962 2782 7158
7158 2782 10962
2782 7158 10962
4253 8046 12218
12218 4253 8046
8046 4253 12218
11706 3640 7904
3640 7904 11706
7904 3640 11706
6800 7897 9488
7897 6800 9488
9488 6800 7897
3420 7694 10943
10943 3420 7694
7694 3420 10943
646 3695 3920
3695 646 3920
3920 646 3695
11730 4064 13018
13018 4064 11730
4064 11730 13018
3723 10454 14902
14902 3723 10454
10454 3723 14902
1545 3341 12436
3341 1545 12436
12436 1545 3341
5254 1041 12612
12612 1041 5254
1041 5254 12612
5427 1484 2951
2951 1484 5427
1484 2951 5427
12363 5343 8368
5343 8368 12363
8368 5343 12363
12513 2151 2451
2151 2451 12513
2451 2151 12513
9990 11906 14297
14297 9990 11906
11906 9990 14297
3919 1221 2652
1221 2652 3919
2652 1221 3919
13700 5843 10406
5843 10406 13700
10406 5843 13700
9758 1008 3460
1008 3460 9758
3460 1008 9758
14420 5463 6352
6352 5463 14420
5463 6352 14420
3629 2920 11828
11828 2920 3629
2920 3629 11828
5872 1743 9397
1743 5872 9397
9397 1743 5872
8187 6244 13475
13475 6244 8187
6244 8187 13475
10543 856 1775
1775 856 10543
856 1775 10543
14017 10032 10094
10094 10032 14017
10032 10094 14017
12531 642 11637
11637 642 12531
642 11637 12531
13452 7447 8322
8322 7447 13452
7447 8322 13452
14530 1264 10978
1264 10978 14530
10978 1264 14530
3471 3397 12587
3397 3471 12587
12587 3397 3471
2448 13189 13882
13882 2448 13189
13189 2448 13882
11726 11817 14561
14561 11726 11817
11817 11726 14561
12843 3333 11172
3333 11172 12843
11172 3333 12843
217 7681 10569
7681 217 10569
10569 217 7681
12475 7128 11630
11630 7128 12475
7128 11630 12475
14390 2021 3873
3873 2021 14390
2021 3873 14390
10500 2352 11683
2352 10500 11683
11683 2352 10500
3141 10766 13955
10766 3141 13955
13955 3141 10766
9685 977 1619
1619 977 9685
977 1619 9685
1432 4091 14085
14085 1432 4091
4091 1432 14085
13308 12079 12765
12765 12079 13308
12079 12765 13308
6653 6537 14246
6537 6653 14246
14246 6537 6653
6491 861 10843
10843 861 6491
861 6491 10843
10548 4013 10260
4013 10260 10548
10260 4013 10548
12311 3481 8381
8381 3481 12311
3481 8381 12311
1179 2585 3846
3846 1179 2585
2585 1179 3846
14869 5433 6733
5433 6733 14869
6733 5433 14869
12756 7912 14413
7912 12756 14413
14413 7912 12756
169 6388 6844
6388 169 6844
6844 169 6388
2764 4004 13861
4004 2764 13861
13861 2764 4004
14777 4820 10283
10283 4820 14777
4820 10283 14777
8588 1612 5808
1612 5808 8588
5808 1612 8588
877 13874 14159
13874 877 14159
14159 877 13874
5384 10 14522
10 5384 14522
14522 10 5384
11000 2226 2901
2226 2901 11000
2901 2226 11000
11608 1348 14169
14169 1348 11608
1348 11608 14169
10000 2570 6586
6586 2570 10000
2570 6586 10000
11895 650 736
736 650 11895
650 736 11895
9807 5340 11679
5340 9807 11679
11679 5340 9807
11563 8542 11788
11788 8542 11563
8542 11563 11788
2902 6177 9529
9529 2902 6177
6177 2902 9529
12986 3884 11948
3884 11948 12986
11948 3884 12986
10214 4440 11076
4440 10214 11076
11076 4440 10214
6098 12469 13217
13217 6098 12469
12469 6098 13217
10890 4839 4868
4839 4868 10890
4868 4839 10890
12688 886 4669
4669 886 12688
886 4669 12688
1753 4368 12889
12889 1753 4368
4368 1753 12889
249 8511 14075
8511 249 14075
14075 249 8511
8337 8684 13837
8684 8337 13837
13837 8337 8684
8262 4771 4791
4771 4791 8262
4791 4771 8262
8708 3628 7931
3628 7931 8708
7931 3628 8708
9136 996 2639
996 2639 9136
2639 996 9136
14201 7190 8486
7190 8486 14201
8486 7190 14201
1881 10925 10973
10925 1881 10973
10973 1881 10925
1953 13370 13920
13920 1953 13370
13370 1953 13920
2469 347 8620
8620 347 2469
347 2469 8620
7688 1417 6818
6818 1417 7688
1417 6818 7688
11009 10077 11266
10077 11009 11266
11266 10077 11009
10403 1468 11638
1468 10403 11638
11638 1468 10403
12753 27 7346
7346 27 12753
27 7346 12753
5505 6874 10234
10234 5505 6874
6874 5505 10234
5816 200 13309
13309 200 5816
200 5816 13309
39 2265 7916
2265 39 7916
7916 39 2265
2235 687 5085
5085 687 2235
687 2235 5085
3315 7752 7851
7851 3315 7752
7752 3315 7851
13633 1083 11212
11212 1083 13633
1083 11212 13633
9471 1229 9315
9315 1229 9471
1229 9315 9471
8398 355 4353
355 4353 8398
4353 355 8398
6079 690 5800
690 5800 6079
5800 690 6079
2359 8575 13970
13970 2359 8575
8575 2359 13970
3232 4451 9484
9484 3232 4451
4451 3232 9484
13510 1635 7789
1635 7789 13510
7789 1635 13510
7923 2476 8792
2476 7923 8792
8792 2476 7923
9768 2182 9766
2182 9766 9768
9766 2182 9768
8907 6473 8425
8425 6473 8907
6473 8425 8907
10249 4983 8785
4983 8785 10249
8785 4983 10249
7834 5022 6462
5022 6462 7834
6462 5022 7834
1696 213 1396
1396 213 1696
213 1396 1696
2028 4653 12425
4653 2028 12425
12425 2028 4653
14821 2318 2600
2600 2318 14821
2318 2600 14821
10585 6418 13406
6418 10585 13406
13406 6418 10585
8496 4785 11749
4785 8496 11749
11749 4785 8496
13554 5292 11436
5292 11436 13554
11436 5292 13554
5388 844 1514
844 1514 5388
1514 844 5388
14411 1251 8980
8980 1251 14411
1251 8980 14411
1575 12639 14859
14859 1575 12639
12639 1575 14859
4712 11943 12217
11943 4712 12217
12217 4712 11943
10541 5732 11207
5732 10541 11207
11207 5732 10541
4829 7452 9890
9890 4829 7452
7452 4829 9890
11737 2836 6492
6492 2836 11737
2836 6492 11737
2635 767 4883
4883 767 2635
767 2635 4883
4976 2895 12534
12534 2895 4976
2895 4976 12534
3234 458 5676
5676 458 3234
458 3234 5676
2108 10629 12220
12220 2108 10629
10629 2108 12220
4378 9609 14594
9609 4378 14594
14594 4378 9609
3850 1944 13461
13461 1944 3850
1944 3850 13461
6072 8491 12786
8491 6072 12786
12786 6072 8491
4724 6614 8935
8935 4724 6614
6614 4724 8935
1846 2711 11696
11696 1846 2711
2711 1846 11696
8233 5748 12186
5748 8233 12186
12186 5748 8233
13008 8280 12762
12762 8280 13008
8280 12762 13008
2027 6071 14250
6071 2027 14250
14250 2027 6071
2242 778 7453
778 2242 7453
7453 778 2242
6285 5354 6522
6522 5354 6285
5354 6285 6522
4350 6419 14158
6419 4350 14158
14158 4350 6419
11886 696 10255
696 10255 11886
10255 696 11886
7114 1712 12564
12564 1712 7114
1712 7114 12564
7470 7936 10516
10516 7470 7936
7936 7470 10516
836 7328 11465
11465 836 7328
7328 836 11465
2521 5555 6712
5555 2521 6712
6712 2521 5555
11622 10119 11520
11520 10119 11622
10119 11520 11622
2248 4819 9665
4819 2248 9665
9665 2248 4819
12654 7898 14918
14918 7898 12654
7898 12654 14918
565 7245 10153
7245 565 10153
10153 565 7245
8972 6621 14565
14565 6621 8972
6621 8972 14565
5517 4135 7303
4135 5517 7303
7303 4135 5517
292 10481 14749
10481 292 14749
14749 292 10481
13138 5364 9169
5364 9169 13138
9169 5364 13138
8452 8848 9466
8848 8452 9466
9466 8452 8848
5861 7630 11908
7630 5861 11908
11908 5861 7630
13825 4721 7714
7714 4721 13825
4721 7714 13825
6130 5360 13068
5360 6130 13068
13068 5360 6130
14939 5485 10343
5485 10343 14939
10343 5485 14939
751 6216 11900
11900 751 6216
6216 751 11900
4097 8048 13545
8048 4097 13545
13545 4097 8048
9873 9047 12684
12684 9047 9873
9047 9873 12684
6360 2677 4990
4990 2677 6360
2677 4990 6360
3750 7543 12967
7543 3750 12967
12967 3750 7543
390 2062 14156
14156 390 2062
2062 390 14156
335 4016 11916
4016 335 11916
11916 335 4016
14896 2555 13310
13310 2555 14896
2555 13310 14896
4968 13183 13327
13327 4968 13183
13183 4968 13327
4744 6424 9618
9618 4744 6424
6424 4744 9618
2357 9310 11074
11074 2357 9310
9310 2357 11074
7783 3544 3836
3836 3544 7783
3544 3836 7783
4690 13497 13872
13872 4690 13497
13497 4690 13872
3815 2449 12550
12550 2449 3815
2449 3815 12550
13846 6349 8275
6349 8275 13846
8275 6349 13846
12500 9570 11756
11756 9570 12500
9570 11756 12500
12418 123 4599
4599 123 12418
123 4599 12418
12744 6988 8036
6988 8036 12744
8036 6988 12744
2903 1771 11096
11096 1771 2903
1771 2903 11096
1411 2679 7742
2679 1411 7742
7742 1411 2679
4457 7795 12860
7795 4457 12860
12860 4457 7795
8892 8730 9986
9986 8730 8892
8730 8892 9986
14808 6735 13682
6735 13682 14808
13682 6735 14808
1324 8435 10829
8435 1324 10829
10829 1324 8435
4557 1883 11290
1883 4557 11290
11290 1883 4557
5703 7717 13495
7717 5703 13495
13495 5703 7717
13726 670 8762
8762 670 13726
670 8762 13726
14941 8829 13137
8829 13137 14941
13137 8829 14941
11129 6054 9584
6054 9584 11129
9584 6054 11129
1887 8941 13261
8941 1887 13261
13261 1887 8941
84 1127 8718
8718 84 1127
1127 84 8718
5905 2689 8925
8925 2689 5905
2689 5905 8925
8823 9152 11700
11700 8823 9152
9152 8823 11700
7680 4434 5297
4434 5297 7680
5297 4434 7680
7976 12546 13251
13251 7976 12546
12546 7976 13251
1512 8102 13685
13685 1512 8102
8102 1512 13685
9765 1506 13986
13986 1506 9765
1506 9765 13986
9486 6815 14852
14852 6815 9486
6815 9486 14852
2577 871 14279
871 2577 14279
14279 871 2577
5240 12162 13279
12162 5240 13279
13279 5240 12162
12172 3485 11430
3485 11430 12172
11430 3485 12172
9427 9487 13052
9487 9427 13052
13052 9427 9487
8353 1998 6838
1998 6838 8353
6838 1998 8353
1293 2317 5729
5729 1293 2317
2317 1293 5729
8198 5439 8302
8302 5439 8198
5439 8198 8302
3174 1387 3659
3659 1387 3174
1387 3174 3659
8822 3060 4918
4918 3060 8822
3060 4918 8822
4236 4501 14038
14038 4236 4501
4501 4236 14038
7812 12175 14550
12175 7812 14550
14550 7812 12175
9091 8408 14959
14959 8408 9091
8408 9091 14959
1834 5528 12011
5528 1834 12011
12011 1834 5528
13609 3670 13354
13354 3670 13609
3670 13354 13609
12069 7654 10361
7654 10361 12069
10361 7654 12069
6579 6080 11124
6080 6579 11124
11124 6080 6579
5769 3776 7217
7217 3776 5769
3776 5769 7217
4536 1052 8506
8506 1052 4536
1052 4536 8506
406 6323 7786
6323 406 7786
7786 406 6323
8251 8030 11792
11792 8030 8251
8030 8251 11792
12015 9413 10243
9413 10243 12015
10243 9413 12015
6589 1861 7488
7488 1861 6589
1861 6589 7488
10461 1335 9472
1335 9472 10461
9472 1335 10461
3461 7798 11454
7798 3461 11454
11454 3461 7798
3589 661 9408
9408 661 3589
661 3589 9408
2454 7254 8834
7254 2454 8834
8834 2454 7254
12845 6475 6679
6475 6679 12845
6679 6475 12845
5416 13089 14419
14419 5416 13089
13089 5416 14419
9172 1916 14034
1916 9172 14034
14034 1916 9172
10004 2807 14054
14054 2807 10004
2807 10004 14054
6090 6580 14049
14049 6090 6580
6580 6090 14049
2092 5472 11618
11618 2092 5472
5472 2092 11618
1963 3052 4657
4657 1963 3052
3052 1963 4657
3103 2861 10411
2861 3103 10411
10411 2861 3103
3102 11033 14399
11033 3102 14399
14399 3102 11033
7864 3547 9115
9115 3547 7864
3547 7864 9115
6448 1318 9320
9320 1318 6448
1318 6448 9320
351 11147 12938
12938 351 11147
11147 351 12938
10553 11451 14254
14254 10553 11451
11451 10553 14254
3558 4538 7870
7870 3558 4538
4538 3558 7870
9035 12903 14315
12903 9035 14315
14315 9035 12903
14605 12289 13414
13414 12289 14605
12289 13414 14605
11374 4943 8955
8955 4943 11374
4943 8955 11374
6977 8411 10533
10533 6977 8411
8411 6977 10533
3684 5786 8157
8157 3684 5786
5786 3684 8157
3523 8841 13410
8841 3523 13410
13410 3523 8841
9075 3567 12775
3567 9075 12775
12775 3567 9075
7755 7439 11010
7439 7755 11010
11010 7439 7755
3992 756 11260
11260 756 3992
756 3992 11260
5940 504 13844
504 5940 13844
13844 504 5940
12509 695 3994
3994 695 12509
695 3994 12509
5878 10483 13623
13623 5878 10483
10483 5878 13623
2262 546 5324
546 2262 5324
5324 546 2262
3855 7645 9656
9656 3855 7645
7645 3855 9656
14274 90 4170
90 4170 14274
4170 90 14274
11363 64 4374
64 4374 11363
4374 64 11363
7379 5425 5652
5425 5652 7379
5652 5425 7379
7337 9458 9722
9722 7337 9458
9458 7337 9722
5719 628 13097
628 5719 13097
13097 628 5719
10768 13123 13442
13123 10768 13442
13442 10768 13123
14035 8858 14509
8858 14035 14509
14509 8858 14035
5714 6137 11811
6137 5714 11811
11811 5714 6137
13770 1584 2820
2820 1584 13770
1584 2820 13770
12782 5271 8384
8384 5271 12782
5271 8384 12782
4050 2285 3539
2285 3539 4050
3539 2285 4050
7364 345 13893
345 7364 13893
13893 345 7364
4879 4254 11303
11303 4254 4879
4254 4879 11303
560 1513 1870
1870 560 1513
1513 560 1870
8666 514 2013
514 2013 8666
2013 514 8666
8359 476 4372
476 4372 8359
4372 476 8359
5889 6122 14795
14795 5889 6122
6122 5889 14795
5532 6997 14204
6997 5532 14204
14204 5532 6997
14748 2602 14758
2602 14748 14758
14758 2602 14748
2892 3144 6900
6900 2892 3144
3144 2892 6900
11659 5970 14363
14363 5970 11659
5970 11659 14363
5954 4623 7130
4623 5954 7130
7130 4623 5954
13720 2316 11309
11309 2316 13720
2316 11309 13720
14610 6259 11314
6259 11314 14610
11314 6259 14610
6466 8747 14147
8747 6466 14147
14147 6466 8747
5098 5962 14943
5962 5098 14943
14943 5098 5962
7962 4484 13561
13561 4484 7962
4484 7962 13561
2391 9428 13761
13761 2391 9428
9428 2391 13761
7985 8321 14269
8321 7985 14269
14269 7985 8321
6898 1350 4671
4671 1350 6898
1350 4671 6898
2384 1495 7373
1495 2384 7373
7373 1495 2384
12473 9643 11514
9643 11514 12473
11514 9643 12473
4139 1672 4423
4423 1672 4139
1672 4139 4423
8695 10250 11133
11133 8695 10250
10250 8695 11133
12076 9010 14069
9010 12076 14069
14069 9010 12076
12424 4975 6194
4975 6194 12424
6194 4975 12424
3215 9956 10436
9956 3215 10436
10436 3215 9956
4553 1528 7930
1528 4553 7930
7930 1528 4553
7083 442 9705
442 7083 9705
9705 442 7083
1795 2983 7743
7743 1795 2983
2983 1795 7743
13683 3240 13389
13389 3240 13683
3240 13389 13683
4827 62 3543
3543 62 4827
62 3543 4827
6362 3748 4294
4294 3748 6362
3748 4294 6362
7754 1269 10051
10051 1269 7754
1269 7754 10051
5805 3287 9200
9200 3287 5805
3287 5805 9200
1202 3869 7791
7791 1202 3869
3869 1202 7791
9963 1192 3138
1192 3138 9963
3138 1192 9963
14602 4837 10715
4837 10715 14602
10715 4837 14602
6992 2323 9731
2323 6992 9731
9731 2323 6992
9539 3241 7541
7541 3241 9539
3241 7541 9539
9886 4263 7305
4263 7305 9886
7305 4263 9886
8804 4561 11476
11476 4561 8804
4561 8804 11476
9256 366 1019
366 1019 9256
1019 366 9256
8926 5803 8985
5803 8926 8985
8985 5803 8926
14611 198 1339
1339 198 14611
198 1339 14611
5605 8281 13305
13305 5605 8281
8281 5605 13305
7378 1073 3210
1073 3210 7378
3210 1073 7378
11112 4164 11473
11473 4164 11112
4164 11112 11473
10442 7153 14900
7153 10442 14900
14900 7153 10442
8964 3327 10432
3327 8964 10432
10432 3327 8964
9053 2928 13464
13464 2928 9053
2928 9053 13464
4701 2622 13997
13997 2622 4701
2622 4701 13997
7441 10940 12953
10940 7441 12953
12953 7441 10940
2834 1365 2402
1365 2402 2834
2402 1365 2834
7970 5579 12761
5579 7970 12761
12761 5579 7970
11140 78 12336
12336 78 11140
78 11140 12336
2918 4459 14341
14341 2918 4459
4459 2918 14341
4467 2094 12298
2094 4467 12298
12298 2094 4467
8617 7863 14354
7863 8617 14354
14354 7863 8617
4204 13855 14615
13855 4204 14615
14615 4204 13855
7766 6053 10137
6053 7766 10137
10137 6053 7766
14704 1003 11337
1003 11337 14704
11337 1003 14704
11544 1628 12816
12816 1628 11544
1628 11544 12816
13108 7966 14492
14492 7966 13108
7966 13108 14492
1789 9068 12537
9068 1789 12537
12537 1789 9068
1106 3593 8508
3593 1106 8508
8508 1106 3593
1366 2750 12059
12059 1366 2750
2750 1366 12059
13124 369 9185
369 9185 13124
9185 369 13124
1782 14237 14674
14237 1782 14674
14674 1782 14237
10789 517 8640
517 8640 10789
8640 517 10789
3997 7855 8726
7855 3997 8726
8726 3997 7855
4608 8056 13500
13500 4608 8056
8056 4608 13500
14239 4733 5700
5700 4733 14239
4733 5700 14239
11874 223 13987
13987 223 11874
223 11874 13987
14283 10037 13141
13141 10037 14283
10037 13141 14283
14895 9389 11733
11733 9389 14895
9389 11733 14895
9096 9160 14102
9160 9096 14102
14102 9096 9160
14122 2528 3626
2528 3626 14122
3626 2528 14122
373 7896 10384
10384 373 7896
7896 373 10384
13335 1552 1865
1865 1552 13335
1552 1865 13335
3285 3756 6242
3756 3285 6242
6242 3285 3756
8247 3100 6082
6082 3100 8247
3100 6082 8247
1446 1333 2288
2288 1333 1446
1333 1446 2288
308 4997 8836
4997 308 8836
8836 308 4997
2453 10997 11019
11019 2453 10997
10997 2453 11019
6574 12296 12343
12343 6574 12296
12296 6574 12343
10471 400 7750
7750 400 10471
400 7750 10471
14710 4269 10655
10655 4269 14710
4269 10655 14710
135 2553 3125
2553 135 3125
3125 135 2553
6108 8234 10878
10878 6108 8234
8234 6108 10878
4442 4726 11223
11223 4442 4726
4726 4442 11223
7682 3842 5404
3842 5404 7682
5404 3842 7682
8631 1780 3995
3995 1780 8631
1780 3995 8631
7336 10207 11163
11163 7336 10207
10207 7336 11163
3294 3853 6409
6409 3294 3853
3853 3294 6409
14901 5817 11664
11664 5817 14901
5817 11664 14901
1529 1144 8901
1144 1529 8901
8901 1144 1529
8959 12307 13286
12307 8959 13286
13286 8959 12307
3698 25 4854
4854 25 3698
25 3698 4854
6243 11741 12130
12130 6243 11741
11741 6243 12130
7268 7492 14479
14479 7268 7492
7492 7268 14479
11259 284 6343
284 6343 11259
6343 284 11259
13710 3416 5265
3416 5265 13710
5265 3416 13710
10493 4782 9945
9945 4782 10493
4782 9945 10493
12638 2112 6642
2112 6642 12638
6642 2112 12638
9496 654 3426
3426 654 9496
654 3426 9496
8771 11225 12009
11225 8771 12009
12009 8771 11225
11727 2133 10719
10719 2133 11727
2133 10719 11727
53 12142 13154
13154 53 12142
12142 53 13154
1640 3814 8580
8580 1640 3814
3814 1640 8580
14316 2993 11793
2993 11793 14316
11793 2993 14316
9411 6313 9118
9118 6313 9411
6313 9118 9411
14023 3451 12056
3451 12056 14023
12056 3451 14023
5785 4096 12400
4096 5785 12400
12400 4096 5785
13878 7444 11205
11205 7444 13878
7444 11205 13878
4640 6206 14332
14332 4640 6206
6206 4640 14332
6531 8752 13562
8752 6531 13562
13562 6531 8752
14607 8062 10474
8062 10474 14607
10474 8062 14607
7621 5799 6318
5799 6318 7621
6318 5799 7621
14543 1065 4525
4525 1065 14543
1065 4525 14543
3367 7989 10209
10209 3367 7989
7989 3367 10209
2702 5449 12358
12358 2702 5449
5449 2702 12358
11981 4758 5715
4758 5715 11981
5715 4758 11981
14797 2732 4322
4322 2732 14797
2732 4322 14797
533 1639 8736
8736 533 1639
1639 533 8736
2351 2855 10704
2855 2351 10704
10704 2351 2855
3180 9455 14335
14335 3180 9455
9455 3180 14335
11180 8448 14766
8448 11180 14766
14766 8448 11180
1583 1464 12146
12146 1464 1583
1464 1583 12146
4155 5855 6604
5855 4155 6604
6604 4155 5855
2572 6055 13263
13263 2572 6055
6055 2572 13263
1785 2413 7449
7449 1785 2413
2413 1785 7449
9926 7978 13153
13153 7978 9926
7978 9926 13153
13721 5234 13808
5234 13721 13808
13808 5234 13721
4930 4138 7560
4138 4930 7560
7560 4138 4930
5880 2795 10892
2795 5880 10892
10892 2795 5880
2798 218 2470
218 2470 2798
2470 218 2798
7823 7016 11073
11073 7016 7823
7016 7823 11073
5804 3366 6305
3366 5804 6305
6305 3366 5804
6351 2756 6322
6322 2756 6351
2756 6322 6351
14746 3278 12577
3278 12577 14746
12577 3278 14746
3772 984 5648
5648 984 3772
984 3772 5648
14430 1424 14385
1424 14385 14430
14385 1424 14430
2164 4610 7749
4610 2164 7749
7749 2164 4610
2319 3665 6734
6734 2319 3665
3665 2319 6734
8356 10518 11842
11842 8356 10518
10518 8356 11842
10714 11094 12818
12818 10714 11094
11094 10714 12818
14372 8087 12918
12918 8087 14372
8087 12918 14372
8410 5319 13459
13459 5319 8410
5319 8410 13459
4278 1157 8382
8382 1157 4278
1157 4278 8382
5783 4354 6576
6576 4354 5783
4354 5783 6576
9640 3446 7866
7866 3446 9640
3446 7866 9640
8361 1235 3071
3071 1235 8361
1235 3071 8361
5504 156 3967
3967 156 5504
156 3967 5504
7778 6463 9555
9555 6463 7778
6463 7778 9555
12863 3941 8658
8658 3941 12863
3941 8658 12863
5355 6353 10316
10316 5355 6353
6353 5355 10316
13265 3334 14446
3334 13265 14446
14446 3334 13265
12359 4605 14451
14451 4605 12359
4605 12359 14451
4931 3423 10985
10985 3423 4931
3423 4931 10985
12763 5428 8304
5428 8304 12763
8304 5428 12763
4300 5520 8043
8043 4300 5520
5520 4300 8043
1602 2444 5531
2444 1602 5531
5531 1602 2444
742 12007 12196
12007 742 12196
12196 742 12007
2523 6019 7474
7474 2523 6019
6019 2523 7474
7461 1623 10735
10735 1623 7461
1623 7461 10735
14730 5622 9223
9223 5622 14730
5622 9223 14730
10345 4179 13437
13437 4179 10345
4179 10345 13437
2605 11300 14739
14739 2605 11300
11300 2605 14739
9278 2908 5272
2908 5272 9278
5272 2908 9278
11197 10447 13518
10447 11197 13518
13518 10447 11197
1442 7658 12170
12170 1442 7658
7658 1442 12170
11777 8427 14019
8427 11777 14019
14019 8427 11777
10902 10022 10235
10022 10235 10902
10235 10022 10902
4580 2792 10358
2792 4580 10358
10358 2792 4580
9867 3677 9421
3677 9421 9867
9421 3677 9867
9052 1683 7311
7311 1683 9052
1683 7311 9052
13236 5281 10604
5281 10604 13236
10604 5281 13236
4343 11610 13556
11610 4343 13556
13556 4343 11610
12982 2289 2475
2475 2289 12982
2289 2475 12982
14425 2780 9308
2780 9308 14425
9308 2780 14425
3634 5639 8094
8094 3634 5639
5639 3634 8094
6173 1919 5148
1919 5148 6173
5148 1919 6173
10420 3576 7451
7451 3576 10420
3576 7451 10420
10104 2197 6721
6721 2197 10104
2197 6721 10104
4124 7270 8061
7270 4124 8061
8061 4124 7270
5012 2960 9138
2960 5012 9138
9138 2960 5012
6461 67 2626
67 2626 6461
2626 67 6461
13369 11559 13431
13431 11559 13369
11559 13369 13431
4449 8080 14914
14914 4449 8080
8080 4449 14914
3731 4184 6024
6024 3731 4184
4184 3731 6024
7085 8852 9710
9710 7085 8852
8852 7085 9710
11503 4301 8468
4301 8468 11503
8468 4301 11503
1520 9251 12774
9251 1520 12774
12774 1520 9251
3243 1025 9893
1025 3243 9893
9893 1025 3243
3658 4285 6016
6016 3658 4285
4285 3658 6016
5213 5784 11876
11876 5213 5784
5784 5213 11876
14130 4718 13139
13139 4718 14130
4718 13139 14130
13507 1000 12721
1000 12721 13507
12721 1000 13507
6783 1498 6588
1498 6588 6783
6588 1498 6783
10894 9547 13519
9547 10894 13519
13519 9547 10894
9702 5915 13205
5915 9702 13205
13205 5915 9702
9840 2966 4021
2966 4021 9840
4021 2966 9840
5286 9174 14024
14024 5286 9174
9174 5286 14024
12947 7279 8989
8989 7279 12947
7279 8989 12947
1172 7983 9464
9464 1172 7983
7983 1172 9464
10394 11826 13042
13042 10394 11826
11826 10394 13042
389 7466 12367
7466 389 12367
12367 389 7466
11280 7519 14383
14383 7519 11280
7519 11280 14383
5791 3459 13718
3459 5791 13718
13718 3459 5791
12328 4351 6501
4351 6501 12328
6501 4351 12328
8402 1600 7827
7827 1600 8402
1600 7827 8402
2564 168 5064
5064 168 2564
168 2564 5064
5351 3789 12135
12135 3789 5351
3789 5351 12135
4424 1580 7124
1580 4424 7124
7124 1580 4424
9 6247 8292
8292 9 6247
6247 9 8292
10317 2132 2629
2132 2629 10317
2629 2132 10317
5765 5263 10272
5263 5765 10272
10272 5263 5765
7036 825 14972
14972 825 7036
825 7036 14972
5617 12945 13363
12945 5617 13363
13363 5617 12945
14322 1700 13259
1700 13259 14322
13259 1700 14322
11813 259 13904
13904 259 11813
259 11813 13904
2907 4535 13520
13520 2907 4535
4535 2907 13520
14715 1831 14979
1831 14715 14979
14979 1831 14715
6719 12484 14871
14871 6719 12484
12484 6719 14871
4920 12787 13456
13456 4920 12787
12787 4920 13456
1969 5390 9377
5390 1969 9377
9377 1969 5390
440 5705 11418
11418 440 5705
5705 440 11418
2525 68 12622
68 2525 12622
12622 68 2525
12815 10132 12750
10132 12750 12815
12750 10132 12815
13005 989 10236
10236 989 13005
989 10236 13005
8832 1470 6064
1470 6064 8832
6064 1470 8832
11191 9084 10669
9084 10669 11191
10669 9084 11191
8888 9291 13779
9291 8888 13779
13779 8888 9291
10754 5229 12888
12888 5229 10754
5229 10754 12888
1501 3347 7544
7544 1501 3347
3347 1501 7544
3020 5371 9999
5371 3020 9999
9999 3020 5371
8211 2291 6960
6960 2291 8211
2291 6960 8211
6350 4639 13503
4639 6350 13503
13503 4639 6350
10437 10245 11816
10245 10437 11816
11816 10245 10437
4954 11821 13420
13420 4954 11821
11821 4954 13420
14993 7873 12143
7873 12143 14993
12143 7873 14993
13812 2425 12322
2425 12322 13812
12322 2425 13812
10762 4022 6284
6284 4022 10762
4022 6284 10762
11371 13127 13338
13338 11371 13127
13127 11371 13338
14973 309 2349
2349 309 14973
309 2349 14973
2651 4899 9513
9513 2651 4899
4899 2651 9513
11400 5316 14592
5316 11400 14592
14592 5316 11400
13014 11043 13422
11043 13014 13422
13422 11043 13014
12914 1186 12471
1186 12471 12914
12471 1186 12914
5116 3199 9541
9541 3199 5116
3199 5116 9541
2735 1675 2712
1675 2712 2735
2712 1675 2735
2761 5499 12165
5499 2761 12165
12165 2761 5499
1074 7197 9701
9701 1074 7197
7197 1074 9701
13699 3710 14528
14528 3710 13699
3710 13699 14528
4309 6629 8900
8900 4309 6629
6629 4309 8900
11255 12275 13983
13983 11255 12275
12275 11255 13983
1653 5442 14119
5442 1653 14119
14119 1653 5442
12940 4802 8429
4802 8429 12940
8429 4802 12940
3193 1638 7487
7487 1638 3193
1638 3193 7487
7908 3048 4366
3048 4366 7908
4366 3048 7908
481 3556 10144
3556 481 10144
10144 481 3556
4219 3169 10854
10854 3169 4219
3169 4219 10854
1360 5877 13616
13616 1360 5877
5877 1360 13616
1024 6860 11579
11579 1024 6860
6860 1024 11579
4444 10573 14486
14486 4444 10573
10573 4444 14486
5761 6399 8177
6399 5761 8177
8177 5761 6399
7239 2029 2218
2218 2029 7239
2029 2218 7239
11276 834 4988
4988 834 11276
834 4988 11276
8579 1238 13114
13114 1238 8579
1238 8579 13114
10718 3164 5470
3164 5470 10718
5470 3164 10718
7046 1033 1960
1033 1960 7046
1960 1033 7046
3666 4838 10800
10800 3666 4838
4838 3666 10800
3380 4948 5961
5961 3380 4948
4948 3380 5961
12528 3259 10644
10644 3259 12528
3259 10644 12528
988 1163 14664
14664 988 1163
1163 988 14664
7856 6968 14141
6968 7856 14141
14141 6968 7856
2878 3639 10645
10645 2878 3639
3639 2878 10645
14381 7030 10263
7030 10263 14381
10263 7030 14381
2725 5637 6489
5637 2725 6489
6489 2725 5637
12187 1109 14331
14331 1109 12187
1109 12187 14331
6181 794 5516
794 5516 6181
5516 794 6181
11020 1036 12221
1036 11020 12221
12221 1036 11020
12487 9655 11012
11012 9655 12487
9655 11012 12487
7975 1774 8915
1774 7975 8915
8915 1774 7975
14988 232 11774
11774 232 14988
232 11774 14988
779 1563 11195
1563 779 11195
11195 779 1563
2739 720 10312
10312 720 2739
720 2739 10312
3616 4363 13879
13879 3616 4363
4363 3616 13879
11542 8330 9622
8330 9622 11542
9622 8330 11542
3961 9534 12907
12907 3961 9534
9534 3961 12907
13553 8104 12590
12590 8104 13553
8104 12590 13553
14219 162 1274
1274 162 14219
162 1274 14219
1503 1311 10415
1311 1503 10415
10415 1311 1503
6274 8626 13156
13156 6274 8626
8626 6274 13156
7839 3716 10951
10951 3716 7839
3716 7839 10951
13185 2422 14542
14542 2422 13185
2422 13185 14542
1836 6775 14694
6775 1836 14694
14694 1836 6775
4896 8877 13288
8877 4896 13288
13288 4896 8877
2370 1792 5930
5930 1792 2370
1792 2370 5930
14887 8313 10213
10213 8313 14887
8313 10213 14887
12182 2172 9505
9505 2172 12182
2172 9505 12182
10682 3904 10721
3904 10682 10721
10721 3904 10682
13815 219 5567
219 5567 13815
5567 219 13815
9576 11754 13691
11754 9576 13691
13691 9576 11754
7515 313 10513
10513 313 7515
313 7515 10513
10685 4286 10953
10953 4286 10685
4286 10685 10953
12242 6134 8903
6134 8903 12242
8903 6134 12242
3115 2641 14109
14109 2641 3115
2641 3115 14109
2796 10619 12245
12245 2796 10619
10619 2796 12245
1848 1850 11126
11126 1848 1850
1850 1848 11126
10002 11629 12696
11629 10002 12696
12696 10002 11629
12850 1087 2743
2743 1087 12850
1087 2743 12850
9412 9739 14418
14418 9412 9739
9739 9412 14418
10497 8373 9144
9144 8373 10497
8373 9144 10497
13344 401 1979
401 1979 13344
1979 401 13344
5967 4999 10969
4999 5967 10969
10969 4999 5967
14579 9858 10710
9858 10710 14579
10710 9858 14579
10230 1957 4862
4862 1957 10230
1957 4862 10230
9249 1656 7479
7479 1656 9249
1656 7479 9249
3977 4020 7614
7614 3977 4020
4020 3977 7614
4117 3922 7867
3922 4117 7867
7867 3922 4117
13531 1516 10188
10188 1516 13531
1516 10188 13531
1273 1101 4725
4725 1101 1273
1101 1273 4725
6899 7893 14408
7893 6899 14408
14408 6899 7893
7463 3876 4817
4817 3876 7463
3876 4817 7463
7459 5575 10939
10939 5575 7459
5575 7459 10939
11531 3076 8928
3076 8928 11531
8928 3076 11531
4641 6482 8526
8526 4641 6482
6482 4641 8526
1042 2876 11064
11064 1042 2876
2876 1042 11064
14576 6455 7652
7652 6455 14576
6455 7652 14576
2442 5046 11795
5046 2442 11795
11795 2442 5046
6795 5956 6693
5956 6693 6795
6693 5956 6795
6913 3947 13842
3947 6913 13842
13842 3947 6913
13191 2410 3747
2410 3747 13191
3747 2410 13191
13525 11008 13902
13902 11008 13525
11008 13525 13902
437 3989 5825
3989 437 5825
5825 437 3989
9332 9272 11570
11570 9272 9332
9272 9332 11570
5163 11469 13294
11469 5163 13294
13294 5163 11469
7017 649 11875
649 7017 11875
11875 649 7017
4157 7677 8670
7677 4157 8670
8670 4157 7677
4523 4109 11007
11007 4109 4523
4109 4523 11007
6320 32 1730
32 1730 6320
1730 32 6320
95 5696 11848
5696 95 11848
11848 95 5696
7774 9449 14106
9449 7774 14106
14106 7774 9449
12161 1287 14308
1287 12161 14308
14308 1287 12161
7464 2214 4034
4034 2214 7464
2214 4034 7464
3065 12820 14337
12820 3065 14337
14337 3065 12820
10507 14056 14165
14056 10507 14165
14165 10507 14056
