382 454 496
454 382 496
496 382 454
770 387 936
387 770 936
936 387 770
891 738 1500
1500 738 891
738 891 1500
762 131 194
194 131 762
131 194 762
558 1025 1407
1407 558 1025
1025 558 1407
1007 497 1151
497 1007 1151
1151 497 1007
935 907 1121
1121 907 935
907 935 1121
426 635 1392
635 426 1392
1392 426 635
388 681 834
681 388 834
834 388 681
155 825 1246
825 155 1246
1246 155 825
889 135 959
959 135 889
135 889 959
632 198 675
675 198 632
198 632 675
1301 922 1269
922 1269 1301
1269 922 1301
934 122 1422
1422 122 934
122 934 1422
1311 231 985
985 231 1311
231 985 1311
550 471 816
816 471 550
471 550 816
1286 503 953
953 503 1286
503 953 1286
917 336 967
336 917 967
967 336 917
620 28 767
767 28 620
28 620 767
740 402 1386
402 740 1386
1386 402 740
798 217 596
596 217 798
217 596 798
512 312 1118
312 512 1118
1118 312 512
551 764 944
764 551 944
944 551 764
898 345 930
930 345 898
345 898 930
174 529 1003
1003 174 529
529 174 1003
1169 554 1354
554 1169 1354
1354 554 1169
400 546 1398
1398 400 546
546 400 1398
723 362 1057
1057 362 723
362 723 1057
956 491 1321
1321 491 956
491 956 1321
1260 742 1087
742 1087 1260
1087 742 1260
494 803 1498
803 494 1498
1498 494 803
1116 173 755
755 173 1116
173 755 1116
1488 250 662
250 662 1488
662 250 1488
1141 420 1475
420 1141 1475
1475 420 1141
1131 46 319
319 46 1131
46 319 1131
1264 188 1282
1282 188 1264
188 1264 1282
590 54 224
224 54 590
54 224 590
1046 786 1389
1389 786 1046
786 1046 1389
1031 313 643
643 313 1031
313 643 1031
586 459 1294
459 586 1294
1294 459 586
63 26 1218
1218 26 63
26 63 1218
970 858 1382
1382 858 970
858 970 1382
151 397 518
518 151 397
397 151 518
617 654 1108
654 617 1108
1108 617 654
768 223 1203
223 768 1203
1203 223 768
999 1036 1371
1371 999 1036
1036 999 1371
749 261 1394
261 749 1394
1394 261 749
1044 407 1493
407 1044 1493
1493 407 1044
1485 318 1043
1043 318 1485
318 1043 1485
1403 515 1487
1487 515 1403
515 1403 1487
117 19 1327
1327 19 117
19 117 1327
627 442 838
838 442 627
442 627 838
30 360 1242
1242 30 360
360 30 1242
902 39 848
39 848 902
848 39 902
789 566 1125
1125 566 789
566 789 1125
1175 92 1254
1254 92 1175
92 1175 1254
1179 1035 1063
1063 1035 1179
1035 1063 1179
143 923 1022
923 143 1022
1022 143 923
169 1184 1433
1433 169 1184
1184 169 1433
252 374 1163
374 252 1163
1163 252 374
528 404 1094
1094 404 528
404 528 1094
274 371 1419
1419 274 371
371 274 1419
423 284 437
437 284 423
284 423 437
429 982 1406
1406 429 982
982 429 1406
725 310 866
866 310 725
310 725 866
906 1146 1317
1317 906 1146
1146 906 1317
376 236 1028
1028 236 376
236 376 1028
831 606 1132
1132 606 831
606 831 1132
697 7 810
7 697 810
810 7 697
841 588 960
960 588 841
588 841 960
17 839 1103
1103 17 839
839 17 1103
582 893 1064
1064 582 893
893 582 1064
438 905 1143
1143 438 905
905 438 1143
856 646 1323
646 856 1323
1323 646 856
425 541 663
663 425 541
541 425 663
794 271 1472
1472 271 794
271 794 1472
1395 752 1268
752 1268 1395
1268 752 1395
708 829 1072
829 708 1072
1072 708 829
392 258 1489
258 392 1489
1489 258 392
1056 341 1374
341 1056 1374
1374 341 1056
618 685 1004
1004 618 685
685 618 1004
107 479 1497
1497 107 479
479 107 1497
946 526 603
526 603 946
603 526 946
671 352 760
760 352 671
352 671 760
327 124 1462
1462 124 327
124 327 1462
56 988 1258
1258 56 988
988 56 1258
981 416 661
661 416 981
416 661 981
20 300 333
300 20 333
333 20 300
915 406 1344
406 915 1344
1344 406 915
285 653 1148
1148 285 653
653 285 1148
703 33 85
85 33 703
33 85 703
1048 852 957
852 957 1048
957 852 1048
971 430 1401
430 971 1401
1401 430 971
578 119 301
119 301 578
301 119 578
1329 1162 1238
1238 1162 1329
1162 1238 1329
324 49 875
49 324 875
875 49 324
545 235 1249
1249 235 545
235 545 1249
1229 128 854
128 854 1229
854 128 1229
1018 262 1227
262 1018 1227
1227 262 1018
476 487 1339
1339 476 487
487 476 1339
958 162 1347
1347 162 958
162 958 1347
372 836 1123
1123 372 836
836 372 1123
874 120 1164
120 874 1164
1164 120 874
288 418 1134
418 288 1134
1134 288 418
277 81 949
81 277 949
949 81 277
745 328 1154
328 745 1154
1154 328 745
419 314 1426
314 419 1426
1426 314 419
1059 158 1410
1410 158 1059
158 1059 1410
403 747 1390
747 403 1390
1390 403 747
1428 330 766
766 330 1428
330 766 1428
11 380 776
380 11 776
776 11 380
746 584 1144
1144 584 746
584 746 1144
691 729 969
729 691 969
969 691 729
822 782 1219
782 822 1219
1219 782 822
351 616 1298
1298 351 616
616 351 1298
1198 413 788
788 413 1198
413 788 1198
966 968 1468
1468 966 968
968 966 1468
401 954 1191
1191 401 954
954 401 1191
466 344 533
344 466 533
533 344 466
668 59 348
348 59 668
59 348 668
337 1182 1277
1182 337 1277
1277 337 1182
811 127 593
127 593 811
593 127 811
920 489 933
489 920 933
933 489 920
292 633 964
633 292 964
964 292 633
514 273 1452
273 514 1452
1452 273 514
577 350 1480
350 577 1480
1480 350 577
1297 538 873
538 873 1297
873 538 1297
918 369 470
369 470 918
470 369 918
338 576 808
808 338 576
576 338 808
1021 881 963
963 881 1021
881 963 1021
1180 478 1477
1477 478 1180
478 1180 1477
1313 463 1391
1391 463 1313
463 1313 1391
1333 91 869
91 869 1333
869 91 1333
83 164 965
164 83 965
965 83 164
1197 445 1019
1019 445 1197
445 1019 1197
393 823 849
849 393 823
823 393 849
3 197 483
197 3 483
483 3 197
118 370 1300
1300 118 370
370 118 1300
773 396 552
396 552 773
552 396 773
161 160 1307
160 161 1307
1307 160 161
247 276 1149
1149 247 276
276 247 1149
1215 555 608
608 555 1215
555 608 1215
517 146 1069
146 517 1069
1069 146 517
1457 408 1367
1367 408 1457
408 1367 1457
572 444 473
444 473 572
473 444 572
1366 25 1385
1385 25 1366
25 1366 1385
843 36 415
415 36 843
36 415 843
995 1083 1092
1092 995 1083
1083 995 1092
1037 78 441
441 78 1037
78 441 1037
1381 813 1090
1090 813 1381
813 1090 1381
215 52 1053
52 215 1053
1053 52 215
456 378 524
378 456 524
524 378 456
656 181 1352
1352 181 656
181 656 1352
1193 129 1029
129 1029 1193
1029 129 1193
817 209 1040
1040 209 817
209 817 1040
812 249 737
737 249 812
249 737 812
237 522 975
975 237 522
522 237 975
347 200 1290
1290 200 347
200 347 1290
1331 149 1363
1363 149 1331
149 1331 1363
1450 1050 1081
1050 1081 1450
1081 1050 1450
543 990 1136
1136 543 990
990 543 1136
927 193 732
732 193 927
193 732 927
1047 104 227
104 227 1047
227 104 1047
1270 465 800
800 465 1270
465 800 1270
976 490 1378
1378 490 976
490 976 1378
1133 563 1421
1421 563 1133
563 1133 1421
1045 55 109
109 55 1045
55 109 1045
700 516 779
516 700 779
779 516 700
353 1408 1470
1408 353 1470
1470 353 1408
774 364 769
769 364 774
364 769 774
908 840 1161
1161 840 908
840 908 1161
340 1189 1431
1431 340 1189
1189 340 1431
1177 710 991
991 710 1177
710 991 1177
1213 102 1200
1200 102 1213
102 1200 1213
1034 394 612
612 394 1034
394 612 1034
226 974 1212
1212 226 974
974 226 1212
179 492 952
952 179 492
492 179 952
719 381 1305
381 719 1305
1305 381 719
692 38 553
38 553 692
553 38 692
267 683 983
983 267 683
683 267 983
1459 280 502
280 502 1459
502 280 1459
448 687 862
687 448 862
862 448 687
246 1152 1168
1152 246 1168
1168 246 1152
709 95 145
95 145 709
145 95 709
469 961 1066
961 469 1066
1066 469 961
1335 486 1038
1038 486 1335
486 1038 1335
309 493 701
493 309 701
701 309 493
872 259 1443
1443 259 872
259 872 1443
1126 1445 1492
1492 1126 1445
1445 1126 1492
21 467 1065
1065 21 467
467 21 1065
1204 587 1280
1280 587 1204
587 1204 1280
1217 152 826
152 826 1217
826 152 1217
1024 399 1257
399 1024 1257
1257 399 1024
229 705 756
756 229 705
705 229 756
452 830 882
882 452 830
830 452 882
1436 113 385
385 113 1436
113 385 1436
549 751 1376
1376 549 751
751 549 1376
1471 110 1110
110 1110 1471
1110 110 1471
561 610 1030
1030 561 610
610 561 1030
565 8 819
8 565 819
819 8 565
1296 1101 1181
1181 1101 1296
1101 1181 1296
16 439 574
439 16 574
574 16 439
31 269 527
527 31 269
269 31 527
40 69 1127
69 40 1127
1127 40 69
895 443 748
443 748 895
748 443 895
657 665 1255
665 657 1255
1255 657 665
98 296 805
296 98 805
805 98 296
177 286 1495
1495 177 286
286 177 1495
90 243 1106
1106 90 243
243 90 1106
1340 163 604
604 163 1340
163 604 1340
254 1312 1434
1312 254 1434
1434 254 1312
592 168 1226
1226 168 592
168 592 1226
1232 569 1042
1042 569 1232
569 1042 1232
1222 583 1414
1414 583 1222
583 1222 1414
1416 1173 1285
1173 1285 1416
1285 1173 1416
132 322 1413
322 132 1413
1413 132 322
619 94 977
94 619 977
977 94 619
1084 447 777
447 777 1084
777 447 1084
581 358 1262
358 581 1262
1262 358 581
332 123 672
123 332 672
672 123 332
853 1015 1088
1088 853 1015
1015 853 1088
1073 303 1455
1455 303 1073
303 1073 1455
182 461 772
461 182 772
772 182 461
191 299 943
299 191 943
943 191 299
1002 530 1302
530 1002 1302
1302 530 1002
1112 993 1214
993 1112 1214
1214 993 1112
1438 248 1446
248 1438 1446
1446 248 1438
607 775 821
821 607 775
775 607 821
1435 4 1368
1368 4 1435
4 1368 1435
598 481 648
481 598 648
648 481 598
926 170 765
170 765 926
765 170 926
547 323 1440
323 547 1440
1440 323 547
892 251 359
359 251 892
251 359 892
750 431 1418
431 750 1418
1418 431 750
1425 390 1078
1078 390 1425
390 1078 1425
1439 233 532
532 233 1439
233 532 1439
1328 1086 1147
1086 1147 1328
1147 1086 1328
623 62 335
62 335 623
335 62 623
1113 212 625
212 625 1113
625 212 1113
950 154 731
731 154 950
154 731 950
291 44 651
651 44 291
44 291 651
308 698 1248
1248 308 698
698 308 1248
220 511 1325
1325 220 511
511 220 1325
53 5 911
5 53 911
911 5 53
900 931 1361
1361 900 931
931 900 1361
245 597 1230
597 245 1230
1230 245 597
232 1274 1295
1295 232 1274
1274 232 1295
585 1357 1429
1357 585 1429
1429 585 1357
325 472 602
602 325 472
472 325 602
1456 434 539
434 539 1456
539 434 1456
460 1314 1379
1379 460 1314
1314 460 1379
265 736 1167
1167 265 736
736 265 1167
939 214 513
513 214 939
214 513 939
901 86 234
86 234 901
234 86 901
157 357 1076
1076 157 357
357 157 1076
142 241 676
241 142 676
676 142 241
1444 979 1014
1014 979 1444
979 1014 1444
857 468 1405
1405 468 857
468 857 1405
440 283 1417
283 440 1417
1417 283 440
833 185 1075
1075 185 833
185 833 1075
114 80 379
80 114 379
379 80 114
899 82 1098
1098 82 899
82 899 1098
1342 615 880
880 615 1342
615 880 1342
1483 61 1465
61 1465 1483
1465 61 1483
1449 287 1176
287 1176 1449
1176 287 1449
256 1080 1402
1080 256 1402
1402 256 1080
711 636 1011
1011 636 711
636 711 1011
1447 139 628
139 628 1447
628 139 1447
1208 806 887
887 806 1208
806 887 1208
208 9 696
696 9 208
9 208 696
1166 304 1279
304 1166 1279
1279 304 1166
780 43 728
728 43 780
43 728 780
525 349 1070
349 525 1070
1070 349 525
1095 268 412
268 412 1095
412 268 1095
1252 984 1461
984 1252 1461
1461 984 1252
1039 144 239
239 144 1039
144 239 1039
37 10 130
130 10 37
10 37 130
611 1120 1201
1201 611 1120
1120 611 1201
449 832 1185
1185 449 832
832 449 1185
282 103 373
103 282 373
373 103 282
1478 111 1358
1358 111 1478
111 1358 1478
34 22 919
919 22 34
22 34 919
645 509 1332
509 645 1332
1332 509 645
1026 721 1397
721 1026 1397
1397 721 1026
888 504 580
504 580 888
580 504 888
93 791 1117
1117 93 791
791 93 1117
278 201 962
962 201 278
201 278 962
884 973 1241
973 884 1241
1241 884 973
414 1334 1479
1479 414 1334
1334 414 1479
133 331 1054
1054 133 331
331 133 1054
914 180 1349
180 914 1349
1349 180 914
575 759 1085
759 575 1085
1085 575 759
1111 878 1058
878 1058 1111
1058 878 1111
121 640 784
784 121 640
640 121 784
1013 871 1460
1460 871 1013
871 1013 1460
32 475 614
614 32 475
475 32 614
761 295 1139
1139 295 761
295 761 1139
605 649 1306
649 605 1306
1306 605 649
1206 264 1377
1377 264 1206
264 1206 1377
480 894 1330
894 480 1330
1330 480 894
484 1027 1441
1027 484 1441
1441 484 1027
167 289 500
289 167 500
500 167 289
451 187 694
187 451 694
694 187 451
257 536 1388
536 257 1388
1388 257 536
1159 599 796
796 599 1159
599 796 1159
1343 2 384
2 384 1343
384 2 1343
790 189 1356
189 790 1356
1356 189 790
1192 329 1346
329 1192 1346
1346 329 1192
1005 680 1187
1187 680 1005
680 1005 1187
58 474 1287
474 58 1287
1287 58 474
689 192 1476
1476 192 689
192 689 1476
910 989 1051
989 910 1051
1051 910 989
1216 140 260
260 140 1216
140 260 1216
1170 70 579
70 579 1170
579 70 1170
743 827 1190
827 743 1190
1190 743 827
997 290 1256
1256 290 997
290 997 1256
1272 343 868
343 868 1272
868 343 1272
1060 716 1243
1243 716 1060
716 1060 1243
77 548 1303
548 77 1303
1303 77 548
567 316 1387
1387 316 567
316 567 1387
1271 307 1017
1017 307 1271
307 1017 1271
1458 42 1400
1400 42 1458
42 1400 1458
1370 996 1102
996 1102 1370
1102 996 1370
13 18 1001
1001 13 18
18 13 1001
763 225 520
520 225 763
225 520 763
624 88 1096
1096 88 624
88 624 1096
1183 507 1423
1423 507 1183
507 1183 1423
1275 221 1491
1491 221 1275
221 1275 1491
97 391 1233
391 97 1233
1233 97 391
802 1195 1432
1195 802 1432
1432 802 1195
1369 519 1210
519 1210 1369
1210 519 1369
1310 781 1171
1171 781 1310
781 1171 1310
281 60 861
861 60 281
60 281 861
1220 485 1481
1481 485 1220
485 1220 1481
436 186 368
186 368 436
368 186 436
240 1245 1263
1245 240 1263
1263 240 1245
955 134 455
455 134 955
134 455 955
79 542 1165
542 79 1165
1165 79 542
1142 797 865
865 797 1142
797 865 1142
1473 298 306
298 306 1473
306 298 1473
1484 556 809
556 809 1484
809 556 1484
1209 409 477
409 477 1209
477 409 1209
940 294 1093
294 940 1093
1093 294 940
1228 275 1337
1337 275 1228
275 1228 1337
562 171 998
171 562 998
998 171 562
435 183 205
205 183 435
183 205 435
14 714 1091
1091 14 714
714 14 1091
1188 75 1362
1362 75 1188
75 1188 1362
785 904 1150
1150 785 904
904 785 1150
559 1284 1372
1284 559 1372
1372 559 1284
909 29 733
733 29 909
29 733 909
320 630 1324
630 320 1324
1324 320 630
828 506 1012
1012 506 828
506 828 1012
644 458 793
793 458 644
458 644 793
659 1221 1454
1454 659 1221
1221 659 1454
1129 101 218
218 101 1129
101 218 1129
263 1105 1341
1105 263 1341
1341 263 1105
712 1071 1261
1071 712 1261
1261 712 1071
176 206 844
206 176 844
844 176 206
35 355 850
355 35 850
850 35 355
1315 228 722
228 722 1315
722 228 1315
367 753 1234
1234 367 753
753 367 1234
1115 690 1122
1122 690 1115
690 1115 1122
1119 457 1008
457 1008 1119
1008 457 1119
695 96 150
150 96 695
96 150 695
1006 47 535
47 535 1006
535 47 1006
1016 600 978
978 600 1016
600 978 1016
1207 778 951
951 778 1207
778 951 1207
204 916 1157
916 204 1157
1157 204 916
6 398 877
877 6 398
398 6 877
1253 757 1420
1420 757 1253
757 1253 1420
1463 147 1467
147 1463 1467
1467 147 1463
1128 126 272
126 272 1128
272 126 1128
1032 505 1079
1079 505 1032
505 1032 1079
1474 863 1338
863 1338 1474
1338 863 1474
1309 202 433
202 433 1309
433 202 1309
613 405 571
405 571 613
571 405 613
1000 302 1265
1265 302 1000
302 1000 1265
1383 266 557
266 557 1383
557 266 1383
1247 1267 1319
1319 1247 1267
1267 1247 1319
937 693 1288
693 937 1288
1288 693 937
734 501 1009
501 734 1009
1009 501 734
366 655 1490
655 366 1490
1490 366 655
178 867 1353
867 178 1353
1353 178 867
106 87 1104
87 106 1104
1104 87 106
795 230 1145
1145 230 795
230 795 1145
389 74 1316
1316 74 389
74 389 1316
704 739 1237
739 704 1237
1237 704 739
1364 594 929
929 594 1364
594 929 1364
622 100 726
100 622 726
726 100 622
1107 1437 1494
1494 1107 1437
1437 1107 1494
735 499 540
540 499 735
499 540 735
1089 45 279
279 45 1089
45 279 1089
417 195 238
238 195 417
195 238 417
664 73 270
270 73 664
73 270 664
1062 684 1359
684 1062 1359
1359 684 1062
510 718 1140
718 510 1140
1140 510 718
972 815 1320
815 972 1320
1320 815 972
115 253 921
921 115 253
253 115 921
1223 196 890
890 196 1223
196 890 1223
1393 464 642
642 464 1393
464 642 1393
207 50 912
50 207 912
912 50 207
1499 1077 1244
1244 1077 1499
1077 1244 1499
1375 521 686
686 521 1375
521 686 1375
365 837 941
837 365 941
941 365 837
508 66 1373
66 508 1373
1373 66 508
1158 421 801
421 801 1158
801 421 1158
641 41 1235
41 641 1235
1235 41 641
1351 190 213
190 213 1351
213 190 1351
879 638 1202
1202 638 879
638 879 1202
199 377 1178
1178 199 377
377 199 1178
564 57 679
57 564 679
679 57 564
1174 116 924
116 924 1174
924 116 1174
498 787 1451
1451 498 787
787 498 1451
1010 375 1304
375 1010 1304
1304 375 1010
717 305 699
305 699 717
699 305 717
1365 363 637
637 363 1365
363 637 1365
807 1135 1318
1135 807 1318
1318 807 1135
621 112 1049
112 621 1049
1049 112 621
864 137 156
137 156 864
156 137 864
317 293 1289
293 317 1289
1289 293 317
64 395 1033
395 64 1033
1033 64 395
730 219 886
219 730 886
886 219 730
851 141 1292
141 851 1292
1292 141 851
842 928 1399
928 842 1399
1399 842 928
432 560 783
783 432 560
560 432 783
153 159 601
159 153 601
601 153 159
903 1 1345
1 903 1345
1345 1 903
1404 136 1326
136 1326 1404
1326 136 1404
1453 758 859
859 758 1453
758 859 1453
450 48 1172
1172 48 450
48 450 1172
799 876 1291
876 799 1291
1291 799 876
932 1130 1322
1322 932 1130
1130 932 1322
1137 15 342
342 15 1137
15 342 1137
1068 84 446
446 84 1068
84 446 1068
211 210 707
707 210 211
210 211 707
845 945 1186
1186 845 945
945 845 1186
1236 125 1415
125 1236 1415
1415 125 1236
804 666 896
666 804 896
896 666 804
184 1205 1266
1205 184 1266
1266 184 1205
386 1348 1486
1486 386 1348
1348 386 1486
883 523 1442
1442 523 883
523 883 1442
885 570 1430
570 885 1430
1430 570 885
1020 411 835
835 411 1020
411 835 1020
1281 669 1293
669 1281 1293
1293 669 1281
383 942 1276
942 383 1276
1276 383 942
667 688 1041
1041 667 688
688 667 1041
948 356 1160
1160 356 948
356 948 1160
1074 1350 1380
1380 1074 1350
1350 1074 1380
1448 326 339
339 326 1448
326 339 1448
311 410 488
410 311 488
488 311 410
652 172 1138
1138 172 652
172 652 1138
897 1124 1409
1124 897 1409
1409 897 1124
994 427 674
427 674 994
674 427 994
1114 1061 1211
1061 1114 1211
1211 1061 1114
1283 315 1427
1427 315 1283
315 1283 1427
71 609 631
609 71 631
631 71 609
1239 544 1396
1396 544 1239
544 1239 1396
255 650 860
860 255 650
650 255 860
847 647 1224
647 847 1224
1224 647 847
51 573 1155
1155 51 573
573 51 1155
673 591 1464
591 673 1464
1464 591 673
1199 76 1052
76 1052 1199
1052 76 1199
462 346 1156
346 462 1156
1156 346 462
531 589 706
706 531 589
589 531 706
1355 814 1153
1153 814 1355
814 1153 1355
724 72 639
639 72 724
72 639 724
1067 670 1055
670 1055 1067
1055 670 1067
660 715 1424
715 660 1424
1424 660 715
824 702 1097
702 824 1097
1097 702 824
987 334 677
677 334 987
334 677 987
629 203 1299
1299 203 629
203 629 1299
242 67 1308
1308 67 242
67 242 1308
925 244 846
244 846 925
846 244 925
754 1251 1411
1411 754 1251
1251 754 1411
1194 482 1412
482 1194 1412
1412 482 1194
1225 986 1336
986 1225 1336
1336 986 1225
99 166 626
626 99 166
166 99 626
165 744 1100
1100 165 744
744 165 1100
992 68 222
222 68 992
68 222 992
713 855 1273
855 713 1273
1273 713 855
771 354 741
741 354 771
354 741 771
1099 65 495
65 495 1099
495 65 1099
361 720 938
720 361 938
938 361 720
595 23 818
818 23 595
23 595 818
947 175 537
175 537 947
537 175 947
1384 12 1109
12 1109 1384
1109 12 1384
1466 89 148
148 89 1466
89 148 1466
792 24 870
24 792 870
870 24 792
424 634 1360
634 424 1360
1360 424 634
568 27 1278
27 568 1278
1278 27 568
913 108 678
108 678 913
678 108 913
682 820 1496
820 682 1496
1496 682 820
1023 534 658
534 658 1023
658 534 1023
105 297 1469
297 105 1469
1469 105 297
1259 216 980
216 980 1259
980 216 1259
1196 138 1482
1482 138 1196
138 1196 1482
1240 321 727
727 321 1240
321 727 1240
1082 428 1250
1250 428 1082
428 1082 1250
453 422 1231
422 453 1231
1231 422 453
