3647 5732 10500
5732 3647 10500
10500 3647 5732
3652 8922 9311
8922 3652 9311
9311 3652 8922
13197 8745 14071
14071 8745 13197
8745 13197 14071
3164 3341 11372
3341 3164 11372
11372 3164 3341
7402 2902 4641
2902 4641 7402
4641 2902 7402
11309 7880 12323
7880 11309 12323
12323 7880 11309
10711 4728 6628
6628 4728 10711
4728 6628 10711
14502 4311 8009
4311 8009 14502
8009 4311 14502
13967 18 14266
18 13967 14266
14266 18 13967
282 3291 10509
3291 282 10509
10509 282 3291
11824 183 14309
183 11824 14309
14309 183 11824
6693 2979 9374
9374 2979 6693
2979 6693 9374
13970 219 9797
219 9797 13970
9797 219 13970
11299 1208 11992
1208 11299 11992
11992 1208 11299
1651 469 12678
12678 469 1651
469 1651 12678
7609 4006 10613
10613 4006 7609
4006 7609 10613
14943 1480 5611
5611 1480 14943
1480 5611 14943
5523 43 6599
43 5523 6599
6599 43 5523
5783 2394 8144
8144 2394 5783
2394 5783 8144
13969 1388 14611
14611 1388 13969
1388 13969 14611
2803 6935 14869
14869 2803 6935
6935 2803 14869
14128 516 9982
516 9982 14128
9982 516 14128
10952 1231 1830
1231 1830 10952
1830 1231 10952
232 3938 5824
3938 232 5824
5824 232 3938
13451 549 5032
549 5032 13451
5032 549 13451
14792 593 1450
1450 593 14792
593 1450 14792
7054 7056 11198
7056 7054 11198
11198 7054 7056
10849 3988 8407
3988 8407 10849
8407 3988 10849
2893 10721 12721
10721 2893 12721
12721 2893 10721
12970 1284 11428
1284 11428 12970
11428 1284 12970
11702 2508 11843
11843 2508 11702
2508 11702 11843
1425 9324 9857
9324 1425 9857
9857 1425 9324
1773 63 3118
3118 63 1773
63 1773 3118
7751 7404 13743
7404 7751 13743
13743 7404 7751
11396 5503 12679
5503 11396 12679
12679 5503 11396
9581 8799 11904
11904 8799 9581
8799 9581 11904
10406 2705 4289
2705 4289 10406
4289 2705 10406
11271 11301 12234
12234 11271 11301
11301 11271 12234
6761 1375 12816
1375 6761 12816
12816 1375 6761
5899 4328 5777
5777 4328 5899
4328 5777 5899
7759 4333 5389
5389 4333 7759
4333 5389 7759
1005 6549 14698
6549 1005 14698
14698 1005 6549
2424 2463 4438
2463 2424 4438
4438 2424 2463
6753 3152 10305
3152 6753 10305
10305 3152 6753
9950 693 2255
2255 693 9950
693 2255 9950
3960 9960 12239
9960 3960 12239
12239 3960 9960
9122 10801 11157
11157 9122 10801
10801 9122 11157
11665 7569 7766
7569 7766 11665
7766 7569 11665
9638 7055 10459
7055 9638 10459
10459 7055 9638
1558 1103 9358
1103 1558 9358
9358 1103 1558
14520 1593 12335
12335 1593 14520
1593 12335 14520
14794 2786 12854
12854 2786 14794
2786 12854 14794
5204 1916 14373
1916 5204 14373
14373 1916 5204
3951 13539 14214
13539 3951 14214
14214 3951 13539
1008 3634 7061
3634 1008 7061
7061 1008 3634
244 3092 13545
3092 244 13545
13545 244 3092
14803 2231 2675
2231 2675 14803
2675 2231 14803
10287 2192 6970
2192 6970 10287
6970 2192 10287
5699 7336 8898
7336 5699 8898
8898 5699 7336
6238 8359 10707
8359 6238 10707
10707 6238 8359
4510 8237 11115
11115 4510 8237
8237 4510 11115
9499 10348 11896
10348 9499 11896
11896 9499 10348
8270 2998 9247
2998 8270 9247
9247 2998 8270
7869 2445 4029
2445 4029 7869
4029 2445 7869
8818 1336 4516
4516 1336 8818
1336 4516 8818
7110 10705 13937
13937 7110 10705
10705 7110 13937
7002 231 11144
231 7002 11144
11144 231 7002
6737 4025 6044
6044 4025 6737
4025 6044 6737
8378 6977 10040
6977 8378 10040
10040 6977 8378
5362 891 10939
891 5362 10939
10939 891 5362
863 187 10525
10525 187 863
187 863 10525
10575 4428 8465
8465 4428 10575
4428 8465 10575
9537 366 13185
13185 366 9537
366 9537 13185
11131 7643 13361
7643 11131 13361
13361 7643 11131
14463 5605 9871
9871 5605 14463
5605 9871 14463
6098 8444 11423
11423 6098 8444
8444 6098 11423
3147 4856 14093
4856 3147 14093
14093 3147 4856
11545 5496 13301
13301 5496 11545
5496 11545 13301
8885 2941 13246
2941 8885 13246
13246 2941 8885
4576 113 14380
113 4576 14380
14380 113 4576
838 9664 12095
9664 838 12095
12095 838 9664
1997 8930 11909
8930 1997 11909
11909 1997 8930
6689 6213 13682
13682 6213 6689
6213 6689 13682
5265 4216 7546
4216 5265 7546
7546 4216 5265
14331 2409 11685
2409 11685 14331
11685 2409 14331
1463 13425 14709
14709 1463 13425
13425 1463 14709
11398 9103 11892
9103 11398 11892
11892 9103 11398
40 13124 13905
13905 40 13124
13124 40 13905
2267 582 9156
9156 582 2267
582 2267 9156
2629 5413 7658
7658 2629 5413
5413 2629 7658
1591 4615 9639
4615 1591 9639
9639 1591 4615
7878 3355 14127
3355 7878 14127
14127 3355 7878
468 118 12803
118 468 12803
12803 118 468
7714 1700 8657
8657 1700 7714
1700 7714 8657
2863 9578 10971
10971 2863 9578
9578 2863 10971
6759 4666 12710
4666 6759 12710
12710 4666 6759
1226 2197 13343
13343 1226 2197
2197 1226 13343
6157 4403 5747
4403 5747 6157
5747 4403 6157
9994 4427 10798
4427 9994 10798
10798 4427 9994
9597 3828 14576
3828 9597 14576
14576 3828 9597
11091 1087 7602
7602 1087 11091
1087 7602 11091
9318 4345 6331
4345 6331 9318
6331 4345 9318
5143 5685 8363
5685 5143 8363
8363 5143 5685
8194 4219 9321
4219 8194 9321
9321 4219 8194
2101 3438 10072
10072 2101 3438
3438 2101 10072
13172 3699 6551
3699 6551 13172
6551 3699 13172
12938 2137 9890
2137 9890 12938
9890 2137 12938
5674 5803 7011
5803 5674 7011
7011 5674 5803
7030 10793 14356
14356 7030 10793
10793 7030 14356
13891 9478 14994
9478 13891 14994
14994 9478 13891
8229 1670 11446
11446 1670 8229
1670 8229 11446
7289 9902 14689
9902 7289 14689
14689 7289 9902
4774 8166 14817
14817 4774 8166
8166 4774 14817
7855 4061 13587
4061 7855 13587
13587 4061 7855
11769 5049 10832
10832 5049 11769
5049 10832 11769
12911 4810 5062
4810 5062 12911
5062 4810 12911
6210 1207 13772
13772 1207 6210
1207 6210 13772
5632 5034 7537
7537 5034 5632
5034 5632 7537
9921 7587 10583
10583 7587 9921
7587 9921 10583
13202 8393 13586
8393 13202 13586
13586 8393 13202
13164 6587 10897
10897 6587 13164
6587 10897 13164
8402 9558 14437
14437 8402 9558
9558 8402 14437
14643 7724 12108
12108 7724 14643
7724 12108 14643
6530 11117 14050
14050 6530 11117
11117 6530 14050
13722 4849 12712
12712 4849 13722
4849 12712 13722
10181 4522 12700
4522 10181 12700
12700 4522 10181
8308 4625 8468
4625 8308 8468
8468 4625 8308
7582 916 6343
6343 916 7582
916 6343 7582
12843 8563 13501
13501 8563 12843
8563 12843 13501
6389 2367 3537
2367 3537 6389
3537 2367 6389
3718 3237 6295
3237 3718 6295
6295 3237 3718
3251 2322 10508
10508 2322 3251
2322 3251 10508
11908 2360 3989
3989 2360 11908
2360 3989 11908
9019 2108 13940
2108 9019 13940
13940 2108 9019
10198 3066 12377
12377 3066 10198
3066 10198 12377
10898 1129 9047
9047 1129 10898
1129 9047 10898
12622 4065 4598
4065 4598 12622
4598 4065 12622
2467 59 9821
59 2467 9821
9821 59 2467
11006 2223 6206
6206 2223 11006
2223 6206 11006
2501 3838 6398
3838 2501 6398
6398 2501 3838
14521 5454 14115
14115 5454 14521
5454 14115 14521
7161 5044 10830
10830 5044 7161
5044 7161 10830
1751 6616 13353
13353 1751 6616
6616 1751 13353
3120 5314 8511
5314 3120 8511
8511 3120 5314
9854 11180 14086
11180 9854 14086
14086 9854 11180
10701 8869 10136
8869 10136 10701
10136 8869 10701
11733 3352 9158
9158 3352 11733
3352 9158 11733
6169 9834 13853
9834 6169 13853
13853 6169 9834
5261 6661 13058
6661 5261 13058
13058 5261 6661
5101 6662 11814
6662 5101 11814
11814 5101 6662
11175 9351 11823
9351 11175 11823
11823 9351 11175
1500 4430 6500
6500 1500 4430
4430 1500 6500
4762 5352 8292
5352 4762 8292
8292 4762 5352
4363 4512 8335
4512 4363 8335
8335 4363 4512
3300 2091 14619
14619 2091 3300
2091 3300 14619
4093 11600 12823
12823 4093 11600
11600 4093 12823
2277 2478 4063
2478 2277 4063
4063 2277 2478
5206 828 3610
3610 828 5206
828 3610 5206
2119 1595 5061
1595 2119 5061
5061 1595 2119
1569 10970 14636
10970 1569 14636
14636 1569 10970
13976 601 14217
601 13976 14217
14217 601 13976
1061 3344 6248
6248 1061 3344
3344 1061 6248
6577 6407 12424
6407 6577 12424
12424 6407 6577
1400 3858 12399
12399 1400 3858
3858 1400 12399
7703 2558 14774
14774 2558 7703
2558 7703 14774
6219 743 10733
10733 743 6219
743 6219 10733
3250 9762 12054
12054 3250 9762
9762 3250 12054
6361 5683 7394
5683 6361 7394
7394 5683 6361
12566 2473 11699
11699 2473 12566
2473 11699 12566
13990 3520 10790
3520 10790 13990
10790 3520 13990
6018 6077 13017
6077 6018 13017
13017 6018 6077
14939 3662 12087
3662 12087 14939
12087 3662 14939
1807 5346 14027
14027 1807 5346
5346 1807 14027
3661 2974 5737
2974 3661 5737
5737 2974 3661
5589 4055 12826
4055 5589 12826
12826 4055 5589
4548 12198 12501
12501 4548 12198
12198 4548 12501
26 1695 2064
1695 26 2064
2064 26 1695
2265 3511 12094
12094 2265 3511
3511 2265 12094
4832 2164 14711
2164 4832 14711
14711 2164 4832
14325 2139 11784
2139 11784 14325
11784 2139 14325
8469 4064 7095
7095 4064 8469
4064 7095 8469
9718 4864 12576
4864 9718 12576
12576 4864 9718
5208 1537 3957
1537 3957 5208
3957 1537 5208
8158 829 13376
829 8158 13376
13376 829 8158
10672 8739 10903
8739 10672 10903
10903 8739 10672
14116 5299 8249
5299 8249 14116
8249 5299 14116
496 692 1731
1731 496 692
692 496 1731
1681 1842 11881
1842 1681 11881
11881 1681 1842
5947 3769 14185
3769 5947 14185
14185 3769 5947
9040 2936 4348
2936 4348 9040
4348 2936 9040
8316 420 4224
420 4224 8316
4224 420 8316
11290 7317 14258
14258 7317 11290
7317 11290 14258
13418 3702 14839
3702 13418 14839
14839 3702 13418
2789 5232 6548
6548 2789 5232
5232 2789 6548
5041 5297 8168
8168 5041 5297
5297 5041 8168
4206 10034 12155
10034 4206 12155
12155 4206 10034
6510 14041 14621
14621 6510 14041
14041 6510 14621
4853 5064 11059
5064 4853 11059
11059 4853 5064
11181 4778 6562
4778 6562 11181
6562 4778 11181
7641 11246 13498
11246 7641 13498
13498 7641 11246
6920 4745 13809
13809 4745 6920
4745 6920 13809
116 2572 8012
2572 116 8012
8012 116 2572
1485 2133 6773
2133 1485 6773
6773 1485 2133
13339 5153 10771
10771 5153 13339
5153 10771 13339
1616 1930 4024
1930 1616 4024
4024 1616 1930
8317 1511 4435
1511 4435 8317
4435 1511 8317
10796 8776 10265
10265 8776 10796
8776 10265 10796
12052 9779 11264
9779 11264 12052
11264 9779 12052
3375 1459 13978
13978 1459 3375
1459 3375 13978
12370 6860 8631
6860 8631 12370
8631 6860 12370
12775 5167 5680
5167 5680 12775
5680 5167 12775
4635 11329 12429
11329 4635 12429
12429 4635 11329
7781 5395 14065
5395 7781 14065
14065 5395 7781
2761 5151 6683
5151 2761 6683
6683 2761 5151
152 8235 10248
8235 152 10248
10248 152 8235
415 9285 14319
14319 415 9285
9285 415 14319
13998 1732 12666
1732 12666 13998
12666 1732 13998
6348 2491 3795
2491 3795 6348
3795 2491 6348
345 14097 14696
14696 345 14097
14097 345 14696
14829 2876 12336
12336 2876 14829
2876 12336 14829
13548 7521 11849
7521 11849 13548
11849 7521 13548
2668 4601 14049
4601 2668 14049
14049 2668 4601
14420 1898 3675
1898 3675 14420
3675 1898 14420
12505 7633 11127
7633 11127 12505
11127 7633 12505
12482 9677 10298
10298 9677 12482
9677 10298 12482
13644 5470 8825
8825 5470 13644
5470 8825 13644
9763 277 10562
277 9763 10562
10562 277 9763
1817 3615 9191
3615 1817 9191
9191 1817 3615
5526 4184 6620
6620 4184 5526
4184 5526 6620
3659 3273 8513
3273 3659 8513
8513 3273 3659
4551 8010 8461
8010 4551 8461
8461 4551 8010
13946 2120 8287
2120 8287 13946
8287 2120 13946
7628 9577 11312
9577 7628 11312
11312 7628 9577
1439 5114 13043
13043 1439 5114
5114 1439 13043
8202 4610 8531
8531 4610 8202
4610 8202 8531
9437 9456 14182
14182 9437 9456
9456 9437 14182
809 11252 14657
11252 809 14657
14657 809 11252
8912 8940 9602
8940 8912 9602
9602 8912 8940
2452 1703 7260
7260 1703 2452
1703 2452 7260
9943 2199 12353
12353 2199 9943
2199 9943 12353
2238 12026 14332
12026 2238 14332
14332 2238 12026
11788 1293 11201
1293 11201 11788
11201 1293 11788
8358 9586 12059
9586 8358 12059
12059 8358 9586
4921 8271 9250
9250 4921 8271
8271 4921 9250
6164 2671 6800
6800 2671 6164
2671 6164 6800
13818 6385 9223
9223 6385 13818
6385 9223 13818
11222 5460 10014
10014 5460 11222
5460 10014 11222
10466 2582 8920
8920 2582 10466
2582 8920 10466
14747 3640 5653
3640 5653 14747
5653 3640 14747
8601 11623 14371
14371 8601 11623
11623 8601 14371
3010 621 2763
2763 621 3010
621 2763 3010
14510 1699 8569
1699 8569 14510
8569 1699 14510
2639 3947 11215
11215 2639 3947
3947 2639 11215
1344 10278 11862
11862 1344 10278
10278 1344 11862
5452 7999 10071
7999 5452 10071
10071 5452 7999
6280 8795 13456
8795 6280 13456
13456 6280 8795
4673 3421 8091
3421 4673 8091
8091 3421 4673
4989 527 7610
7610 527 4989
527 4989 7610
5628 6948 8761
8761 5628 6948
6948 5628 8761
7899 7436 8942
8942 7436 7899
7436 7899 8942
3948 9708 13495
13495 3948 9708
9708 3948 13495
819 2726 9299
9299 819 2726
2726 819 9299
14927 6638 13648
13648 6638 14927
6638 13648 14927
12271 8865 13977
8865 12271 13977
13977 8865 12271
757 2913 5448
2913 757 5448
5448 757 2913
14007 4655 9354
9354 4655 14007
4655 9354 14007
14206 9278 11811
11811 9278 14206
9278 11811 14206
13839 5116 13667
5116 13667 13839
13667 5116 13839
4543 6973 10559
10559 4543 6973
6973 4543 10559
5903 2599 6979
2599 5903 6979
6979 2599 5903
4535 2047 4194
4194 2047 4535
2047 4194 4535
10428 3695 6903
3695 6903 10428
6903 3695 10428
1792 1613 3220
1613 1792 3220
3220 1613 1792
12707 1374 5406
5406 1374 12707
1374 5406 12707
4966 9851 13323
9851 4966 13323
13323 4966 9851
13442 10018 12171
12171 10018 13442
10018 12171 13442
8660 5277 8627
5277 8627 8660
8627 5277 8660
3501 6502 9015
6502 3501 9015
9015 3501 6502
13508 368 6592
368 6592 13508
6592 368 13508
7514 4983 7513
7513 4983 7514
4983 7513 7514
10512 8424 13924
13924 8424 10512
8424 10512 13924
13251 12812 13242
13242 12812 13251
12812 13242 13251
9404 8390 8957
8390 8957 9404
8957 8390 9404
10662 11341 14825
11341 10662 14825
14825 10662 11341
6173 376 14913
376 6173 14913
14913 376 6173
1020 8677 9160
8677 1020 9160
9160 1020 8677
6965 3268 8984
8984 3268 6965
3268 6965 8984
13630 8371 9367
9367 8371 13630
8371 9367 13630
7455 7036 7236
7036 7236 7455
7236 7036 7455
5148 10268 12941
12941 5148 10268
10268 5148 12941
7069 2012 9097
2012 7069 9097
9097 2012 7069
13135 8389 9276
8389 9276 13135
9276 8389 13135
6546 11026 12942
12942 6546 11026
11026 6546 12942
7264 8451 9697
9697 7264 8451
8451 7264 9697
8586 12932 13373
12932 8586 13373
13373 8586 12932
5781 7949 8214
8214 5781 7949
7949 5781 8214
4617 8849 11218
11218 4617 8849
8849 4617 11218
8546 7962 12256
12256 7962 8546
7962 8546 12256
3837 4801 7086
4801 3837 7086
7086 3837 4801
9231 8577 13509
8577 9231 13509
13509 8577 9231
14679 11324 12311
12311 11324 14679
11324 12311 14679
5742 2663 12278
2663 5742 12278
12278 2663 5742
4804 5075 9476
9476 4804 5075
5075 4804 9476
14239 2720 9007
2720 9007 14239
9007 2720 14239
5477 1860 4373
4373 1860 5477
1860 4373 5477
11307 6914 12013
12013 6914 11307
6914 11307 12013
4582 5094 14406
5094 4582 14406
14406 4582 5094
8428 3712 3897
3712 3897 8428
3897 3712 8428
100 3767 13186
3767 100 13186
13186 100 3767
10159 5978 14540
5978 10159 14540
14540 5978 10159
2689 12588 14822
12588 2689 14822
14822 2689 12588
2470 6405 12151
6405 2470 12151
12151 2470 6405
13407 7107 8430
7107 8430 13407
8430 7107 13407
673 8744 9418
8744 673 9418
9418 673 8744
6983 3243 10655
3243 6983 10655
10655 3243 6983
9750 7745 8827
7745 8827 9750
8827 7745 9750
10994 4577 11092
11092 4577 10994
4577 10994 11092
5248 204 12912
204 5248 12912
12912 204 5248
11400 6568 14229
14229 6568 11400
6568 11400 14229
2728 983 7713
983 2728 7713
7713 983 2728
10573 5275 6656
6656 5275 10573
5275 6656 10573
1140 5237 5347
5237 1140 5347
5347 1140 5237
274 5735 14566
14566 274 5735
5735 274 14566
1274 2878 5324
2878 1274 5324
5324 1274 2878
594 7701 13472
13472 594 7701
7701 594 13472
11812 8105 9174
9174 8105 11812
8105 9174 11812
3620 13020 13621
13621 3620 13020
13020 3620 13621
11589 2531 4899
4899 2531 11589
2531 4899 11589
14537 2851 11604
2851 11604 14537
11604 2851 14537
10746 643 4571
643 4571 10746
4571 643 10746
8070 1195 10497
1195 8070 10497
10497 1195 8070
1770 3670 12934
12934 1770 3670
3670 1770 12934
9498 2634 6890
2634 6890 9498
6890 2634 9498
405 4691 9698
9698 405 4691
4691 405 9698
10360 4861 5269
5269 4861 10360
4861 5269 10360
4209 341 14004
341 4209 14004
14004 341 4209
19 13476 14855
14855 19 13476
13476 19 14855
13395 1744 10391
10391 1744 13395
1744 10391 13395
5225 7911 9089
9089 5225 7911
7911 5225 9089
10710 283 11606
283 10710 11606
11606 283 10710
14020 6629 9474
6629 9474 14020
9474 6629 14020
12864 1119 2887
1119 2887 12864
2887 1119 12864
8143 5184 10736
10736 5184 8143
5184 8143 10736
14427 877 11097
11097 877 14427
877 11097 14427
3874 570 2626
2626 570 3874
570 2626 3874
12917 2931 8346
8346 2931 12917
2931 8346 12917
12107 192 7470
192 7470 12107
7470 192 12107
11113 12659 14008
14008 11113 12659
12659 11113 14008
3824 434 7936
434 3824 7936
7936 434 3824
4354 756 12264
12264 756 4354
756 4354 12264
7973 7765 13294
7765 7973 13294
13294 7765 7973
6457 5017 6404
5017 6404 6457
6404 5017 6457
12188 4501 10660
4501 10660 12188
10660 4501 12188
5142 7242 7345
7242 5142 7345
7345 5142 7242
12396 5614 14259
14259 5614 12396
5614 12396 14259
7705 1428 4602
4602 1428 7705
1428 4602 7705
7673 13081 13486
13081 7673 13486
13486 7673 13081
529 351 4157
4157 351 529
351 529 4157
13299 1194 10812
10812 1194 13299
1194 10812 13299
6912 9840 11414
9840 6912 11414
11414 6912 9840
8688 5255 8932
8932 5255 8688
5255 8688 8932
5155 6489 7661
6489 5155 7661
7661 5155 6489
481 8616 11850
8616 481 11850
11850 481 8616
14682 2667 7135
2667 7135 14682
7135 2667 14682
14897 564 7406
564 7406 14897
7406 564 14897
12836 4563 11608
4563 11608 12836
11608 4563 12836
5145 11752 14460
14460 5145 11752
11752 5145 14460
8042 2481 12839
2481 8042 12839
12839 2481 8042
7950 3887 10755
10755 3887 7950
3887 7950 10755
13847 11156 13761
11156 13761 13847
13761 11156 13847
5415 9005 13792
9005 5415 13792
13792 5415 9005
3042 7014 10381
10381 3042 7014
7014 3042 10381
12224 5917 5985
5985 5917 12224
5917 5985 12224
10097 10483 13568
10483 10097 13568
13568 10097 10483
13902 928 1256
928 1256 13902
1256 928 13902
2410 1843 8058
8058 1843 2410
1843 2410 8058
9185 5228 14376
14376 5228 9185
5228 9185 14376
4485 9953 12063
9953 4485 12063
12063 4485 9953
11796 4172 8240
8240 4172 11796
4172 8240 11796
3364 4105 11014
11014 3364 4105
4105 3364 11014
2203 2229 11830
2229 2203 11830
11830 2203 2229
11785 7821 10455
10455 7821 11785
7821 10455 11785
14735 803 5776
803 5776 14735
5776 803 14735
12629 1728 14342
1728 12629 14342
14342 1728 12629
2040 1316 7387
1316 2040 7387
7387 1316 2040
4611 714 11087
11087 714 4611
714 4611 11087
14440 13882 14023
14023 13882 14440
13882 14023 14440
5566 3781 6826
3781 5566 6826
6826 3781 5566
3550 947 8076
8076 947 3550
947 3550 8076
13462 7246 13778
13778 7246 13462
7246 13462 13778
3515 6207 12208
12208 3515 6207
6207 3515 12208
1561 4960 13402
4960 1561 13402
13402 1561 4960
4091 6466 14473
14473 4091 6466
6466 4091 14473
4711 5805 13098
13098 4711 5805
5805 4711 13098
1227 7594 11135
7594 1227 11135
11135 1227 7594
1159 2661 3090
3090 1159 2661
2661 1159 3090
11081 1065 10569
10569 1065 11081
1065 10569 11081
2151 6369 10225
6369 2151 10225
10225 2151 6369
1332 11093 11472
11472 1332 11093
11093 1332 11472
10542 8889 9034
9034 8889 10542
8889 9034 10542
14349 3029 4218
3029 4218 14349
4218 3029 14349
980 2641 2901
2641 980 2901
2901 980 2641
3831 7473 12181
7473 3831 12181
12181 3831 7473
662 6127 6905
6127 662 6905
6905 662 6127
8099 7344 9217
7344 8099 9217
9217 7344 8099
10067 9917 12580
9917 10067 12580
12580 9917 10067
4292 6625 7554
6625 4292 7554
7554 4292 6625
9983 4889 7142
4889 7142 9983
7142 4889 9983
3851 6362 11575
11575 3851 6362
6362 3851 11575
4471 3200 5859
5859 3200 4471
3200 4471 5859
382 2953 3709
3709 382 2953
2953 382 3709
6614 7169 8625
8625 6614 7169
7169 6614 8625
8774 5463 14946
5463 8774 14946
14946 5463 8774
5738 8400 13038
8400 5738 13038
13038 5738 8400
6673 1664 3990
3990 1664 6673
1664 3990 6673
8664 6143 9605
9605 6143 8664
6143 8664 9605
413 8183 12487
8183 413 12487
12487 413 8183
3258 2443 7667
2443 3258 7667
7667 2443 3258
656 2869 13926
13926 656 2869
2869 656 13926
5476 5149 13457
5149 5476 13457
13457 5149 5476
1659 3658 5569
5569 1659 3658
3658 1659 5569
11806 6282 7184
6282 7184 11806
7184 6282 11806
3994 10665 14005
14005 3994 10665
10665 3994 14005
11261 7681 9792
7681 9792 11261
9792 7681 11261
14260 2515 7805
2515 7805 14260
7805 2515 14260
2242 12951 13479
12951 2242 13479
13479 2242 12951
12186 2818 8145
8145 2818 12186
2818 8145 12186
14723 157 11947
11947 157 14723
157 11947 14723
14692 1592 3193
3193 1592 14692
1592 3193 14692
13732 4262 8655
4262 8655 13732
8655 4262 13732
9612 92 8094
8094 92 9612
92 8094 9612
4334 2632 11968
2632 4334 11968
11968 2632 4334
10168 1987 2395
2395 1987 10168
1987 2395 10168
7953 4078 7471
4078 7471 7953
7471 4078 7953
895 9394 12562
9394 895 12562
12562 895 9394
13713 8299 8510
8510 8299 13713
8299 8510 13713
9826 10959 13578
13578 9826 10959
10959 9826 13578
13616 1076 10473
1076 10473 13616
10473 1076 13616
5914 4586 6487
4586 5914 6487
6487 4586 5914
10023 2103 11683
11683 2103 10023
2103 10023 11683
10185 11182 13206
13206 10185 11182
11182 10185 13206
7572 3270 11756
3270 7572 11756
11756 3270 7572
7651 2387 9076
9076 2387 7651
2387 7651 9076
7275 7096 9520
7096 7275 9520
9520 7096 7275
12341 7773 10531
7773 10531 12341
10531 7773 12341
13766 2464 2889
2464 2889 13766
2889 2464 13766
2310 1652 6893
6893 1652 2310
1652 2310 6893
6793 503 6613
503 6613 6793
6613 503 6793
5011 7876 13054
13054 5011 7876
7876 5011 13054
5323 6963 9536
9536 5323 6963
6963 5323 9536
10964 9372 11015
11015 9372 10964
9372 10964 11015
8857 8184 13908
13908 8184 8857
8184 8857 13908
10449 5443 12834
5443 10449 12834
12834 5443 10449
3601 2703 12676
2703 3601 12676
12676 2703 3601
9811 6600 12958
12958 6600 9811
6600 9811 12958
11094 2715 9506
9506 2715 11094
2715 9506 11094
13651 5244 5606
5244 5606 13651
5606 5244 13651
133 4236 8884
8884 133 4236
4236 133 8884
2014 6916 10794
10794 2014 6916
6916 2014 10794
9270 7051 7109
7109 7051 9270
7051 7109 9270
4290 10146 11853
10146 4290 11853
11853 4290 10146
12025 3687 5948
3687 5948 12025
5948 3687 12025
1974 9996 13827
13827 1974 9996
9996 1974 13827
8051 9550 11911
11911 8051 9550
9550 8051 11911
1555 6376 12555
6376 1555 12555
12555 1555 6376
14748 320 431
320 431 14748
431 320 14748
7694 1464 13474
1464 7694 13474
13474 1464 7694
1142 1671 2833
1671 1142 2833
2833 1142 1671
3262 12591 13188
13188 3262 12591
12591 3262 13188
817 5849 13281
5849 817 13281
13281 817 5849
2088 5250 6375
5250 2088 6375
6375 2088 5250
7293 4740 12064
4740 7293 12064
12064 4740 7293
10514 13187 14968
13187 10514 14968
14968 10514 13187
7650 4011 14920
4011 7650 14920
14920 4011 7650
10307 872 10763
872 10307 10763
10763 872 10307
12355 9587 14957
9587 12355 14957
14957 9587 12355
13866 4744 12412
4744 12412 13866
12412 4744 13866
5652 5582 10411
10411 5582 5652
5582 5652 10411
10030 3239 5379
3239 5379 10030
5379 3239 10030
3003 12021 13488
13488 3003 12021
12021 3003 13488
11450 3360 10330
10330 3360 11450
3360 10330 11450
6084 295 9024
295 6084 9024
9024 295 6084
4667 10774 12809
12809 4667 10774
10774 4667 12809
6085 14138 14563
14563 6085 14138
14138 6085 14563
11953 3797 11928
11928 3797 11953
3797 11928 11953
3991 3766 14379
14379 3766 3991
3766 3991 14379
1782 386 8082
386 1782 8082
8082 386 1782
1165 10352 14350
10352 1165 14350
14350 1165 10352
4703 11502 11759
11759 4703 11502
11502 4703 11759
3757 7891 8456
8456 3757 7891
7891 3757 8456
179 6233 10017
10017 179 6233
6233 179 10017
7047 2286 5768
2286 5768 7047
5768 2286 7047
969 7167 7327
7327 969 7167
7167 969 7327
14246 5343 14717
14717 5343 14246
5343 14246 14717
3245 3011 7385
7385 3011 3245
3011 3245 7385
11429 7738 10709
7738 10709 11429
10709 7738 11429
13656 7218 9282
7218 9282 13656
9282 7218 13656
8108 1689 3190
1689 3190 8108
3190 1689 8108
12988 5300 9769
5300 9769 12988
9769 5300 12988
3030 13594 14810
13594 3030 14810
14810 3030 13594
10227 2249 8758
8758 2249 10227
2249 8758 10227
11257 8136 8880
8880 8136 11257
8136 8880 11257
4520 5561 12201
5561 4520 12201
12201 4520 5561
1618 1645 13668
13668 1618 1645
1645 1618 13668
9968 5890 12991
12991 5890 9968
5890 9968 12991
2266 11523 11651
11651 2266 11523
11523 2266 11651
6663 2921 13417
13417 2921 6663
2921 6663 13417
12044 8006 11170
8006 11170 12044
11170 8006 12044
2489 2546 9693
9693 2489 2546
2546 2489 9693
6151 9098 9328
9328 6151 9098
9098 6151 9328
10699 7331 13190
7331 10699 13190
13190 7331 10699
2408 5772 11895
5772 2408 11895
11895 2408 5772
12825 9197 10436
9197 10436 12825
10436 9197 12825
4987 4690 9216
9216 4690 4987
4690 4987 9216
2892 3472 4119
3472 2892 4119
4119 2892 3472
5121 866 13745
13745 866 5121
866 5121 13745
1756 9522 10653
9522 1756 10653
10653 1756 9522
9249 214 14129
14129 214 9249
214 9249 14129
11401 354 6397
6397 354 11401
354 6397 11401
6105 5252 10691
5252 6105 10691
10691 5252 6105
3733 4476 7744
7744 3733 4476
4476 3733 7744
4424 3714 10586
10586 3714 4424
3714 4424 10586
12702 1310 12146
1310 12146 12702
12146 1310 12702
13806 569 12249
569 12249 13806
12249 569 13806
6593 12015 12821
12821 6593 12015
12015 6593 12821
9858 8281 14430
8281 9858 14430
14430 8281 9858
2241 2618 5276
2618 2241 5276
5276 2241 2618
10743 1102 8209
1102 8209 10743
8209 1102 10743
9072 2739 14651
2739 9072 14651
14651 2739 9072
8452 5429 11669
11669 5429 8452
5429 8452 11669
13645 1678 14710
1678 13645 14710
14710 1678 13645
612 10310 14162
14162 612 10310
10310 612 14162
4187 9764 13807
13807 4187 9764
9764 4187 13807
12308 11205 13396
13396 11205 12308
11205 12308 13396
5845 10277 12409
12409 5845 10277
10277 5845 12409
6567 3139 9789
9789 3139 6567
3139 6567 9789
2041 2177 8114
8114 2041 2177
2177 2041 8114
5147 4839 11430
4839 5147 11430
11430 4839 5147
7466 2324 4590
2324 4590 7466
4590 2324 7466
5376 7329 10013
10013 5376 7329
7329 5376 10013
5482 1685 10734
1685 5482 10734
10734 1685 5482
7350 1705 13184
13184 1705 7350
1705 7350 13184
8162 6585 14159
6585 8162 14159
14159 6585 8162
370 13108 14552
13108 370 14552
14552 370 13108
12982 5342 11364
11364 5342 12982
5342 11364 12982
4411 6152 8445
6152 4411 8445
8445 4411 6152
3051 11046 14734
14734 3051 11046
11046 3051 14734
4769 6114 6499
6114 4769 6499
6499 4769 6114
6584 3347 7827
3347 6584 7827
7827 3347 6584
2759 4977 7937
7937 2759 4977
4977 2759 7937
14416 170 3084
170 3084 14416
3084 170 14416
3055 109 10380
109 3055 10380
10380 109 3055
10506 2398 9326
9326 2398 10506
2398 9326 10506
12189 6980 8147
8147 6980 12189
6980 8147 12189
11255 3449 13240
3449 11255 13240
13240 3449 11255
10719 1257 9208
9208 1257 10719
1257 9208 10719
1867 4737 7425
7425 1867 4737
4737 1867 7425
10955 7093 12533
12533 7093 10955
7093 10955 12533
3488 4225 11676
4225 3488 11676
11676 3488 4225
7620 2602 11810
2602 7620 11810
11810 2602 7620
14098 734 2010
734 2010 14098
2010 734 14098
14644 11493 14384
11493 14384 14644
14384 11493 14644
6835 4401 14442
4401 6835 14442
14442 4401 6835
9305 9071 14120
14120 9071 9305
9071 9305 14120
792 4800 6840
4800 792 6840
6840 792 4800
13257 11395 14985
14985 11395 13257
11395 13257 14985
11783 1438 2793
2793 1438 11783
1438 2793 11783
6078 1166 6722
6722 1166 6078
1166 6078 6722
8473 7209 9787
7209 8473 9787
9787 7209 8473
12490 8997 11531
11531 8997 12490
8997 11531 12490
11013 124 11649
11649 124 11013
124 11013 11649
6099 2104 4446
2104 4446 6099
4446 2104 6099
12968 3473 13845
13845 3473 12968
3473 12968 13845
10720 2985 13021
2985 10720 13021
13021 2985 10720
10063 12420 14404
14404 10063 12420
12420 10063 14404
8017 1268 10471
1268 8017 10471
10471 1268 8017
9023 7710 12242
7710 9023 12242
12242 7710 9023
11688 145 2795
145 2795 11688
2795 145 11688
406 713 2035
2035 406 713
713 406 2035
10241 2804 12846
2804 10241 12846
12846 2804 10241
14700 1025 1101
1101 1025 14700
1025 1101 14700
5236 4532 14256
4532 5236 14256
14256 4532 5236
10588 9831 13283
9831 10588 13283
13283 9831 10588
12175 5183 6653
6653 5183 12175
5183 6653 12175
9598 2607 8225
8225 2607 9598
2607 8225 9598
13334 1239 9493
9493 1239 13334
1239 9493 13334
4822 4308 5152
5152 4308 4822
4308 4822 5152
4412 7788 12051
12051 4412 7788
7788 4412 12051
14859 4880 12498
4880 12498 14859
12498 4880 14859
14893 7834 8929
7834 8929 14893
8929 7834 14893
11145 4871 5679
5679 4871 11145
4871 5679 11145
2080 4995 14407
4995 2080 14407
14407 2080 4995
5820 1339 12913
12913 1339 5820
1339 5820 12913
8899 484 3624
3624 484 8899
484 3624 8899
12693 11185 11482
11185 11482 12693
11482 11185 12693
11722 12999 13414
13414 11722 12999
12999 11722 13414
9832 7459 11559
7459 9832 11559
11559 7459 9832
12535 12367 12435
12367 12435 12535
12435 12367 12535
6071 4304 10493
10493 4304 6071
4304 6071 10493
7787 3553 11652
11652 3553 7787
3553 7787 11652
7362 2221 10297
2221 7362 10297
10297 2221 7362
8606 7237 13496
13496 7237 8606
7237 8606 13496
5103 8289 13452
13452 5103 8289
8289 5103 13452
96 11192 14195
14195 96 11192
11192 96 14195
1483 7238 8516
7238 1483 8516
8516 1483 7238
2943 1970 6583
1970 2943 6583
6583 1970 2943
5383 1144 10281
1144 5383 10281
10281 1144 5383
10163 444 9340
9340 444 10163
444 9340 10163
7543 4688 11854
4688 7543 11854
11854 4688 7543
1577 344 5365
5365 344 1577
344 1577 5365
11921 7525 14458
14458 7525 11921
7525 11921 14458
12452 8475 13736
8475 12452 13736
13736 8475 12452
13285 388 6968
6968 388 13285
388 6968 13285
3730 2498 7693
2498 3730 7693
7693 2498 3730
4372 1663 9752
1663 4372 9752
9752 1663 4372
3895 10768 11318
10768 3895 11318
11318 3895 10768
13795 2699 6391
6391 2699 13795
2699 6391 13795
3896 2136 14763
14763 2136 3896
2136 3896 14763
3673 13849 14177
14177 3673 13849
13849 3673 14177
4343 8806 10722
10722 4343 8806
8806 4343 10722
485 7775 9820
9820 485 7775
7775 485 9820
1122 4881 9592
4881 1122 9592
9592 1122 4881
8376 6378 10819
6378 8376 10819
10819 6378 8376
3332 11801 13262
13262 3332 11801
11801 3332 13262
12383 2390 9861
2390 9861 12383
9861 2390 12383
3485 4959 7872
4959 3485 7872
7872 3485 4959
6573 2258 4923
4923 2258 6573
2258 4923 6573
4670 2016 5896
2016 4670 5896
5896 2016 4670
12100 3738 8440
8440 3738 12100
3738 8440 12100
5308 9879 10373
10373 5308 9879
9879 5308 10373
2752 4383 14599
4383 2752 14599
14599 2752 4383
4374 5312 9128
5312 4374 9128
9128 4374 5312
5559 7779 12262
12262 5559 7779
7779 5559 12262
2319 182 208
182 208 2319
208 182 2319
7749 2767 14009
2767 7749 14009
14009 2767 7749
14087 4514 11532
4514 11532 14087
11532 4514 14087
13208 1715 11519
1715 11519 13208
11519 1715 13208
11386 7203 12571
7203 11386 12571
12571 7203 11386
2731 10390 14865
10390 2731 14865
14865 2731 10390
7789 5658 9611
5658 7789 9611
9611 5658 7789
13925 6572 9751
9751 6572 13925
6572 9751 13925
13382 4969 5302
4969 5302 13382
5302 4969 13382
9385 8797 8936
8936 8797 9385
8797 8936 9385
11763 12575 12736
12736 11763 12575
12575 11763 12736
927 1772 7901
7901 927 1772
1772 927 7901
11247 12953 13803
13803 11247 12953
12953 11247 13803
5810 2712 12682
12682 2712 5810
2712 5810 12682
524 4052 5843
4052 524 5843
5843 524 4052
11095 1013 5447
1013 5447 11095
5447 1013 11095
11938 5007 9539
9539 5007 11938
5007 9539 11938
7931 4676 11467
4676 7931 11467
11467 4676 7931
7472 3975 5483
5483 3975 7472
3975 5483 7472
14594 8652 14990
14990 8652 14594
8652 14594 14990
5079 6570 9139
9139 5079 6570
6570 5079 9139
6922 7708 11746
11746 6922 7708
7708 6922 11746
1690 6146 10261
10261 1690 6146
6146 1690 10261
7371 3141 6234
3141 6234 7371
6234 3141 7371
5506 2439 8348
2439 5506 8348
8348 2439 5506
8924 8176 8633
8633 8176 8924
8176 8633 8924
9127 8535 13612
13612 8535 9127
8535 9127 13612
11976 10593 11566
11566 10593 11976
10593 11566 11976
13550 1236 4208
1236 4208 13550
4208 1236 13550
8715 1875 11168
1875 8715 11168
11168 1875 8715
9656 11539 11964
11539 9656 11964
11964 9656 11539
10658 10631 14538
10631 10658 14538
14538 10631 10658
12461 10824 12865
12865 10824 12461
10824 12461 12865
12617 2315 13160
2315 12617 13160
13160 2315 12617
7852 14139 14974
14974 7852 14139
14139 7852 14974
2628 8096 13892
8096 2628 13892
13892 2628 8096
3317 1584 14625
14625 1584 3317
1584 3317 14625
13340 1533 7564
1533 7564 13340
7564 1533 13340
1139 1465 10001
10001 1139 1465
1465 1139 10001
4153 3671 5316
5316 3671 4153
3671 4153 5316
14714 9124 12076
12076 9124 14714
9124 12076 14714
12494 7608 9959
9959 7608 12494
7608 9959 12494
10821 7791 9044
7791 9044 10821
9044 7791 10821
249 13129 13737
13129 249 13737
13737 249 13129
10165 99 7808
7808 99 10165
99 7808 10165
110 10177 13923
10177 110 13923
13923 110 10177
4018 8699 13709
8699 4018 13709
13709 4018 8699
3653 6395 6491
6491 3653 6395
6395 3653 6491
8992 1261 12722
12722 1261 8992
1261 8992 12722
2444 8928 13063
13063 2444 8928
8928 2444 13063
8062 8811 14800
8811 8062 14800
14800 8062 8811
5705 1407 7422
7422 1407 5705
1407 5705 7422
11933 2499 4545
2499 4545 11933
4545 2499 11933
11447 6349 13677
13677 6349 11447
6349 11447 13677
6901 424 6815
6815 424 6901
424 6815 6901
9901 8384 14353
14353 8384 9901
8384 9901 14353
1457 1441 10263
1441 1457 10263
10263 1441 1457
2251 1976 10432
1976 2251 10432
10432 1976 2251
3916 1255 7143
7143 1255 3916
1255 3916 7143
2983 5670 12514
5670 2983 12514
12514 2983 5670
9308 3518 4410
3518 4410 9308
4410 3518 9308
5710 7351 14431
7351 5710 14431
14431 5710 7351
13516 550 1780
1780 550 13516
550 1780 13516
2908 13679 14017
13679 2908 14017
14017 2908 13679
9212 5310 13914
5310 9212 13914
13914 5310 9212
6596 1832 8492
8492 1832 6596
1832 6596 8492
4016 7862 13399
7862 4016 13399
13399 4016 7862
3096 7302 14291
14291 3096 7302
7302 3096 14291
14248 384 5525
5525 384 14248
384 5525 14248
8 8300 11868
8300 8 11868
11868 8 8300
9461 10592 11083
10592 9461 11083
11083 9461 10592
5586 10187 12486
10187 5586 12486
12486 5586 10187
10461 4436 10696
10696 4436 10461
4436 10461 10696
185 8792 14340
8792 185 14340
14340 185 8792
576 858 13264
13264 576 858
858 576 13264
14169 14244 14633
14633 14169 14244
14244 14169 14633
239 6136 9173
6136 239 9173
9173 239 6136
2860 2608 8175
8175 2608 2860
2608 2860 8175
5359 8772 13697
13697 5359 8772
8772 5359 13697
534 4048 10624
4048 534 10624
10624 534 4048
11803 477 3140
477 3140 11803
3140 477 11803
6242 3701 5104
3701 5104 6242
5104 3701 6242
7325 2028 14290
14290 2028 7325
2028 7325 14290
10213 2422 10552
10552 2422 10213
2422 10213 10552
10079 6266 7314
7314 6266 10079
6266 7314 10079
10273 1920 4030
4030 1920 10273
1920 4030 10273
1254 6776 10527
10527 1254 6776
6776 1254 10527
11498 12253 12484
12484 11498 12253
12253 11498 12484
12548 610 8740
8740 610 12548
610 8740 12548
6232 1706 8703
8703 1706 6232
1706 6232 8703
2559 4547 5846
4547 2559 5846
5846 2559 4547
13468 13390 13770
13390 13468 13770
13770 13390 13468
10905 2160 5879
2160 5879 10905
5879 2160 10905
14345 1933 6000
1933 6000 14345
6000 1933 14345
2890 4750 9650
9650 2890 4750
4750 2890 9650
9077 4082 11427
11427 4082 9077
4082 9077 11427
4886 8181 12746
8181 4886 12746
12746 4886 8181
14757 4282 7886
4282 7886 14757
7886 4282 14757
744 11744 12577
12577 744 11744
11744 744 12577
1340 786 9979
786 1340 9979
9979 786 1340
12733 4434 12631
12631 4434 12733
4434 12631 12733
211 8413 11650
11650 211 8413
8413 211 11650
7123 3782 4855
4855 3782 7123
3782 4855 7123
14926 6848 12748
6848 12748 14926
12748 6848 14926
5378 2958 10081
10081 2958 5378
2958 5378 10081
4249 7356 9942
7356 4249 9942
9942 4249 7356
4250 1027 13024
1027 4250 13024
13024 1027 4250
6009 2198 3059
3059 2198 6009
2198 3059 6009
6945 3892 10087
10087 3892 6945
3892 6945 10087
9843 1205 4584
4584 1205 9843
1205 4584 9843
8989 2588 10124
2588 8989 10124
10124 2588 8989
9593 7763 9607
7763 9593 9607
9607 7763 9593
5515 5025 11695
11695 5025 5515
5025 5515 11695
13943 12125 13303
12125 13303 13943
13303 12125 13943
1091 8343 9225
9225 1091 8343
8343 1091 9225
5341 1082 2181
2181 1082 5341
1082 2181 5341
7952 2081 14160
14160 2081 7952
2081 7952 14160
7680 11475 13189
11475 7680 13189
13189 7680 11475
592 2820 3559
3559 592 2820
2820 592 3559
8260 8334 13964
8334 8260 13964
13964 8260 8334
2352 682 8528
682 2352 8528
8528 682 2352
1579 4347 14836
14836 1579 4347
4347 1579 14836
10218 4420 10344
4420 10218 10344
10344 4420 10218
12940 7067 9352
7067 9352 12940
9352 7067 12940
14704 4116 5727
5727 4116 14704
4116 5727 14704
332 3408 12931
12931 332 3408
3408 332 12931
3228 5068 9482
5068 3228 9482
9482 3228 5068
12545 5872 11136
5872 11136 12545
11136 5872 12545
12789 5124 5938
5124 5938 12789
5938 5124 12789
9134 1637 14238
1637 9134 14238
14238 1637 9134
2458 258 3792
3792 258 2458
258 2458 3792
7146 2814 5888
2814 5888 7146
5888 2814 7146
6610 1022 9557
9557 1022 6610
1022 6610 9557
7505 10110 10301
10110 7505 10301
10301 7505 10110
4486 2484 5382
5382 2484 4486
2484 4486 5382
12950 591 2831
591 2831 12950
2831 591 12950
5716 1137 5453
5453 1137 5716
1137 5453 5716
571 1796 13896
1796 571 13896
13896 571 1796
10135 1951 14163
1951 10135 14163
14163 1951 10135
11917 9142 10673
10673 9142 11917
9142 10673 11917
13049 4009 6184
4009 6184 13049
6184 4009 13049
5567 4421 12317
12317 4421 5567
4421 5567 12317
13777 7421 12142
12142 7421 13777
7421 12142 13777
9451 4170 6717
6717 4170 9451
4170 6717 9451
769 8259 11285
8259 769 11285
11285 769 8259
6992 1135 8650
8650 1135 6992
1135 6992 8650
11687 6812 9457
6812 9457 11687
9457 6812 11687
12867 3538 14868
14868 3538 12867
3538 12867 14868
5981 3093 13298
13298 3093 5981
3093 5981 13298
6149 2384 7322
2384 6149 7322
7322 2384 6149
3808 8927 10532
10532 3808 8927
8927 3808 10532
5304 4734 12961
12961 4734 5304
4734 5304 12961
5078 12061 14578
14578 5078 12061
12061 5078 14578
6145 3357 3873
3873 3357 6145
3357 3873 6145
2829 5547 8888
8888 2829 5547
5547 2829 8888
7309 13256 14866
14866 7309 13256
13256 7309 14866
6236 5687 5782
5782 5687 6236
5687 5782 6236
4567 9913 14288
14288 4567 9913
9913 4567 14288
6037 4215 14318
4215 6037 14318
14318 4215 6037
12381 127 12662
12662 127 12381
127 12381 12662
14358 7845 14550
7845 14358 14550
14550 7845 14358
13070 717 13834
13834 717 13070
717 13070 13834
3318 7305 7407
7305 3318 7407
7407 3318 7305
12401 12644 14075
14075 12401 12644
12644 12401 14075
68 1155 8442
8442 68 1155
1155 68 8442
2528 9782 12992
9782 2528 12992
12992 2528 9782
12770 2938 8079
2938 8079 12770
8079 2938 12770
2523 422 12901
12901 422 2523
422 2523 12901
13497 8063 13971
13971 8063 13497
8063 13497 13971
10999 4791 5549
5549 4791 10999
4791 5549 10999
10172 4496 7049
7049 4496 10172
4496 7049 10172
6314 7435 12890
7435 6314 12890
12890 6314 7435
1656 4687 12430
12430 1656 4687
4687 1656 12430
6268 1041 9553
1041 6268 9553
9553 1041 6268
14650 1628 3112
3112 1628 14650
1628 3112 14650
6943 562 8863
562 6943 8863
8863 562 6943
14626 8574 13362
8574 13362 14626
13362 8574 14626
94 6933 13603
6933 94 13603
13603 94 6933
3906 6138 6957
6957 3906 6138
6138 3906 6957
14322 11308 14337
14337 11308 14322
11308 14322 14337
125 6580 9020
6580 125 9020
9020 125 6580
2024 553 3259
3259 553 2024
553 2024 3259
10474 1188 4900
4900 1188 10474
1188 4900 10474
701 1785 2655
2655 701 1785
1785 701 2655
1722 8671 12302
8671 1722 12302
12302 1722 8671
8165 1264 2674
2674 1264 8165
1264 2674 8165
3936 1314 14483
14483 1314 3936
1314 3936 14483
13397 1378 3238
1378 3238 13397
3238 1378 13397
5097 71 11661
71 5097 11661
11661 71 5097
6872 1786 2861
2861 1786 6872
1786 2861 6872
13833 1017 12882
1017 12882 13833
12882 1017 13833
3813 9547 12165
12165 3813 9547
9547 3813 12165
14873 1360 2845
2845 1360 14873
1360 2845 14873
6420 1523 1998
1523 1998 6420
1998 1523 6420
1127 374 810
374 810 1127
810 374 1127
10060 8038 8382
8382 8038 10060
8038 8382 10060
11925 7844 13272
13272 7844 11925
7844 11925 13272
4350 13810 14924
14924 4350 13810
13810 4350 14924
9490 2801 10815
2801 9490 10815
10815 2801 9490
8055 2215 7098
2215 7098 8055
7098 2215 8055
5510 1692 4465
4465 1692 5510
1692 4465 5510
3943 7357 7934
7357 3943 7934
7934 3943 7357
4626 2934 9690
2934 4626 9690
9690 2934 4626
12704 1112 6927
1112 6927 12704
6927 1112 12704
11716 2212 13143
13143 2212 11716
2212 11716 13143
14083 5227 14908
5227 14083 14908
14908 5227 14083
12594 4718 7486
4718 7486 12594
7486 4718 12594
14512 3762 14467
14467 3762 14512
3762 14467 14512
10078 750 7150
7150 750 10078
750 7150 10078
1981 2341 14459
14459 1981 2341
