84319 13469 94393
13469 84319 94393
94393 13469 84319
34390 75755 123556
123556 34390 75755
75755 34390 123556
116383 65455 71222
65455 71222 116383
71222 65455 116383
149515 90742 143979
143979 90742 149515
90742 143979 149515
76290 38323 91586
38323 76290 91586
91586 38323 76290
64918 1072 115754
1072 64918 115754
115754 1072 64918
127257 24264 129388
24264 127257 129388
129388 24264 127257
3663 57305 137337
137337 3663 57305
57305 3663 137337
14725 98334 121519
98334 14725 121519
121519 14725 98334
94155 81389 115332
81389 94155 115332
115332 81389 94155
14547 4227 71754
71754 4227 14547
4227 14547 71754
116503 18347 88096
88096 18347 116503
18347 88096 116503
107451 44524 51725
44524 51725 107451
51725 44524 107451
111160 78488 145957
78488 111160 145957
145957 78488 111160
120924 42384 63466
42384 63466 120924
63466 42384 120924
131083 55964 145819
55964 131083 145819
145819 55964 131083
31809 52957 76306
52957 31809 76306
76306 31809 52957
102792 2707 136105
136105 2707 102792
2707 102792 136105
60572 54627 84843
54627 60572 84843
84843 54627 60572
110919 54953 120582
120582 54953 110919
54953 110919 120582
77515 56520 65020
65020 56520 77515
56520 65020 77515
47245 26480 55985
55985 26480 47245
26480 47245 55985
29469 96359 146966
146966 29469 96359
96359 29469 146966
57524 18638 83004
83004 18638 57524
18638 57524 83004
15894 104692 126819
126819 15894 104692
104692 15894 126819
99583 77266 83373
77266 83373 99583
83373 77266 99583
76167 79264 87725
87725 76167 79264
79264 76167 87725
29920 3288 89477
3288 29920 89477
89477 3288 29920
66102 35829 48306
35829 48306 66102
48306 35829 66102
45526 73679 109329
109329 45526 73679
73679 45526 109329
98466 35148 120669
120669 35148 98466
35148 98466 120669
43676 49495 107334
49495 43676 107334
107334 43676 49495
33371 14059 107023
107023 14059 33371
14059 33371 107023
91748 49754 88318
88318 49754 91748
49754 88318 91748
38602 9536 89711
89711 9536 38602
9536 38602 89711
142514 2519 103268
103268 2519 142514
2519 103268 142514
91234 73272 134361
73272 91234 134361
134361 73272 91234
100116 42255 95259
42255 95259 100116
95259 42255 100116
96029 34958 38824
38824 34958 96029
34958 38824 96029
79971 16543 31720
16543 31720 79971
31720 16543 79971
68310 76114 91383
76114 68310 91383
91383 68310 76114
40984 108539 134988
134988 40984 108539
108539 40984 134988
145801 7151 126305
126305 7151 145801
7151 126305 145801
16733 36098 93302
36098 16733 93302
93302 16733 36098
54514 37740 67180
37740 54514 67180
67180 37740 54514
68003 97517 98114
97517 68003 98114
98114 68003 97517
41287 38251 135442
38251 41287 135442
135442 38251 41287
143001 76691 100234
76691 100234 143001
100234 76691 143001
52364 91822 102915
102915 52364 91822
91822 52364 102915
34710 4038 21838
21838 4038 34710
4038 21838 34710
61488 56083 58663
56083 58663 61488
58663 56083 61488
3367 27295 115964
27295 3367 115964
115964 3367 27295
23610 84427 92372
92372 23610 84427
84427 23610 92372
104278 21231 86198
21231 86198 104278
86198 21231 104278
760 42824 102368
42824 760 102368
102368 760 42824
70414 107737 126075
107737 70414 126075
126075 70414 107737
62612 10481 71505
71505 10481 62612
10481 62612 71505
111891 6079 45994
6079 45994 111891
45994 6079 111891
96827 1632 41958
1632 41958 96827
41958 1632 96827
86619 77182 137436
77182 86619 137436
137436 77182 86619
6657 100696 122107
122107 6657 100696
100696 6657 122107
50507 50271 57266
50271 50507 57266
57266 50271 50507
138888 62397 85100
62397 85100 138888
85100 62397 138888
124708 3780 72536
3780 72536 124708
72536 3780 124708
84074 4539 35820
4539 35820 84074
35820 4539 84074
25423 29186 141069
141069 25423 29186
29186 25423 141069
85899 54386 101560
54386 85899 101560
101560 54386 85899
79926 6987 22952
6987 22952 79926
22952 6987 79926
3376 18193 22400
18193 3376 22400
22400 3376 18193
97032 34082 144449
144449 34082 97032
34082 97032 144449
62914 8451 59926
8451 59926 62914
59926 8451 62914
67386 25489 109468
25489 67386 109468
109468 25489 67386
147020 12610 14553
12610 14553 147020
14553 12610 147020
132677 90600 103310
90600 103310 132677
103310 90600 132677
33458 9911 45807
9911 33458 45807
45807 9911 33458
14270 30580 62119
62119 14270 30580
30580 14270 62119
139641 49008 50097
50097 49008 139641
49008 50097 139641
91707 28756 116883
28756 91707 116883
116883 28756 91707
137553 17746 110126
17746 110126 137553
110126 17746 137553
26847 53642 136654
136654 26847 53642
53642 26847 136654
38850 76648 133882
76648 38850 133882
133882 38850 76648
82811 79726 88871
79726 82811 88871
88871 79726 82811
115696 77184 144864
77184 115696 144864
144864 77184 115696
128484 19914 109585
19914 109585 128484
109585 19914 128484
2287 48742 136097
136097 2287 48742
48742 2287 136097
63945 95751 101746
95751 63945 101746
101746 63945 95751
10717 56536 61340
56536 10717 61340
61340 10717 56536
27696 13923 64335
64335 13923 27696
13923 27696 64335
24733 45085 118408
118408 24733 45085
45085 24733 118408
54129 34708 62833
62833 34708 54129
34708 54129 62833
143634 10121 33612
10121 33612 143634
33612 10121 143634
126537 126086 148303
126086 126537 148303
148303 126086 126537
97303 50472 100301
50472 97303 100301
100301 50472 97303
89403 18811 93537
18811 89403 93537
93537 18811 89403
13000 60463 83014
83014 13000 60463
60463 13000 83014
109462 19417 22615
22615 19417 109462
19417 22615 109462
97031 36021 68185
68185 36021 97031
36021 68185 97031
62330 122547 144143
144143 62330 122547
122547 62330 144143
32682 43159 85664
85664 32682 43159
43159 32682 85664
127701 86277 92358
92358 86277 127701
86277 92358 127701
102330 10114 84195
10114 84195 102330
84195 10114 102330
71133 2026 78841
78841 2026 71133
2026 71133 78841
10057 11971 16392
11971 10057 16392
16392 10057 11971
120857 4507 31171
4507 31171 120857
31171 4507 120857
80998 32888 132488
132488 32888 80998
32888 80998 132488
12181 53097 119074
119074 12181 53097
53097 12181 119074
124273 1542 141562
141562 1542 124273
1542 124273 141562
122223 82744 125696
82744 122223 125696
125696 82744 122223
111691 72408 98683
72408 98683 111691
98683 72408 111691
102967 31639 35540
31639 35540 102967
35540 31639 102967
8931 84335 101410
101410 8931 84335
84335 8931 101410
95891 96251 96610
96610 95891 96251
96251 95891 96610
74427 5412 59497
59497 5412 74427
5412 59497 74427
21022 70961 142847
142847 21022 70961
70961 21022 142847
29823 31399 39830
39830 29823 31399
31399 29823 39830
81047 23849 112032
112032 23849 81047
23849 81047 112032
106746 28685 89322
28685 89322 106746
89322 28685 106746
32892 5497 54019
5497 32892 54019
54019 5497 32892
87933 99151 149260
149260 87933 99151
99151 87933 149260
71307 16370 57107
16370 57107 71307
57107 16370 71307
59039 22029 124635
22029 59039 124635
124635 22029 59039
79448 131852 141856
131852 79448 141856
141856 79448 131852
134025 82188 115163
115163 82188 134025
82188 115163 134025
143879 94367 129384
129384 94367 143879
94367 129384 143879
84078 5197 135698
135698 5197 84078
5197 84078 135698
27526 4853 31609
31609 4853 27526
4853 27526 31609
94128 130058 139542
139542 94128 130058
130058 94128 139542
6235 45897 82503
45897 6235 82503
82503 6235 45897
102781 49774 137962
49774 102781 137962
137962 49774 102781
71247 72351 81488
81488 71247 72351
72351 71247 81488
5583 30365 147888
30365 5583 147888
147888 5583 30365
112462 59293 66721
66721 59293 112462
59293 66721 112462
29471 39672 97688
39672 29471 97688
97688 29471 39672
58272 67498 87515
67498 58272 87515
87515 58272 67498
58605 44910 124772
44910 58605 124772
124772 44910 58605
56626 26229 117901
117901 26229 56626
26229 56626 117901
6241 24913 37548
24913 6241 37548
37548 6241 24913
73689 2335 43808
43808 2335 73689
2335 43808 73689
100731 45403 128835
45403 100731 128835
128835 45403 100731
135297 26203 59453
26203 59453 135297
59453 26203 135297
8720 1342 58050
1342 8720 58050
58050 1342 8720
147121 24017 28149
28149 24017 147121
24017 28149 147121
34380 17684 22647
17684 22647 34380
22647 17684 34380
32448 18002 143238
18002 32448 143238
143238 18002 32448
122011 30615 122026
122026 30615 122011
30615 122011 122026
92415 63803 77797
77797 63803 92415
63803 77797 92415
57189 8380 131211
8380 57189 131211
131211 8380 57189
33043 52270 76323
52270 33043 76323
76323 33043 52270
68692 104763 138672
104763 68692 138672
138672 68692 104763
143840 114419 123424
114419 123424 143840
123424 114419 143840
14694 108083 110392
108083 14694 110392
110392 14694 108083
66193 38181 146419
146419 38181 66193
38181 66193 146419
131578 72403 88527
72403 88527 131578
88527 72403 131578
112768 18001 128916
18001 112768 128916
128916 18001 112768
45396 29799 37586
37586 29799 45396
29799 37586 45396
73232 13607 107733
13607 73232 107733
107733 13607 73232
113603 20010 79573
79573 20010 113603
20010 79573 113603
75331 1784 99693
1784 75331 99693
99693 1784 75331
129484 80756 145810
80756 129484 145810
145810 80756 129484
120173 90035 135688
90035 120173 135688
135688 90035 120173
81752 1412 130682
130682 1412 81752
1412 81752 130682
100199 67230 124318
67230 100199 124318
124318 67230 100199
115043 16660 144129
16660 115043 144129
144129 16660 115043
126033 66050 115136
66050 115136 126033
115136 66050 126033
63527 65584 74961
65584 63527 74961
74961 63527 65584
128992 38076 46800
38076 46800 128992
46800 38076 128992
730 137718 145316
137718 730 145316
145316 730 137718
90997 49337 75866
75866 49337 90997
49337 75866 90997
115044 36065 138079
36065 115044 138079
138079 36065 115044
53231 31103 126490
126490 31103 53231
31103 53231 126490
62562 43848 142487
142487 43848 62562
43848 62562 142487
54162 2601 4660
2601 4660 54162
4660 2601 54162
14109 13788 117233
117233 13788 14109
13788 14109 117233
22223 52903 56635
56635 22223 52903
52903 22223 56635
18712 23303 59537
23303 18712 59537
59537 18712 23303
93787 123217 133820
133820 93787 123217
123217 93787 133820
4010 96236 132096
96236 4010 132096
132096 4010 96236
57843 65173 79825
65173 57843 79825
79825 57843 65173
65994 6824 32580
6824 32580 65994
32580 6824 65994
1411 13898 112399
13898 1411 112399
112399 1411 13898
88634 10305 94060
94060 10305 88634
10305 88634 94060
121423 72007 79805
79805 72007 121423
72007 79805 121423
14914 21831 137010
137010 14914 21831
21831 14914 137010
44039 40383 88632
40383 44039 88632
88632 40383 44039
108983 47156 105544
105544 47156 108983
47156 105544 108983
33523 44153 142480
142480 33523 44153
44153 33523 142480
123727 126702 144586
126702 123727 144586
144586 123727 126702
5198 44013 47975
44013 5198 47975
47975 5198 44013
93297 70118 100332
100332 70118 93297
70118 93297 100332
131354 1762 115545
115545 1762 131354
1762 115545 131354
23083 33030 62265
33030 23083 62265
62265 23083 33030
144508 27204 39706
39706 27204 144508
27204 39706 144508
43457 34053 123180
123180 34053 43457
34053 43457 123180
114364 25538 147086
147086 25538 114364
25538 114364 147086
31091 53205 78640
78640 31091 53205
53205 31091 78640
50338 93269 140063
93269 50338 140063
140063 50338 93269
84190 91837 103680
91837 84190 103680
103680 84190 91837
101418 65733 140557
140557 65733 101418
65733 101418 140557
39081 91030 103857
103857 39081 91030
91030 39081 103857
139711 120707 138504
120707 138504 139711
138504 120707 139711
15677 76459 140090
76459 15677 140090
140090 15677 76459
10848 26814 73510
26814 10848 73510
73510 10848 26814
60490 84657 139662
84657 60490 139662
139662 60490 84657
32983 5408 56775
5408 32983 56775
56775 5408 32983
137112 77925 137068
137068 77925 137112
77925 137068 137112
65689 58637 80553
58637 65689 80553
80553 58637 65689
86972 144620 148499
148499 86972 144620
144620 86972 148499
133775 47034 53751
53751 47034 133775
47034 53751 133775
109221 47056 87088
87088 47056 109221
47056 87088 109221
114741 24114 106028
106028 24114 114741
24114 106028 114741
101250 62129 118983
62129 101250 118983
118983 62129 101250
107931 21598 71769
21598 71769 107931
71769 21598 107931
105435 74214 125820
125820 74214 105435
74214 105435 125820
98318 31984 36427
36427 31984 98318
31984 36427 98318
70698 32799 63050
32799 63050 70698
63050 32799 70698
22868 23863 105922
105922 22868 23863
23863 22868 105922
94510 81310 147059
81310 94510 147059
147059 81310 94510
21367 109043 144811
109043 21367 144811
144811 21367 109043
6954 12614 51919
12614 6954 51919
51919 6954 12614
3797 77421 125405
125405 3797 77421
77421 3797 125405
50741 17403 135309
135309 17403 50741
17403 50741 135309
45950 24187 99488
99488 24187 45950
24187 45950 99488
122545 53273 76707
76707 53273 122545
53273 76707 122545
112488 100750 137286
137286 100750 112488
100750 112488 137286
75815 11952 57207
11952 57207 75815
57207 11952 75815
63241 20093 127167
20093 63241 127167
127167 20093 63241
77366 123667 127771
127771 77366 123667
123667 77366 127771
47078 140326 146790
140326 47078 146790
146790 47078 140326
124203 10431 134408
134408 10431 124203
10431 124203 134408
113565 42099 119923
42099 113565 119923
119923 42099 113565
25457 108845 126391
108845 25457 126391
126391 25457 108845
130419 58765 109155
109155 58765 130419
58765 109155 130419
124405 117808 139378
139378 117808 124405
117808 124405 139378
48893 92216 125960
92216 48893 125960
125960 48893 92216
16174 54859 76716
76716 16174 54859
54859 16174 76716
122691 46132 119945
119945 46132 122691
46132 119945 122691
52351 42398 61014
42398 52351 61014
61014 42398 52351
64694 39726 41830
39726 41830 64694
41830 39726 64694
139283 122303 122375
122303 122375 139283
122375 122303 139283
29157 44767 55333
55333 29157 44767
44767 29157 55333
52301 34498 82129
82129 34498 52301
34498 52301 82129
82210 10262 123167
10262 82210 123167
123167 10262 82210
39217 18531 106486
106486 18531 39217
18531 39217 106486
119742 92782 117294
117294 92782 119742
92782 117294 119742
48908 22805 58103
58103 22805 48908
22805 48908 58103
32246 9791 116854
9791 32246 116854
116854 9791 32246
34440 84338 92987
92987 34440 84338
84338 34440 92987
16421 26470 45515
26470 16421 45515
45515 16421 26470
95340 63567 116826
63567 95340 116826
116826 63567 95340
41547 48535 94349
48535 41547 94349
94349 41547 48535
6200 1676 31932
1676 6200 31932
31932 1676 6200
4647 1777 109042
109042 1777 4647
1777 4647 109042
65746 37567 132233
132233 37567 65746
37567 65746 132233
31650 30619 41882
30619 31650 41882
41882 30619 31650
42110 77091 115379
115379 42110 77091
77091 42110 115379
13093 45108 140807
140807 13093 45108
45108 13093 140807
34227 99347 123661
123661 34227 99347
99347 34227 123661
34694 3765 52330
52330 3765 34694
3765 34694 52330
24592 122492 141252
141252 24592 122492
122492 24592 141252
142341 41036 115543
115543 41036 142341
41036 115543 142341
93694 132630 136407
132630 93694 136407
136407 93694 132630
88759 108591 124943
108591 88759 124943
124943 88759 108591
89702 41672 80554
80554 41672 89702
41672 80554 89702
22709 8667 81460
8667 22709 81460
81460 8667 22709
93031 72801 112137
72801 93031 112137
112137 72801 93031
39788 42055 106429
106429 39788 42055
42055 39788 106429
72587 50847 131551
50847 72587 131551
131551 50847 72587
102882 18350 143659
143659 18350 102882
18350 102882 143659
113178 75693 137841
75693 113178 137841
137841 75693 113178
14909 116790 130261
130261 14909 116790
116790 14909 130261
70387 23803 122825
122825 23803 70387
23803 70387 122825
136064 9571 57980
9571 57980 136064
57980 9571 136064
79500 75337 97083
75337 79500 97083
97083 75337 79500
112840 49370 129532
129532 49370 112840
49370 112840 129532
95700 79741 147290
79741 95700 147290
147290 79741 95700
94524 18847 113655
113655 18847 94524
18847 94524 113655
99730 111120 129955
111120 99730 129955
129955 99730 111120
127072 10571 58752
10571 58752 127072
58752 10571 127072
98001 37934 142470
37934 98001 142470
142470 37934 98001
112518 15264 96302
15264 96302 112518
96302 15264 112518
67081 27312 86813
86813 27312 67081
27312 67081 86813
72834 78837 86282
78837 72834 86282
86282 72834 78837
45802 36519 144146
144146 36519 45802
36519 45802 144146
16094 1663 15104
15104 1663 16094
1663 15104 16094
22100 87111 97687
97687 22100 87111
87111 22100 97687
104077 44653 149950
149950 44653 104077
44653 104077 149950
93687 54156 140711
140711 54156 93687
54156 93687 140711
109175 54060 103891
54060 103891 109175
103891 54060 109175
127869 28966 136488
28966 127869 136488
136488 28966 127869
78507 117143 146497
117143 78507 146497
146497 78507 117143
42276 104879 133659
133659 42276 104879
104879 42276 133659
111975 65643 109705
65643 109705 111975
109705 65643 111975
29495 103403 120301
120301 29495 103403
103403 29495 120301
4520 28355 121406
28355 4520 121406
121406 4520 28355
122424 9387 67990
9387 67990 122424
67990 9387 122424
54111 56776 134093
56776 54111 134093
134093 54111 56776
114626 77217 106754
77217 106754 114626
106754 77217 114626
74697 69936 114695
69936 74697 114695
114695 69936 74697
130730 101580 112945
112945 101580 130730
101580 112945 130730
54694 40569 59268
59268 40569 54694
40569 54694 59268
136268 81890 111157
81890 111157 136268
111157 81890 136268
120991 5974 24219
24219 5974 120991
5974 24219 120991
8362 73420 149628
73420 8362 149628
149628 8362 73420
110082 10152 111988
111988 10152 110082
10152 110082 111988
21470 75714 79266
79266 21470 75714
75714 21470 79266
82518 51265 75681
75681 51265 82518
51265 75681 82518
146974 7778 68477
7778 68477 146974
68477 7778 146974
79964 16248 99077
99077 16248 79964
16248 79964 99077
59410 119687 132823
132823 59410 119687
119687 59410 132823
83408 40219 127272
127272 40219 83408
40219 83408 127272
130004 56563 124801
124801 56563 130004
56563 124801 130004
105199 27366 97405
97405 27366 105199
27366 97405 105199
64363 22182 54512
22182 54512 64363
54512 22182 64363
23193 38646 92100
38646 23193 92100
92100 23193 38646
101589 115269 134481
134481 101589 115269
115269 101589 134481
104358 23344 78221
78221 23344 104358
23344 78221 104358
61686 99574 121828
121828 61686 99574
99574 61686 121828
71436 68780 123338
123338 68780 71436
68780 71436 123338
72802 43697 98879
98879 43697 72802
43697 72802 98879
114064 31093 128127
128127 31093 114064
31093 114064 128127
39886 11264 44385
11264 39886 44385
44385 11264 39886
135475 29338 71683
71683 29338 135475
29338 71683 135475
68608 78277 99418
99418 68608 78277
78277 68608 99418
132266 84564 111484
84564 111484 132266
111484 84564 132266
44683 49739 95042
49739 44683 95042
95042 44683 49739
76681 107448 141791
141791 76681 107448
107448 76681 141791
69547 41281 119140
119140 41281 69547
41281 69547 119140
16116 127601 134953
127601 16116 134953
134953 16116 127601
144355 87325 145105
145105 87325 144355
87325 144355 145105
5028 32173 117268
32173 5028 117268
117268 5028 32173
143789 46233 96601
96601 46233 143789
46233 96601 143789
126343 57821 107250
107250 57821 126343
57821 107250 126343
57063 7082 24823
24823 7082 57063
7082 24823 57063
139254 77064 92768
77064 92768 139254
92768 77064 139254
65837 7181 104594
7181 65837 104594
104594 7181 65837
64253 2303 48188
48188 2303 64253
2303 48188 64253
138987 23459 122635
122635 23459 138987
23459 122635 138987
127081 121695 121833
121695 121833 127081
121833 121695 127081
105145 11902 123861
11902 105145 123861
123861 11902 105145
20754 39021 66080
39021 20754 66080
66080 20754 39021
98147 9280 68059
9280 68059 98147
68059 9280 98147
55101 19639 30602
19639 30602 55101
30602 19639 55101
35456 2526 87569
87569 2526 35456
2526 35456 87569
96631 11107 129055
129055 11107 96631
11107 96631 129055
112698 40583 114754
114754 40583 112698
40583 112698 114754
20018 45981 113597
45981 20018 113597
113597 20018 45981
15231 25827 105490
105490 15231 25827
25827 15231 105490
145628 75462 96710
75462 96710 145628
96710 75462 145628
14585 94905 109469
109469 14585 94905
94905 14585 109469
14316 118597 143525
118597 14316 143525
143525 14316 118597
139294 75706 123855
75706 123855 139294
123855 75706 139294
104864 71045 99702
99702 71045 104864
71045 99702 104864
22649 10563 115855
10563 22649 115855
115855 10563 22649
88805 97397 125934
125934 88805 97397
97397 88805 125934
107745 27725 61547
27725 61547 107745
61547 27725 107745
60023 58696 68067
68067 58696 60023
58696 60023 68067
118055 24567 74901
24567 74901 118055
74901 24567 118055
78070 40975 104387
104387 40975 78070
40975 78070 104387
45968 28049 108186
108186 28049 45968
28049 45968 108186
134475 53185 81754
81754 53185 134475
53185 81754 134475
35415 61773 89887
89887 35415 61773
61773 35415 89887
119094 56150 99416
56150 99416 119094
99416 56150 119094
100219 44407 60681
44407 60681 100219
60681 44407 100219
98897 39916 60829
39916 60829 98897
60829 39916 98897
142064 13121 28260
28260 13121 142064
13121 28260 142064
85990 51899 117475
51899 85990 117475
117475 51899 85990
12760 2896 147781
147781 2896 12760
2896 12760 147781
136583 74330 84494
74330 84494 136583
84494 74330 136583
7627 70014 111379
111379 7627 70014
70014 7627 111379
81785 49595 121274
49595 81785 121274
121274 49595 81785
109442 97835 135652
97835 109442 135652
135652 97835 109442
19950 33308 140159
33308 19950 140159
140159 19950 33308
112210 3721 105025
105025 3721 112210
3721 105025 112210
6801 39118 59824
39118 6801 59824
59824 6801 39118
55616 42988 135257
135257 42988 55616
42988 55616 135257
44033 17819 22578
22578 17819 44033
17819 22578 44033
116394 43228 113135
43228 113135 116394
113135 43228 116394
115327 22988 145251
22988 115327 145251
145251 22988 115327
120731 32035 72377
32035 72377 120731
72377 32035 120731
146178 4793 75703
75703 4793 146178
4793 75703 146178
40556 59445 115101
59445 40556 115101
115101 40556 59445
78191 63022 119711
119711 63022 78191
63022 78191 119711
33172 56 75205
56 33172 75205
75205 56 33172
109110 45013 67168
67168 45013 109110
45013 67168 109110
78617 85037 130497
130497 78617 85037
85037 78617 130497
37308 23798 57573
57573 23798 37308
23798 37308 57573
1216 92552 113497
113497 1216 92552
92552 1216 113497
24811 53479 78498
78498 24811 53479
53479 24811 78498
65852 13611 145116
13611 65852 145116
145116 13611 65852
132136 65339 122572
65339 122572 132136
122572 65339 132136
131313 7632 98300
98300 7632 131313
7632 98300 131313
86812 22671 83475
83475 22671 86812
22671 83475 86812
44938 28417 31127
28417 31127 44938
31127 28417 44938
5641 72325 77672
77672 5641 72325
72325 5641 77672
87975 81081 129431
81081 87975 129431
129431 81081 87975
108833 82501 134792
82501 108833 134792
134792 82501 108833
125317 34179 58080
58080 34179 125317
34179 58080 125317
134620 9999 25506
9999 25506 134620
25506 9999 134620
138603 87706 127252
127252 87706 138603
87706 127252 138603
2284 96928 134298
134298 2284 96928
96928 2284 134298
51920 13736 40757
40757 13736 51920
13736 40757 51920
131039 96164 99573
96164 99573 131039
99573 96164 131039
101810 27891 42323
42323 27891 101810
27891 42323 101810
83232 85910 104770
85910 83232 104770
104770 83232 85910
14193 28477 85649
28477 14193 85649
85649 14193 28477
32155 117703 131935
131935 32155 117703
117703 32155 131935
44575 44624 90271
44624 44575 90271
90271 44575 44624
45771 83264 131575
83264 45771 131575
131575 45771 83264
88863 24965 76882
24965 76882 88863
76882 24965 88863
10239 21074 51466
21074 10239 51466
51466 10239 21074
49073 23633 59303
23633 49073 59303
59303 23633 49073
98341 55984 83314
83314 55984 98341
55984 83314 98341
101932 85909 87074
85909 87074 101932
87074 85909 101932
129351 34902 85048
85048 34902 129351
34902 85048 129351
49928 47404 93813
93813 47404 49928
47404 49928 93813
65824 18168 60682
60682 18168 65824
18168 60682 65824
104919 6567 102191
102191 6567 104919
6567 102191 104919
145210 25526 36082
25526 36082 145210
36082 25526 145210
10079 5056 94165
94165 5056 10079
5056 10079 94165
40966 30697 100576
100576 30697 40966
30697 40966 100576
53997 6081 46746
46746 6081 53997
6081 46746 53997
56185 50620 94754
94754 50620 56185
50620 56185 94754
5012 30198 113577
113577 5012 30198
30198 5012 113577
88695 12863 143393
12863 88695 143393
143393 12863 88695
6082 1067 117483
117483 1067 6082
1067 6082 117483
109609 78675 89319
78675 89319 109609
89319 78675 109609
140900 4971 7170
4971 7170 140900
7170 4971 140900
146514 30019 31074
30019 31074 146514
31074 30019 146514
118669 13805 32382
32382 13805 118669
13805 32382 118669
52309 99494 126697
99494 52309 126697
126697 52309 99494
6453 72077 111436
111436 6453 72077
72077 6453 111436
24979 47666 108898
47666 24979 108898
108898 24979 47666
69073 28342 93834
28342 69073 93834
93834 28342 69073
39906 30136 121075
121075 30136 39906
30136 39906 121075
78137 48057 148481
48057 78137 148481
148481 48057 78137
61228 48076 81452
81452 48076 61228
48076 61228 81452
145350 32542 48230
32542 48230 145350
48230 32542 145350
32681 20591 77871
20591 32681 77871
77871 20591 32681
48329 36741 130617
130617 36741 48329
36741 48329 130617
7606 99699 143026
99699 7606 143026
143026 7606 99699
139883 3863 36883
36883 3863 139883
3863 36883 139883
64987 120655 125516
120655 64987 125516
125516 64987 120655
134946 33185 64012
33185 64012 134946
64012 33185 134946
54612 55545 102872
102872 54612 55545
55545 54612 102872
17691 66109 107094
107094 17691 66109
66109 17691 107094
128746 64017 120695
120695 64017 128746
64017 120695 128746
99082 21393 38217
38217 21393 99082
21393 38217 99082
125152 42720 91557
42720 91557 125152
91557 42720 125152
86916 16329 98812
16329 86916 98812
98812 16329 86916
112098 675 23961
23961 675 112098
675 23961 112098
7743 88333 96207
96207 7743 88333
88333 7743 96207
44099 92798 137642
137642 44099 92798
92798 44099 137642
62753 52791 128964
128964 52791 62753
52791 62753 128964
127576 90674 130366
130366 90674 127576
90674 127576 130366
111933 49163 88476
88476 49163 111933
49163 88476 111933
57898 49907 135825
49907 57898 135825
135825 49907 57898
37129 45073 94884
94884 37129 45073
45073 37129 94884
67514 32105 92088
32105 67514 92088
92088 32105 67514
12739 79230 118915
79230 12739 118915
118915 12739 79230
72793 68793 86730
86730 68793 72793
68793 72793 86730
126141 6653 26542
6653 26542 126141
26542 6653 126141
141560 103273 138539
138539 103273 141560
103273 138539 141560
146720 31269 44115
44115 31269 146720
31269 44115 146720
144962 49850 137976
49850 137976 144962
137976 49850 144962
75389 9641 41899
41899 9641 75389
9641 41899 75389
10652 62967 94668
94668 10652 62967
62967 10652 94668
23307 25450 78372
78372 23307 25450
25450 23307 78372
67584 10469 103566
10469 67584 103566
103566 10469 67584
69108 13284 120234
13284 69108 120234
120234 13284 69108
107829 13834 36989
13834 36989 107829
36989 13834 107829
50817 16389 141792
141792 16389 50817
16389 50817 141792
30955 16223 149788
16223 30955 149788
149788 16223 30955
1213 114500 121805
114500 1213 121805
121805 1213 114500
110498 86350 121295
86350 110498 121295
121295 86350 110498
9971 27765 62994
27765 9971 62994
62994 9971 27765
102646 38460 95049
38460 95049 102646
95049 38460 102646
99647 49950 64496
49950 64496 99647
64496 49950 99647
5691 62158 113611
113611 5691 62158
62158 5691 113611
100141 63806 90793
63806 90793 100141
90793 63806 100141
96138 14492 120346
14492 96138 120346
120346 14492 96138
74176 7299 20180
20180 7299 74176
7299 20180 74176
18926 9692 90347
90347 9692 18926
9692 18926 90347
87661 122006 142266
122006 87661 142266
142266 87661 122006
16585 86930 121389
121389 16585 86930
86930 16585 121389
11860 46899 115758
115758 11860 46899
46899 11860 115758
14809 2420 76677
2420 14809 76677
76677 2420 14809
130266 10033 63569
63569 10033 130266
10033 63569 130266
119131 5341 40301
40301 5341 119131
5341 40301 119131
1852 46469 101373
46469 1852 101373
101373 1852 46469
26267 75959 97222
97222 26267 75959
75959 26267 97222
57437 17003 75629
75629 17003 57437
17003 57437 75629
127 63762 124040
63762 127 124040
124040 127 63762
13389 9375 54044
9375 13389 54044
54044 9375 13389
49576 80857 136636
136636 49576 80857
80857 49576 136636
121957 58463 94453
94453 58463 121957
58463 94453 121957
9560 70688 76209
76209 9560 70688
70688 9560 76209
134105 122019 145535
145535 122019 134105
122019 134105 145535
56935 67228 116036
116036 56935 67228
67228 56935 116036
136877 7322 44132
44132 7322 136877
7322 44132 136877
126657 94834 146021
94834 126657 146021
146021 94834 126657
76795 16712 121454
121454 16712 76795
16712 76795 121454
17590 38392 128160
128160 17590 38392
38392 17590 128160
107695 80752 144789
80752 107695 144789
144789 80752 107695
21122 137133 138563
138563 21122 137133
137133 21122 138563
105344 63719 78039
78039 63719 105344
63719 78039 105344
137574 27310 145770
27310 137574 145770
145770 27310 137574
105249 63746 145914
63746 105249 145914
145914 63746 105249
6572 35589 96585
35589 6572 96585
96585 6572 35589
20925 69057 88235
69057 20925 88235
88235 20925 69057
89070 111147 133777
133777 89070 111147
111147 89070 133777
113705 59225 128744
128744 59225 113705
59225 113705 128744
114855 88530 146476
88530 114855 146476
146476 88530 114855
136394 46283 85059
85059 46283 136394
46283 85059 136394
44418 57414 136449
57414 44418 136449
136449 44418 57414
89500 40283 106197
40283 89500 106197
106197 40283 89500
91288 23897 81881
81881 23897 91288
23897 81881 91288
145431 3334 89666
89666 3334 145431
3334 89666 145431
102759 29042 34306
29042 34306 102759
34306 29042 102759
69482 42442 114462
42442 69482 114462
114462 42442 69482
103604 24596 139024
24596 103604 139024
139024 24596 103604
75385 112937 128865
128865 75385 112937
112937 75385 128865
72800 111187 119690
119690 72800 111187
111187 72800 119690
43123 28761 30677
28761 30677 43123
30677 28761 43123
144067 88732 96357
96357 88732 144067
88732 96357 144067
47144 145953 148980
148980 47144 145953
145953 47144 148980
145058 100738 148847
148847 100738 145058
100738 145058 148847
33156 57796 68302
57796 33156 68302
68302 33156 57796
72877 79031 119799
79031 72877 119799
119799 72877 79031
32366 1038 130144
130144 1038 32366
1038 32366 130144
63232 99321 122096
99321 63232 122096
122096 63232 99321
10700 52434 134170
52434 10700 134170
134170 10700 52434
47698 8314 143091
8314 47698 143091
143091 8314 47698
75879 47761 136461
47761 75879 136461
136461 47761 75879
133712 55672 117833
55672 117833 133712
117833 55672 133712
87954 80814 124010
80814 87954 124010
124010 80814 87954
124113 24663 71690
24663 71690 124113
71690 24663 124113
74379 82883 91546
82883 74379 91546
91546 74379 82883
94198 61023 93665
93665 61023 94198
61023 93665 94198
87113 28016 124746
28016 87113 124746
124746 28016 87113
120102 82325 129398
129398 82325 120102
82325 120102 129398
76085 121074 127605
127605 76085 121074
121074 76085 127605
2576 16219 115090
16219 2576 115090
115090 2576 16219
54882 12207 140403
140403 12207 54882
12207 54882 140403
46146 69437 126179
69437 46146 126179
126179 46146 69437
3077 64444 82893
64444 3077 82893
82893 3077 64444
95348 56366 120699
56366 95348 120699
120699 56366 95348
18113 108259 130549
108259 18113 130549
130549 18113 108259
80619 44264 51549
44264 51549 80619
51549 44264 80619
29377 37855 120529
120529 29377 37855
37855 29377 120529
143587 26393 67353
26393 67353 143587
67353 26393 143587
78630 74831 108048
74831 78630 108048
108048 74831 78630
140713 44591 112836
112836 44591 140713
44591 112836 140713
28530 120314 137310
137310 28530 120314
120314 28530 137310
63088 4187 148807
148807 4187 63088
4187 63088 148807
138252 14380 84241
14380 84241 138252
84241 14380 138252
19504 48498 130664
48498 19504 130664
130664 19504 48498
47198 71917 110668
71917 47198 110668
110668 47198 71917
76145 30251 106455
30251 76145 106455
106455 30251 76145
20990 108928 126181
126181 20990 108928
108928 20990 126181
12400 5445 76361
5445 12400 76361
76361 5445 12400
127335 39444 129154
129154 39444 127335
39444 127335 129154
74491 132171 146342
132171 74491 146342
146342 74491 132171
107785 128406 142488
142488 107785 128406
128406 107785 142488
97306 27795 75408
27795 75408 97306
75408 27795 97306
42649 128169 130450
130450 42649 128169
128169 42649 130450
87944 123240 128798
128798 87944 123240
123240 87944 128798
43746 29467 35882
29467 35882 43746
35882 29467 43746
62248 49424 66619
49424 62248 66619
66619 49424 62248
109063 34529 134346
134346 34529 109063
34529 109063 134346
72046 43708 82216
43708 72046 82216
82216 43708 72046
61397 138528 141480
141480 61397 138528
138528 61397 141480
68950 75964 108184
108184 68950 75964
75964 68950 108184
51337 43818 142459
43818 51337 142459
142459 43818 51337
40430 42734 82459
42734 40430 82459
82459 40430 42734
131071 58177 74183
58177 74183 131071
74183 58177 131071
116214 141761 147314
147314 116214 141761
141761 116214 147314
146074 35397 63210
35397 63210 146074
63210 35397 146074
15129 11406 139224
139224 11406 15129
11406 15129 139224
74007 51104 53301
51104 53301 74007
53301 51104 74007
9799 128254 142258
128254 9799 142258
142258 9799 128254
54619 88064 97396
88064 54619 97396
97396 54619 88064
135106 92746 105802
92746 105802 135106
105802 92746 135106
29065 45065 145684
145684 29065 45065
45065 29065 145684
80240 16408 25790
25790 16408 80240
16408 25790 80240
39236 22083 125925
125925 22083 39236
22083 39236 125925
137157 32210 56959
32210 56959 137157
56959 32210 137157
16240 77809 103736
77809 16240 103736
103736 16240 77809
57344 67282 139513
139513 57344 67282
67282 57344 139513
79438 134498 137350
134498 79438 137350
137350 79438 134498
105734 33443 69763
33443 69763 105734
69763 33443 105734
30631 47944 57703
57703 30631 47944
47944 30631 57703
86961 21661 54543
54543 21661 86961
21661 54543 86961
108175 10840 11548
10840 11548 108175
11548 10840 108175
96427 78879 118759
78879 96427 118759
118759 78879 96427
23772 97937 106093
106093 23772 97937
97937 23772 106093
11024 43881 52683
43881 11024 52683
52683 11024 43881
19919 89415 136617
89415 19919 136617
136617 19919 89415
75970 95862 105165
95862 75970 105165
105165 75970 95862
131236 86706 100037
86706 100037 131236
100037 86706 131236
55354 2410 50814
2410 50814 55354
50814 2410 55354
115296 4355 49875
49875 4355 115296
4355 49875 115296
77300 7457 14142
14142 7457 77300
7457 14142 77300
18887 2993 129463
129463 2993 18887
2993 18887 129463
5367 54373 119974
54373 5367 119974
119974 5367 54373
5781 82749 109137
109137 5781 82749
82749 5781 109137
112651 2227 127138
127138 2227 112651
2227 112651 127138
3964 55212 64058
64058 3964 55212
55212 3964 64058
48884 20407 101435
101435 20407 48884
20407 48884 101435
43384 1269 16835
16835 1269 43384
1269 16835 43384
91094 19592 103329
19592 91094 103329
103329 19592 91094
143131 96364 130851
96364 130851 143131
130851 96364 143131
32086 9208 146017
9208 32086 146017
146017 9208 32086
129461 37288 98579
37288 98579 129461
98579 37288 129461
40427 71448 139870
71448 40427 139870
139870 40427 71448
22871 99379 140538
140538 22871 99379
99379 22871 140538
53161 81858 107262
81858 53161 107262
107262 53161 81858
135345 9504 11459
11459 9504 135345
9504 11459 135345
121287 69851 121836
69851 121287 121836
121836 69851 121287
100217 2351 13050
2351 13050 100217
13050 2351 100217
12808 13028 38552
13028 12808 38552
38552 12808 13028
3095 50379 136564
136564 3095 50379
50379 3095 136564
27255 17131 73550
17131 27255 73550
73550 17131 27255
129266 79223 148281
148281 79223 129266
79223 129266 148281
71240 43079 126099
126099 43079 71240
43079 71240 126099
86431 12466 41442
12466 41442 86431
41442 12466 86431
76767 61269 68918
61269 68918 76767
68918 61269 76767
31201 14669 85198
14669 31201 85198
85198 14669 31201
24957 26427 33431
33431 24957 26427
26427 24957 33431
42192 5243 54031
54031 5243 42192
5243 42192 54031
8119 30092 103070
103070 8119 30092
30092 8119 103070
100388 73285 94901
73285 94901 100388
94901 73285 100388
3428 20607 91788
91788 3428 20607
20607 3428 91788
76106 16403 108738
16403 76106 108738
108738 16403 76106
107534 15572 109369
109369 15572 107534
15572 107534 109369
117323 15633 63494
15633 63494 117323
63494 15633 117323
6388 2162 12048
2162 6388 12048
12048 2162 6388
84004 35630 51794
35630 51794 84004
51794 35630 84004
132251 65753 102742
102742 65753 132251
65753 102742 132251
140065 56204 61498
61498 56204 140065
56204 61498 140065
148296 34866 122985
34866 122985 148296
122985 34866 148296
58865 113300 118226
113300 58865 118226
118226 58865 113300
31210 36262 147472
147472 31210 36262
36262 31210 147472
143050 50552 126716
126716 50552 143050
50552 126716 143050
135343 91187 141936
91187 135343 141936
141936 91187 135343
132179 49543 111695
49543 111695 132179
111695 49543 132179
87344 14149 141689
141689 14149 87344
14149 87344 141689
130792 67934 103347
103347 67934 130792
67934 103347 130792
78377 2164 63765
2164 63765 78377
63765 2164 78377
71809 36022 52898
52898 36022 71809
36022 52898 71809
141044 22303 98594
22303 98594 141044
98594 22303 141044
137359 31205 52098
31205 52098 137359
52098 31205 137359
7186 41174 48709
48709 7186 41174
41174 7186 48709
76456 17241 22934
22934 17241 76456
17241 22934 76456
135792 99734 116397
99734 116397 135792
116397 99734 135792
92965 26828 85841
85841 26828 92965
26828 85841 92965
34835 71596 127893
127893 34835 71596
71596 34835 127893
111942 132639 133894
133894 111942 132639
132639 111942 133894
73926 59032 74226
74226 59032 73926
59032 73926 74226
32587 56331 85548
85548 32587 56331
56331 32587 85548
11883 148244 149943
149943 11883 148244
148244 11883 149943
116139 2955 62012
2955 62012 116139
62012 2955 116139
135469 46034 144335
144335 46034 135469
46034 135469 144335
123649 35921 147984
35921 123649 147984
147984 35921 123649
97528 98052 104287
104287 97528 98052
98052 97528 104287
56749 7461 28698
7461 28698 56749
28698 7461 56749
98433 26415 137750
137750 26415 98433
26415 98433 137750
102829 26192 126618
26192 102829 126618
126618 26192 102829
129285 23095 119403
23095 119403 129285
119403 23095 129285
78184 37710 92305
92305 37710 78184
37710 78184 92305
13044 42858 143791
143791 13044 42858
42858 13044 143791
121332 10653 135528
135528 10653 121332
10653 121332 135528
26319 39601 96128
39601 26319 96128
96128 26319 39601
81717 70214 111474
70214 81717 111474
111474 70214 81717
75296 8427 15174
15174 8427 75296
8427 15174 75296
80150 26180 88395
26180 80150 88395
88395 26180 80150
27607 5998 113716
5998 27607 113716
113716 5998 27607
87511 108622 111192
108622 87511 111192
111192 87511 108622
30611 20673 25074
25074 20673 30611
20673 25074 30611
92785 46199 48570
48570 46199 92785
46199 48570 92785
88354 3656 55515
55515 3656 88354
3656 55515 88354
114736 27342 68441
68441 27342 114736
27342 68441 114736
147453 37345 47831
47831 37345 147453
37345 47831 147453
63520 30246 135287
135287 30246 63520
30246 63520 135287
19301 70718 113971
113971 19301 70718
70718 19301 113971
28129 41915 136651
136651 28129 41915
41915 28129 136651
87094 29265 94321
94321 29265 87094
29265 87094 94321
16487 59331 133147
133147 16487 59331
59331 16487 133147
78301 81695 83496
83496 78301 81695
81695 78301 83496
102217 28500 76173
28500 76173 102217
76173 28500 102217
36416 92514 142982
142982 36416 92514
92514 36416 142982
140180 26405 110484
26405 110484 140180
110484 26405 140180
106926 123846 123850
123850 106926 123846
123846 106926 123850
119482 13787 30681
30681 13787 119482
13787 30681 119482
141842 83579 110482
110482 83579 141842
83579 110482 141842
136954 43575 65759
43575 65759 136954
65759 43575 136954
68458 14730 98202
14730 68458 98202
98202 14730 68458
48001 13006 142811
13006 48001 142811
142811 13006 48001
37185 81638 116296
116296 37185 81638
81638 37185 116296
72478 33013 89959
89959 33013 72478
33013 72478 89959
38466 14225 123921
14225 38466 123921
123921 14225 38466
123666 62936 79757
79757 62936 123666
62936 79757 123666
122095 45521 68478
45521 68478 122095
68478 45521 122095
88772 7868 149964
7868 88772 149964
149964 7868 88772
19003 14033 60952
60952 14033 19003
14033 19003 60952
141392 46274 53068
53068 46274 141392
46274 53068 141392
145465 28610 97110
97110 28610 145465
28610 97110 145465
15103 33268 87945
87945 15103 33268
33268 15103 87945
14802 79242 123961
79242 14802 123961
123961 14802 79242
118933 85628 102570
102570 85628 118933
85628 102570 118933
101836 117768 144556
144556 101836 117768
117768 101836 144556
44419 43129 109392
43129 44419 109392
