125384 38544 73256
73256 38544 125384
38544 73256 125384
129790 27361 128470
27361 128470 129790
128470 27361 129790
53733 70038 124228
124228 53733 70038
70038 53733 124228
48644 31418 84273
31418 48644 84273
84273 31418 48644
24134 84734 127522
127522 24134 84734
84734 24134 127522
116786 48580 131946
131946 48580 116786
48580 116786 131946
85621 39361 59640
59640 39361 85621
39361 59640 85621
95501 58891 68516
58891 68516 95501
68516 58891 95501
77082 21545 87988
87988 21545 77082
21545 77082 87988
77963 95518 129023
95518 77963 129023
129023 77963 95518
57682 47021 48074
47021 48074 57682
48074 47021 57682
52824 45478 58809
45478 52824 58809
58809 45478 52824
33543 8038 97667
97667 8038 33543
8038 33543 97667
68121 152 67378
67378 152 68121
152 67378 68121
8302 81294 143170
143170 8302 81294
81294 8302 143170
92387 43056 80474
43056 80474 92387
80474 43056 92387
21572 39613 129801
129801 21572 39613
39613 21572 129801
76109 8002 128764
8002 76109 128764
128764 8002 76109
146003 33323 76517
33323 76517 146003
76517 33323 146003
13955 62708 80512
62708 13955 80512
80512 13955 62708
114133 57233 100634
57233 100634 114133
100634 57233 114133
32111 9405 100270
100270 9405 32111
9405 32111 100270
57149 1844 20367
1844 20367 57149
20367 1844 57149
57073 106155 116881
106155 57073 116881
116881 57073 106155
73231 6356 87402
6356 73231 87402
87402 6356 73231
128667 28816 105077
105077 28816 128667
28816 105077 128667
132827 2779 63705
63705 2779 132827
2779 63705 132827
74127 3136 124224
124224 3136 74127
3136 74127 124224
88542 7894 112134
7894 88542 112134
112134 7894 88542
52720 6229 89182
6229 52720 89182
89182 6229 52720
100219 3957 89705
89705 3957 100219
3957 89705 100219
27247 63541 80529
80529 27247 63541
63541 27247 80529
124196 12927 90183
12927 90183 124196
90183 12927 124196
65626 30397 90144
90144 30397 65626
30397 65626 90144
49272 129832 136702
129832 49272 136702
136702 49272 129832
146544 65674 76207
76207 65674 146544
65674 76207 146544
38750 96072 123445
123445 38750 96072
96072 38750 123445
47096 52687 89928
52687 47096 89928
89928 47096 52687
72031 58387 98116
98116 58387 72031
58387 72031 98116
90672 15444 86810
15444 86810 90672
86810 15444 90672
58426 107390 115334
115334 58426 107390
107390 58426 115334
51672 26926 116547
116547 26926 51672
26926 51672 116547
73327 46126 86000
86000 46126 73327
46126 73327 86000
70418 36182 42391
36182 42391 70418
42391 36182 70418
64007 17308 143250
17308 64007 143250
143250 17308 64007
34809 28641 73722
73722 28641 34809
28641 34809 73722
26305 728 138657
728 26305 138657
138657 728 26305
49849 128899 131181
131181 49849 128899
128899 49849 131181
75922 17094 52222
17094 52222 75922
52222 17094 75922
59642 108177 123902
108177 59642 123902
123902 59642 108177
8713 50736 137623
137623 8713 50736
50736 8713 137623
102579 8690 121950
8690 102579 121950
121950 8690 102579
86532 11647 106544
11647 86532 106544
106544 11647 86532
9064 72846 110197
72846 9064 110197
110197 9064 72846
88509 61697 98450
98450 61697 88509
61697 88509 98450
4775 47850 76472
76472 4775 47850
47850 4775 76472
70596 111610 148771
148771 70596 111610
111610 70596 148771
129724 44501 89626
89626 44501 129724
44501 89626 129724
124840 63845 111659
111659 63845 124840
63845 111659 124840
4596 127259 137238
127259 4596 137238
137238 4596 127259
63716 44736 98479
44736 63716 98479
98479 44736 63716
37970 20727 128033
128033 20727 37970
20727 37970 128033
141774 91501 126973
126973 91501 141774
91501 126973 141774
39318 51971 73141
51971 39318 73141
73141 39318 51971
40333 3705 84166
3705 40333 84166
84166 3705 40333
4116 52004 73230
73230 4116 52004
52004 4116 73230
40709 5452 109918
109918 5452 40709
5452 40709 109918
34331 90383 139719
139719 34331 90383
90383 34331 139719
140700 118072 125098
125098 118072 140700
118072 125098 140700
18502 77694 88828
77694 18502 88828
88828 18502 77694
22569 56343 135665
56343 22569 135665
135665 22569 56343
95725 58808 102118
58808 95725 102118
102118 58808 95725
3966 40951 102507
102507 3966 40951
40951 3966 102507
32606 42358 106533
106533 32606 42358
42358 32606 106533
89664 85521 99935
99935 85521 89664
85521 89664 99935
68577 131297 143487
131297 68577 143487
143487 68577 131297
41717 64722 143492
64722 41717 143492
143492 41717 64722
97968 26855 115724
26855 97968 115724
115724 26855 97968
141448 18817 59752
18817 59752 141448
59752 18817 141448
93872 46845 67539
67539 46845 93872
46845 67539 93872
60215 23240 43942
43942 23240 60215
23240 43942 60215
35693 116981 130943
130943 35693 116981
116981 35693 130943
45794 33465 106094
33465 45794 106094
106094 33465 45794
51795 72845 90018
90018 51795 72845
72845 51795 90018
133609 21543 40411
40411 21543 133609
21543 40411 133609
33361 7384 126207
126207 7384 33361
7384 33361 126207
119213 144 78186
144 78186 119213
78186 144 119213
72688 81727 145169
81727 72688 145169
145169 72688 81727
78582 2460 14184
14184 2460 78582
2460 14184 78582
72483 9375 87609
87609 9375 72483
9375 72483 87609
35844 63854 114295
114295 35844 63854
63854 35844 114295
37491 73943 80135
73943 37491 80135
80135 37491 73943
85739 42182 122987
122987 42182 85739
42182 85739 122987
114945 11200 106650
106650 11200 114945
11200 106650 114945
8413 106078 148345
106078 8413 148345
148345 8413 106078
135010 16772 131811
131811 16772 135010
16772 131811 135010
141279 51445 117560
51445 117560 141279
117560 51445 141279
15581 23878 138275
138275 15581 23878
23878 15581 138275
40745 35164 54890
54890 35164 40745
35164 40745 54890
17429 96807 137481
96807 17429 137481
137481 17429 96807
53259 2764 86687
2764 53259 86687
86687 2764 53259
68782 3243 79867
3243 68782 79867
79867 3243 68782
36337 13911 143695
143695 13911 36337
13911 36337 143695
67612 90111 131517
90111 67612 131517
131517 67612 90111
40619 13090 134939
134939 13090 40619
13090 40619 134939
74875 11813 64545
11813 64545 74875
64545 11813 74875
144295 9049 124995
9049 124995 144295
124995 9049 144295
92391 43682 101799
43682 92391 101799
101799 43682 92391
127092 6919 79263
79263 6919 127092
6919 79263 127092
57469 58249 98110
58249 57469 98110
98110 57469 58249
18027 91555 136537
91555 18027 136537
136537 18027 91555
81869 27625 92235
27625 81869 92235
92235 27625 81869
30231 11486 61030
61030 11486 30231
11486 30231 61030
69998 21141 120327
120327 21141 69998
21141 69998 120327
145348 47496 124026
47496 124026 145348
124026 47496 145348
22395 31163 62923
31163 22395 62923
62923 22395 31163
45490 17821 57200
17821 45490 57200
57200 17821 45490
21685 29306 91931
91931 21685 29306
29306 21685 91931
139988 55480 134297
134297 55480 139988
55480 134297 139988
54522 79113 89604
79113 54522 89604
89604 54522 79113
17211 16845 55545
16845 17211 55545
55545 16845 17211
74717 107088 114335
114335 74717 107088
107088 74717 114335
12958 49594 93806
49594 12958 93806
93806 12958 49594
130030 84319 147243
84319 130030 147243
147243 84319 130030
108812 42535 82679
42535 82679 108812
82679 42535 108812
36777 37901 51227
37901 36777 51227
51227 36777 37901
8872 38180 144321
38180 8872 144321
144321 8872 38180
77833 117181 129358
117181 77833 129358
129358 77833 117181
86311 1088 116018
116018 1088 86311
1088 86311 116018
120041 55861 88715
88715 55861 120041
55861 88715 120041
35036 5203 70834
5203 35036 70834
70834 5203 35036
120305 75028 128254
75028 120305 128254
128254 75028 120305
52265 21093 149445
21093 52265 149445
149445 21093 52265
19543 66850 119851
66850 19543 119851
119851 19543 66850
35126 52675 66192
52675 35126 66192
66192 35126 52675
54953 65908 145702
145702 54953 65908
65908 54953 145702
78351 77659 147455
77659 78351 147455
147455 77659 78351
141896 68088 108997
108997 68088 141896
68088 108997 141896
109652 17533 68154
17533 68154 109652
68154 17533 109652
94568 6674 7035
7035 6674 94568
6674 7035 94568
28196 47391 66189
66189 28196 47391
47391 28196 66189
21343 90250 113843
90250 21343 113843
113843 21343 90250
143142 19112 72829
19112 72829 143142
72829 19112 143142
63542 69547 87026
69547 63542 87026
87026 63542 69547
84944 132065 138494
138494 84944 132065
132065 84944 138494
51727 66059 72422
72422 51727 66059
66059 51727 72422
118177 116650 121369
121369 116650 118177
116650 118177 121369
18203 36170 125045
125045 18203 36170
36170 18203 125045
40254 42023 82361
82361 40254 42023
42023 40254 82361
68901 75555 85790
75555 68901 85790
85790 68901 75555
116315 116721 145207
116721 116315 145207
145207 116315 116721
85385 86408 139348
86408 85385 139348
139348 85385 86408
97281 18079 123611
18079 97281 123611
123611 18079 97281
6307 123016 145015
123016 6307 145015
145015 6307 123016
144789 57645 130000
130000 57645 144789
57645 130000 144789
40954 13643 121566
121566 13643 40954
13643 40954 121566
36385 107452 131216
107452 36385 131216
131216 36385 107452
106131 28269 143416
28269 106131 143416
143416 28269 106131
130907 15063 55253
15063 55253 130907
55253 15063 130907
15442 21287 111785
111785 15442 21287
21287 15442 111785
620 35026 58102
58102 620 35026
35026 620 58102
38272 132871 139548
139548 38272 132871
132871 38272 139548
67683 17443 76640
76640 17443 67683
17443 67683 76640
94403 19218 139794
139794 19218 94403
19218 94403 139794
144699 60724 81220
81220 60724 144699
60724 81220 144699
136562 32858 101332
32858 101332 136562
101332 32858 136562
70174 63356 120261
63356 70174 120261
120261 63356 70174
101508 12623 119544
12623 101508 119544
119544 12623 101508
95751 22354 84988
22354 84988 95751
84988 22354 95751
38645 95629 119853
119853 38645 95629
95629 38645 119853
58533 77119 145072
77119 58533 145072
145072 58533 77119
55612 123545 130578
123545 55612 130578
130578 55612 123545
38990 61255 145545
145545 38990 61255
61255 38990 145545
116753 7300 119459
119459 7300 116753
7300 116753 119459
64280 1091 137984
1091 64280 137984
137984 1091 64280
30921 93590 111210
93590 30921 111210
111210 30921 93590
1486 61035 97174
97174 1486 61035
61035 1486 97174
125836 22114 94600
22114 94600 125836
94600 22114 125836
121377 89243 105666
105666 89243 121377
89243 105666 121377
83483 31013 113210
113210 31013 83483
31013 83483 113210
101568 47206 93055
47206 93055 101568
93055 47206 101568
146222 111335 144841
144841 111335 146222
111335 144841 146222
10654 70933 81796
70933 10654 81796
81796 10654 70933
112516 46070 107430
46070 107430 112516
107430 46070 112516
42260 37030 137187
137187 37030 42260
37030 42260 137187
145335 42993 79068
79068 42993 145335
42993 79068 145335
93449 49795 63333
49795 63333 93449
63333 49795 93449
147209 25679 44764
25679 44764 147209
44764 25679 147209
3547 6247 90042
6247 3547 90042
90042 3547 6247
10477 3147 134912
134912 3147 10477
3147 10477 134912
116320 14961 117979
117979 14961 116320
14961 116320 117979
7151 80521 95135
95135 7151 80521
80521 7151 95135
82479 3474 44385
44385 3474 82479
3474 44385 82479
74679 61953 145834
61953 74679 145834
145834 61953 74679
13791 26792 44353
44353 13791 26792
26792 13791 44353
101100 105448 130605
105448 101100 130605
130605 101100 105448
69188 10698 24869
24869 10698 69188
10698 24869 69188
14181 8638 115485
8638 14181 115485
115485 8638 14181
72871 43370 71329
71329 43370 72871
43370 71329 72871
38795 133538 140305
133538 38795 140305
140305 38795 133538
75091 16568 71070
71070 16568 75091
16568 71070 75091
141009 7614 41748
41748 7614 141009
7614 41748 141009
79206 1390 97449
1390 79206 97449
97449 1390 79206
72050 125532 134402
134402 72050 125532
125532 72050 134402
129825 49183 128621
128621 49183 129825
49183 128621 129825
95660 40589 105373
105373 40589 95660
40589 95660 105373
62785 73265 117110
117110 62785 73265
73265 62785 117110
85054 7668 100687
7668 85054 100687
100687 7668 85054
145530 55359 130816
130816 55359 145530
55359 130816 145530
78324 12339 72108
72108 12339 78324
12339 72108 78324
75468 18848 27530
18848 27530 75468
27530 18848 75468
105836 21569 72437
72437 21569 105836
21569 72437 105836
44914 72285 126820
72285 44914 126820
126820 44914 72285
59953 39840 119636
119636 39840 59953
39840 59953 119636
140714 28934 78446
78446 28934 140714
28934 78446 140714
24267 9591 142056
142056 9591 24267
9591 24267 142056
3976 89502 107783
89502 3976 107783
107783 3976 89502
102061 33468 129185
129185 33468 102061
33468 102061 129185
49841 6923 13478
6923 13478 49841
13478 6923 49841
76084 86800 127136
86800 76084 127136
127136 76084 86800
102953 4091 18499
4091 18499 102953
18499 4091 102953
4442 34268 48235
34268 4442 48235
48235 4442 34268
31580 35034 38916
38916 31580 35034
35034 31580 38916
28146 107396 141562
141562 28146 107396
107396 28146 141562
134360 53775 91848
53775 91848 134360
91848 53775 134360
145804 115056 144309
115056 144309 145804
144309 115056 145804
58253 56199 59431
59431 56199 58253
56199 58253 59431
61931 3791 21791
3791 21791 61931
21791 3791 61931
103157 27186 41735
27186 41735 103157
41735 27186 103157
93531 15264 72004
15264 72004 93531
72004 15264 93531
139628 55354 55593
55354 55593 139628
55593 55354 139628
98106 6091 96753
6091 96753 98106
96753 6091 98106
121819 44541 55519
55519 44541 121819
44541 55519 121819
51888 2787 139066
2787 51888 139066
139066 2787 51888
20653 89307 107822
107822 20653 89307
89307 20653 107822
114647 11619 137201
11619 114647 137201
137201 11619 114647
18038 84254 112467
112467 18038 84254
84254 18038 112467
34768 28933 84821
84821 28933 34768
28933 34768 84821
33204 71298 144436
144436 33204 71298
71298 33204 144436
116055 12356 115371
12356 115371 116055
115371 12356 116055
91595 58836 110253
58836 91595 110253
110253 58836 91595
118720 58948 91918
58948 91918 118720
91918 58948 118720
72225 12485 22931
12485 22931 72225
22931 12485 72225
21619 4227 86649
86649 4227 21619
4227 21619 86649
85125 13594 15411
13594 15411 85125
15411 13594 85125
13271 11052 65728
65728 11052 13271
11052 13271 65728
134686 55419 65395
55419 65395 134686
65395 55419 134686
145816 5781 40457
5781 40457 145816
40457 5781 145816
89145 11251 51583
51583 11251 89145
11251 51583 89145
74259 10898 18181
18181 10898 74259
10898 18181 74259
121519 66718 135606
135606 66718 121519
66718 121519 135606
113276 102284 140191
102284 113276 140191
140191 102284 113276
120097 39030 69681
39030 69681 120097
69681 39030 120097
116814 22848 50323
50323 22848 116814
22848 50323 116814
113142 12174 56834
12174 56834 113142
56834 12174 113142
131564 16301 64509
16301 64509 131564
64509 16301 131564
6739 26008 115272
115272 6739 26008
26008 6739 115272
77079 19621 137925
137925 19621 77079
19621 77079 137925
97446 61070 137516
61070 97446 137516
137516 61070 97446
87585 57473 92655
92655 57473 87585
57473 87585 92655
126122 71735 129714
71735 126122 129714
129714 71735 126122
102593 42103 78482
42103 78482 102593
78482 42103 102593
10001 4046 44436
4046 10001 44436
44436 4046 10001
8368 21717 120557
120557 8368 21717
21717 8368 120557
72844 112328 126256
112328 72844 126256
126256 72844 112328
129225 30742 141049
141049 30742 129225
30742 129225 141049
37990 410 72874
410 37990 72874
72874 410 37990
98560 91288 107268
91288 98560 107268
107268 91288 98560
34299 18640 147639
18640 34299 147639
147639 18640 34299
102054 13768 99831
99831 13768 102054
13768 99831 102054
92395 38675 50194
38675 50194 92395
50194 38675 92395
105879 127132 142104
142104 105879 127132
127132 105879 142104
61153 48217 75457
48217 61153 75457
75457 48217 61153
33351 51494 65831
65831 33351 51494
51494 33351 65831
5351 70455 110294
70455 5351 110294
110294 5351 70455
27472 20909 82346
82346 20909 27472
20909 27472 82346
120090 33881 64621
64621 33881 120090
33881 64621 120090
16631 30992 113048
113048 16631 30992
30992 16631 113048
108286 88771 99243
88771 99243 108286
99243 88771 108286
80171 70569 93426
93426 70569 80171
70569 80171 93426
49370 19868 137836
137836 19868 49370
19868 49370 137836
39843 69753 87455
87455 39843 69753
69753 39843 87455
25560 56848 88793
88793 25560 56848
56848 25560 88793
40843 108561 111046
111046 40843 108561
108561 40843 111046
140607 87205 127294
87205 127294 140607
127294 87205 140607
120611 88877 114866
114866 88877 120611
88877 114866 120611
137188 35784 130180
130180 35784 137188
35784 130180 137188
21377 43971 112001
43971 21377 112001
112001 21377 43971
120749 51014 70182
70182 51014 120749
51014 70182 120749
36194 115412 142338
115412 36194 142338
142338 36194 115412
82344 3728 22217
3728 22217 82344
22217 3728 82344
124606 107044 107354
107044 107354 124606
107354 107044 124606
73401 7896 53448
7896 53448 73401
53448 7896 73401
59285 74152 107219
107219 59285 74152
74152 59285 107219
125101 15795 123058
123058 15795 125101
15795 123058 125101
149437 12061 59587
12061 59587 149437
59587 12061 149437
2304 30253 113994
30253 2304 113994
113994 2304 30253
136429 47269 135624
135624 47269 136429
47269 135624 136429
41996 47974 99946
99946 41996 47974
47974 41996 99946
54834 28770 101391
28770 54834 101391
101391 28770 54834
12754 10164 100077
10164 12754 100077
100077 10164 12754
84065 31181 92798
92798 31181 84065
31181 84065 92798
112041 39491 115705
115705 39491 112041
39491 112041 115705
54624 62967 106137
62967 54624 106137
106137 54624 62967
105234 1646 8455
8455 1646 105234
1646 8455 105234
79764 42273 80540
80540 42273 79764
42273 79764 80540
120974 35234 116672
35234 116672 120974
116672 35234 120974
99907 56884 65341
65341 56884 99907
56884 65341 99907
69138 64077 97841
97841 64077 69138
64077 69138 97841
82308 28274 109271
28274 82308 109271
109271 28274 82308
64076 32441 142737
142737 32441 64076
32441 64076 142737
92194 45803 61418
61418 45803 92194
45803 61418 92194
127814 3971 132900
132900 3971 127814
3971 127814 132900
92099 71781 148225
71781 92099 148225
148225 71781 92099
73557 66323 81818
66323 73557 81818
81818 66323 73557
104251 53562 80701
53562 80701 104251
80701 53562 104251
12064 10964 97609
97609 10964 12064
10964 12064 97609
146657 39290 113874
39290 113874 146657
113874 39290 146657
22380 27632 34852
27632 22380 34852
34852 22380 27632
89016 73270 145789
145789 73270 89016
73270 89016 145789
138882 115945 148779
115945 138882 148779
148779 115945 138882
44811 137206 140234
140234 44811 137206
137206 44811 140234
16192 57011 67340
67340 16192 57011
57011 16192 67340
30149 27723 91150
91150 27723 30149
27723 30149 91150
127898 129762 149744
129762 127898 149744
149744 127898 129762
82764 23392 59903
59903 23392 82764
23392 59903 82764
113735 2029 11548
11548 2029 113735
2029 11548 113735
74378 8487 103745
8487 74378 103745
103745 8487 74378
22435 98792 104859
104859 22435 98792
98792 22435 104859
90919 92901 136229
136229 90919 92901
92901 90919 136229
122790 17604 23830
23830 17604 122790
17604 23830 122790
123259 41921 64713
41921 64713 123259
64713 41921 123259
59264 74139 149917
149917 59264 74139
74139 59264 149917
116902 66695 82904
66695 82904 116902
82904 66695 116902
85510 28492 96669
96669 28492 85510
28492 85510 96669
57760 52 137494
137494 52 57760
52 57760 137494
148598 71429 124583
71429 124583 148598
124583 71429 148598
34467 8439 36632
36632 8439 34467
8439 34467 36632
25096 47679 111733
47679 25096 111733
111733 25096 47679
98491 57599 63004
57599 63004 98491
63004 57599 98491
131230 19159 101205
101205 19159 131230
19159 101205 131230
12375 1292 30104
1292 12375 30104
30104 1292 12375
116639 38906 125974
125974 38906 116639
38906 116639 125974
140723 5227 28569
28569 5227 140723
5227 28569 140723
131634 27441 84802
27441 84802 131634
84802 27441 131634
69795 70181 97956
97956 69795 70181
70181 69795 97956
10025 59212 62638
62638 10025 59212
59212 10025 62638
53801 38092 131454
38092 53801 131454
131454 38092 53801
58685 97098 146745
97098 58685 146745
146745 58685 97098
15018 110460 122968
122968 15018 110460
110460 15018 122968
34803 102397 145383
102397 34803 145383
145383 34803 102397
96193 53309 87622
87622 53309 96193
53309 87622 96193
112647 75263 149409
75263 112647 149409
149409 75263 112647
124049 45670 67139
45670 67139 124049
67139 45670 124049
56308 116174 122869
122869 56308 116174
116174 56308 122869
34553 9543 85668
85668 9543 34553
9543 34553 85668
24382 92540 144822
92540 24382 144822
144822 24382 92540
136133 52148 123770
52148 123770 136133
123770 52148 136133
119640 1087 30081
1087 30081 119640
30081 1087 119640
103088 4191 135281
4191 103088 135281
135281 4191 103088
3601 44864 78087
44864 3601 78087
78087 3601 44864
99538 23079 36836
36836 23079 99538
23079 36836 99538
4685 35561 91190
91190 4685 35561
35561 4685 91190
2362 81527 144782
81527 2362 144782
144782 2362 81527
59810 100562 119343
100562 59810 119343
119343 59810 100562
66048 134926 149940
134926 66048 149940
149940 66048 134926
127590 17154 85049
17154 85049 127590
85049 17154 127590
41885 9959 57823
57823 9959 41885
9959 41885 57823
93443 49232 64378
64378 49232 93443
49232 64378 93443
71599 69731 115695
115695 69731 71599
69731 71599 115695
6633 49909 128060
49909 6633 128060
128060 6633 49909
62366 27317 46931
46931 27317 62366
27317 46931 62366
20807 82171 102196
82171 20807 102196
102196 20807 82171
678 126412 141684
126412 678 141684
141684 678 126412
5531 112014 142268
142268 5531 112014
112014 5531 142268
116603 1629 69813
1629 69813 116603
69813 1629 116603
7406 45645 138142
138142 7406 45645
45645 7406 138142
13483 3120 117391
117391 3120 13483
3120 13483 117391
42776 104054 146914
104054 42776 146914
146914 42776 104054
44445 103758 119625
103758 44445 119625
119625 44445 103758
12640 61867 113741
61867 12640 113741
113741 12640 61867
38927 62801 131813
131813 38927 62801
62801 38927 131813
40470 95829 145381
145381 40470 95829
95829 40470 145381
140311 139926 149602
139926 140311 149602
149602 139926 140311
145067 50931 54160
54160 50931 145067
50931 54160 145067
126445 31123 121419
31123 121419 126445
121419 31123 126445
111789 41485 113595
113595 41485 111789
41485 111789 113595
63870 16061 47463
16061 47463 63870
47463 16061 63870
32109 22265 133339
133339 22265 32109
22265 32109 133339
47413 17023 81241
81241 17023 47413
17023 47413 81241
62053 67794 117207
67794 62053 117207
117207 62053 67794
74519 113191 113405
113405 74519 113191
113191 74519 113405
9579 103070 110277
103070 9579 110277
110277 9579 103070
47965 76456 87725
87725 47965 76456
76456 47965 87725
121452 11350 65772
65772 11350 121452
11350 65772 121452
123221 72098 100259
72098 100259 123221
100259 72098 123221
29117 94125 97430
94125 29117 97430
97430 29117 94125
132405 39825 40990
40990 39825 132405
39825 40990 132405
113973 76871 118133
118133 76871 113973
76871 113973 118133
13023 113280 127782
113280 13023 127782
127782 13023 113280
84750 126957 128531
126957 84750 128531
128531 84750 126957
107573 852 55272
852 55272 107573
55272 852 107573
40023 82927 109644
82927 40023 109644
109644 40023 82927
130771 71542 138872
71542 130771 138872
138872 71542 130771
138020 87008 131468
87008 131468 138020
131468 87008 138020
91647 9818 55887
55887 9818 91647
9818 55887 91647
126688 54547 72975
54547 72975 126688
72975 54547 126688
59474 32957 131847
131847 32957 59474
32957 59474 131847
137930 23419 84959
84959 23419 137930
23419 84959 137930
123324 14968 75272
14968 75272 123324
75272 14968 123324
32337 5709 132226
132226 5709 32337
5709 32337 132226
74360 8953 147914
147914 8953 74360
8953 74360 147914
113526 33691 43354
33691 43354 113526
43354 33691 113526
53620 31555 91670
91670 31555 53620
31555 53620 91670
19948 53699 63859
53699 19948 63859
63859 19948 53699
126513 23888 131553
131553 23888 126513
23888 126513 131553
17892 11768 56501
11768 17892 56501
56501 11768 17892
121378 8904 84411
8904 84411 121378
84411 8904 121378
5241 42326 62495
62495 5241 42326
42326 5241 62495
141439 106117 114568
114568 106117 141439
106117 114568 141439
1263 36047 72786
72786 1263 36047
36047 1263 72786
63286 46953 64574
46953 63286 64574
64574 46953 63286
8607 43869 47919
43869 8607 47919
47919 8607 43869
21408 40013 135580
135580 21408 40013
40013 21408 135580
26553 19380 114265
114265 19380 26553
19380 26553 114265
91237 48897 82707
48897 82707 91237
82707 48897 91237
41823 13497 99921
99921 13497 41823
13497 41823 99921
4899 82039 136784
136784 4899 82039
82039 4899 136784
125271 16457 110192
110192 16457 125271
16457 110192 125271
85695 294 118639
294 85695 118639
118639 294 85695
28187 50496 127101
127101 28187 50496
50496 28187 127101
30128 15601 80455
15601 30128 80455
80455 15601 30128
134763 9240 97311
97311 9240 134763
9240 97311 134763
138150 29047 29086
29086 29047 138150
29047 29086 138150
131526 42514 123265
42514 123265 131526
123265 42514 131526
127072 9718 93742
93742 9718 127072
9718 93742 127072
44480 126539 144293
144293 44480 126539
126539 44480 144293
72464 44312 76549
44312 72464 76549
76549 44312 72464
101789 73724 100728
73724 100728 101789
100728 73724 101789
120977 85740 88046
85740 88046 120977
88046 85740 120977
43278 55363 120908
120908 43278 55363
55363 43278 120908
39300 39399 75828
39399 39300 75828
75828 39300 39399
76960 100769 110784
110784 76960 100769
100769 76960 110784
80519 7899 48503
7899 48503 80519
48503 7899 80519
87108 56554 139140
139140 56554 87108
56554 87108 139140
118300 86359 118464
86359 118300 118464
118464 86359 118300
64717 31815 126218
126218 31815 64717
31815 64717 126218
108698 959 108678
959 108678 108698
108678 959 108698
102802 19400 128850
128850 19400 102802
19400 102802 128850
17850 9299 56791
56791 9299 17850
9299 17850 56791
117728 120271 140822
140822 117728 120271
120271 117728 140822
107702 62810 106220
62810 106220 107702
106220 62810 107702
119795 87498 148452
87498 119795 148452
148452 87498 119795
112427 94075 139535
94075 112427 139535
139535 94075 112427
39012 71948 102665
102665 39012 71948
71948 39012 102665
108845 24706 27200
24706 27200 108845
27200 24706 108845
7733 1130 125298
125298 1130 7733
1130 7733 125298
113295 11737 116339
11737 113295 116339
116339 11737 113295
93282 81157 145748
145748 81157 93282
81157 93282 145748
122848 99813 148808
148808 99813 122848
99813 122848 148808
82336 60139 129234
60139 82336 129234
129234 60139 82336
28164 10627 76348
10627 28164 76348
76348 10627 28164
72704 19588 47625
19588 47625 72704
47625 19588 72704
17336 29231 87720
29231 17336 87720
87720 17336 29231
107544 14464 105748
105748 14464 107544
14464 105748 107544
133677 36886 49117
36886 49117 133677
49117 36886 133677
51570 12173 131487
12173 51570 131487
131487 12173 51570
137321 57977 91689
91689 57977 137321
57977 91689 137321
135271 66852 105276
66852 105276 135271
105276 66852 135271
19339 23707 60817
23707 19339 60817
60817 19339 23707
133825 86891 94204
94204 86891 133825
86891 94204 133825
36078 36165 37745
36165 36078 37745
37745 36078 36165
143546 57572 94249
57572 94249 143546
94249 57572 143546
44288 67831 104974
67831 44288 104974
104974 44288 67831
148882 80358 88226
88226 80358 148882
80358 88226 148882
27600 20912 130216
20912 27600 130216
130216 20912 27600
129301 43164 87194
87194 43164 129301
43164 87194 129301
6529 96569 103087
103087 6529 96569
96569 6529 103087
50022 96890 100029
100029 50022 96890
96890 50022 100029
56401 31732 72342
72342 31732 56401
31732 56401 72342
105122 58652 102134
58652 102134 105122
102134 58652 105122
53764 22254 131932
131932 22254 53764
22254 53764 131932
15040 48129 117022
117022 15040 48129
48129 15040 117022
136608 32375 75461
32375 75461 136608
75461 32375 136608
5620 57529 114320
57529 5620 114320
114320 5620 57529
107359 16025 62786
16025 62786 107359
62786 16025 107359
100454 12779 13004
13004 12779 100454
12779 13004 100454
146104 8629 101524
8629 101524 146104
101524 8629 146104
88159 102965 114675
102965 88159 114675
114675 88159 102965
45923 34712 92353
92353 34712 45923
34712 45923 92353
34769 53757 99749
99749 34769 53757
53757 34769 99749
132453 64532 144620
64532 132453 144620
144620 64532 132453
52692 65242 120165
65242 52692 120165
120165 52692 65242
37201 46611 63822
63822 37201 46611
46611 37201 63822
31277 21960 52631
52631 21960 31277
21960 31277 52631
122127 7448 15296
7448 15296 122127
15296 7448 122127
114358 24245 96461
96461 24245 114358
24245 96461 114358
85787 97421 108319
108319 85787 97421
97421 85787 108319
109387 80663 133076
133076 80663 109387
80663 109387 133076
6611 3927 99492
3927 6611 99492
99492 3927 6611
108760 19270 104086
104086 19270 108760
19270 104086 108760
23018 33982 102372
102372 23018 33982
33982 23018 102372
83647 90741 108694
108694 83647 90741
90741 83647 108694
58824 1213 131477
131477 1213 58824
1213 58824 131477
101450 35939 62506
62506 35939 101450
35939 62506 101450
72315 88684 103871
88684 72315 103871
103871 72315 88684
43544 26518 34285
26518 34285 43544
34285 26518 43544
128123 13838 34983
13838 34983 128123
34983 13838 128123
143648 78198 148172
148172 78198 143648
78198 143648 148172
110594 18141 41633
41633 18141 110594
18141 41633 110594
67282 92972 127185
92972 67282 127185
127185 67282 92972
48812 370 132917
370 48812 132917
132917 370 48812
67172 74141 148715
148715 67172 74141
74141 67172 148715
86738 7169 107085
107085 7169 86738
7169 86738 107085
137096 103914 125745
103914 125745 137096
125745 103914 137096
41426 56290 73174
73174 41426 56290
56290 41426 73174
114594 26879 94202
26879 94202 114594
94202 26879 114594
133941 23754 33363
33363 23754 133941
23754 33363 133941
68578 111746 139640
139640 68578 111746
111746 68578 139640
86137 61629 95247
95247 61629 86137
61629 86137 95247
79900 13375 133317
13375 79900 133317
133317 13375 79900
131074 70156 75248
70156 75248 131074
75248 70156 131074
31446 34055 81559
34055 31446 81559
81559 31446 34055
5374 1234 99685
1234 5374 99685
99685 1234 5374
147591 15254 144883
15254 144883 147591
144883 15254 147591
76801 3034 46660
46660 3034 76801
3034 46660 76801
140381 28905 71960
71960 28905 140381
28905 71960 140381
76946 102644 114384
114384 76946 102644
102644 76946 114384
15640 67600 112138
112138 15640 67600
67600 15640 112138
71532 70463 100031
100031 70463 71532
70463 71532 100031
85784 55312 143677
143677 55312 85784
55312 85784 143677
146234 34263 109563
34263 109563 146234
109563 34263 146234
87512 25368 126143
25368 87512 126143
126143 25368 87512
7064 5218 113059
5218 7064 113059
113059 5218 7064
126189 9241 56913
9241 56913 126189
56913 9241 126189
145601 87898 88998
88998 87898 145601
87898 88998 145601
21338 48861 107358
107358 21338 48861
48861 21338 107358
149697 9751 16625
16625 9751 149697
9751 16625 149697
117358 65314 131750
65314 117358 131750
131750 65314 117358
676 66173 84785
84785 676 66173
66173 676 84785
70065 49877 127112
49877 70065 127112
127112 49877 70065
147388 55799 65841
65841 55799 147388
55799 65841 147388
125447 117624 149834
117624 125447 149834
149834 117624 125447
66398 127662 129492
127662 66398 129492
129492 66398 127662
42078 10715 98779
10715 42078 98779
98779 10715 42078
100979 73669 94105
73669 94105 100979
94105 73669 100979
94279 56169 69141
56169 69141 94279
69141 56169 94279
125315 5090 91078
5090 91078 125315
91078 5090 125315
7141 42830 75478
75478 7141 42830
42830 7141 75478
86761 83525 141126
141126 83525 86761
83525 86761 141126
129824 43757 130996
130996 43757 129824
43757 129824 130996
131405 25972 79188
79188 25972 131405
25972 79188 131405
57252 85832 118651
118651 57252 85832
85832 57252 118651
140522 77213 77848
77848 77213 140522
77213 77848 140522
74827 118630 136363
136363 74827 118630
118630 74827 136363
65693 20437 75434
75434 20437 65693
20437 65693 75434
121295 56280 125093
56280 121295 125093
125093 56280 121295
56083 18366 61552
61552 18366 56083
18366 56083 61552
8377 101361 146680
146680 8377 101361
101361 8377 146680
63895 45440 142796
45440 63895 142796
142796 45440 63895
42013 96397 146621
146621 42013 96397
96397 42013 146621
11670 96236 139903
139903 11670 96236
96236 11670 139903
34958 74010 96099
96099 34958 74010
74010 34958 96099
7084 35320 136235
35320 7084 136235
136235 7084 35320
77467 27120 120262
120262 27120 77467
27120 77467 120262
84681 35568 82561
82561 35568 84681
35568 82561 84681
149095 30701 35453
35453 30701 149095
30701 35453 149095
93063 21996 124831
21996 93063 124831
124831 21996 93063
94792 95347 99840
95347 94792 99840
99840 94792 95347
126989 45542 88773
45542 88773 126989
88773 45542 126989
18096 70954 85109
85109 18096 70954
70954 18096 85109
66851 89166 102368
102368 66851 89166
89166 66851 102368
123658 109412 120443
109412 120443 123658
120443 109412 123658
6696 57836 128627
57836 6696 128627
128627 6696 57836
56252 146834 149086
149086 56252 146834
146834 56252 149086
20555 22446 28649
22446 20555 28649
28649 20555 22446
144254 92468 115014
115014 92468 144254
92468 115014 144254
148950 87314 129184
129184 87314 148950
87314 129184 148950
121293 130678 137424
137424 121293 130678
130678 121293 137424
17906 19345 63256
19345 17906 63256
63256 17906 19345
77330 18713 18940
18940 18713 77330
18713 18940 77330
26846 32937 64465
32937 26846 64465
64465 26846 32937
4858 31981 117046
31981 4858 117046
117046 4858 31981
69291 107313 122652
122652 69291 107313
107313 69291 122652
4633 18733 63176
18733 4633 63176
63176 4633 18733
132308 63897 98019
98019 63897 132308
63897 98019 132308
62603 1147 104171
104171 1147 62603
1147 62603 104171
100026 36771 40169
36771 40169 100026
40169 36771 100026
46265 19766 63537
63537 19766 46265
19766 46265 63537
107394 7739 31417
7739 31417 107394
31417 7739 107394
49394 79181 127425
79181 49394 127425
127425 49394 79181
131918 25991 33719
25991 33719 131918
33719 25991 131918
68537 83171 110058
110058 68537 83171
83171 68537 110058
39672 12572 115939
12572 39672 115939
115939 12572 39672
64790 20480 141091
20480 64790 141091
141091 20480 64790
112090 44847 120000
44847 112090 120000
120000 44847 112090
135226 81494 83985
81494 83985 135226
83985 81494 135226
123046 65297 149878
65297 123046 149878
149878 65297 123046
58708 78664 114167
78664 58708 114167
114167 58708 78664
102403 83017 119958
83017 102403 119958
119958 83017 102403
137361 59769 120142
59769 120142 137361
120142 59769 137361
128419 82106 101266
82106 101266 128419
101266 82106 128419
94130 12254 116209
116209 12254 94130
12254 94130 116209
106084 85008 90686
85008 90686 106084
90686 85008 106084
33757 16806 63696
63696 16806 33757
16806 33757 63696
38281 14451 36991
36991 14451 38281
14451 36991 38281
59994 10184 115375
115375 10184 59994
10184 59994 115375
110390 136843 149568
136843 110390 149568
149568 110390 136843
36109 112983 149305
112983 36109 149305
149305 36109 112983
129169 119100 143482
119100 129169 143482
143482 119100 129169
36376 50794 118109
50794 36376 118109
118109 36376 50794
43811 89888 103968
103968 43811 89888
89888 43811 103968
52959 69403 144708
144708 52959 69403
69403 52959 144708
34836 7983 104644
7983 34836 104644
104644 7983 34836
147963 105730 105844
105730 105844 147963
105844 105730 147963
131184 84977 87630
87630 84977 131184
84977 87630 131184
11943 88252 149388
149388 11943 88252
88252 11943 149388
64958 12167 105662
12167 64958 105662
105662 12167 64958
58341 39460 136685
39460 58341 136685
136685 39460 58341
52020 109859 146521
109859 52020 146521
146521 52020 109859
6808 137392 142158
142158 6808 137392
137392 6808 142158
106018 24899 45465
45465 24899 106018
24899 45465 106018
102999 27924 126977
126977 27924 102999
27924 102999 126977
134099 70593 141037
141037 70593 134099
70593 134099 141037
2784 104002 129044
129044 2784 104002
104002 2784 129044
143317 60308 124876
60308 124876 143317
124876 60308 143317
116838 100627 114971
100627 114971 116838
114971 100627 116838
45423 18409 23652
23652 18409 45423
18409 23652 45423
1591 25168 125568
125568 1591 25168
25168 1591 125568
83978 89997 106892
89997 83978 106892
106892 83978 89997
914 39791 57135
39791 914 57135
57135 914 39791
104764 98105 142323
142323 98105 104764
98105 104764 142323
56583 111631 145542
111631 56583 145542
145542 56583 111631
57670 123156 142365
142365 57670 123156
123156 57670 142365
28765 110623 130589
110623 28765 130589
130589 28765 110623
19586 11164 70803
70803 11164 19586
11164 19586 70803
38416 44629 144962
144962 38416 44629
44629 38416 144962
12115 82778 135926
82778 12115 135926
135926 12115 82778
91369 126742 133682
126742 91369 133682
133682 91369 126742
53747 29593 35228
29593 35228 53747
35228 29593 53747
13959 8568 74665
74665 8568 13959
8568 13959 74665
101849 127433 140171
127433 101849 140171
140171 101849 127433
141217 2880 149706
149706 2880 141217
2880 141217 149706
75266 102614 102847
102847 75266 102614
102614 75266 102847
19954 121830 129235
121830 19954 129235
129235 19954 121830
115399 91942 128240
91942 115399 128240
128240 91942 115399
101057 63464 66078
63464 66078 101057
66078 63464 101057
13780 63109 112846
63109 13780 112846
112846 13780 63109
35564 16462 92689
92689 16462 35564
16462 35564 92689
138658 60553 144923
60553 138658 144923
144923 60553 138658
112556 28937 46826
46826 28937 112556
28937 46826 112556
6150 16787 141577
141577 6150 16787
16787 6150 141577
71907 59322 106205
59322 71907 106205
106205 59322 71907
18571 42220 44398
44398 18571 42220
42220 18571 44398
134825 51488 81412
51488 81412 134825
81412 51488 134825
111626 14785 126929
126929 14785 111626
14785 111626 126929
40565 17205 58354
17205 40565 58354
58354 17205 40565
81204 71928 92237
71928 81204 92237
92237 71928 81204
122870 17923 94394
17923 94394 122870
94394 17923 122870
78283 10740 18376
10740 18376 78283
18376 10740 78283
26307 25119 48543
48543 25119 26307
25119 26307 48543
143861 47957 66753
47957 66753 143861
66753 47957 143861
20974 86562 125044
125044 20974 86562
86562 20974 125044
149850 90805 139803
139803 90805 149850
90805 139803 149850
25633 111853 132086
132086 25633 111853
111853 25633 132086
113166 80133 127821
80133 113166 127821
127821 80133 113166
17621 60399 147552
147552 17621 60399
60399 17621 147552
101675 126111 142769
142769 101675 126111
126111 101675 142769
26145 115505 124608
115505 26145 124608
124608 26145 115505
73206 6440 144717
144717 6440 73206
6440 73206 144717
134320 79894 102814
79894 102814 134320
102814 79894 134320
91121 13301 105404
13301 91121 105404
105404 13301 91121
116898 67044 126330
126330 67044 116898
67044 116898 126330
113673 17593 44663
17593 44663 113673
44663 17593 113673
139791 1557 52464
52464 1557 139791
1557 52464 139791
89826 104796 145985
104796 89826 145985
145985 89826 104796
126391 5157 106112
5157 106112 126391
106112 5157 126391
12855 70457 146074
70457 12855 146074
146074 12855 70457
88260 125 35203
125 35203 88260
35203 125 88260
42100 74369 133391
133391 42100 74369
74369 42100 133391
129162 25175 124010
25175 124010 129162
124010 25175 129162
121949 20630 95657
20630 95657 121949
95657 20630 121949
67638 27988 51849
27988 51849 67638
51849 27988 67638
51998 50191 131165
50191 51998 131165
131165 50191 51998
16500 130735 138126
138126 16500 130735
130735 16500 138126
82569 11190 69178
11190 69178 82569
69178 11190 82569
86011 79267 105167
105167 79267 86011
79267 86011 105167
16486 31636 140118
140118 16486 31636
31636 16486 140118
95914 34060 147721
147721 34060 95914
34060 95914 147721
44632 65944 124693
124693 44632 65944
65944 44632 124693
43765 34651 81762
34651 43765 81762
81762 34651 43765
73008 66174 98536
98536 66174 73008
66174 73008 98536
148720 3690 133842
3690 133842 148720
133842 3690 148720
55901 27050 86023
86023 27050 55901
27050 55901 86023
55230 65725 84857
84857 55230 65725
65725 55230 84857
3573 20713 145946
145946 3573 20713
20713 3573 145946
49248 24121 116350
116350 24121 49248
24121 49248 116350
98755 75319 102236
75319 98755 102236
102236 75319 98755
14967 95359 140897
140897 14967 95359
95359 14967 140897
80613 5759 20636
20636 5759 80613
5759 20636 80613
6019 87951 101432
101432 6019 87951
87951 6019 101432
100992 59821 67449
67449 59821 100992
59821 67449 100992
59784 108268 119264
119264 59784 108268
108268 59784 119264
130681 4223 70887
70887 4223 130681
4223 70887 130681
42617 108419 131613
108419 42617 131613
131613 42617 108419
44223 10372 53771
10372 44223 53771
53771 10372 44223
708 72634 132632
132632 708 72634
72634 708 132632
131257 23814 104464
23814 104464 131257
104464 23814 131257
147115 1396 70326
70326 1396 147115
1396 70326 147115
111943 35538 48385
35538 48385 111943
48385 35538 111943
