1397 827 1335
827 1335 1397
1335 827 1397
1346 577 1433
1433 577 1346
577 1346 1433
514 117 1147
117 514 1147
1147 117 514
452 29 1374
1374 29 452
29 452 1374
740 1427 1485
1427 740 1485
1485 740 1427
37 506 1496
1496 37 506
506 37 1496
1435 838 1359
838 1359 1435
1359 838 1435
172 47 775
775 47 172
47 172 775
1187 460 1383
1383 460 1187
460 1187 1383
139 83 867
83 139 867
867 83 139
62 177 1208
1208 62 177
177 62 1208
669 180 1100
180 669 1100
1100 180 669
1180 834 1064
834 1064 1180
1064 834 1180
573 458 1282
458 573 1282
1282 458 573
1202 489 1126
489 1126 1202
1126 489 1202
592 871 941
871 592 941
941 592 871
1157 107 671
107 671 1157
671 107 1157
1102 386 624
386 624 1102
624 386 1102
381 146 914
914 146 381
146 381 914
598 1245 1306
1306 598 1245
1245 598 1306
1038 8 727
8 727 1038
727 8 1038
182 328 1410
1410 182 328
328 182 1410
1253 610 1445
610 1253 1445
1445 610 1253
237 24 392
24 237 392
392 24 237
614 313 994
994 313 614
313 614 994
549 503 1323
1323 503 549
503 549 1323
954 1328 1409
1328 954 1409
1409 954 1328
348 45 1119
1119 45 348
45 348 1119
1044 137 213
213 137 1044
137 213 1044
1336 505 1176
505 1176 1336
1176 505 1336
1214 1247 1368
1247 1214 1368
1368 1214 1247
1054 1108 1115
1108 1054 1115
1115 1054 1108
418 807 887
807 418 887
887 418 807
1057 585 1348
585 1057 1348
1348 585 1057
749 642 950
950 642 749
642 749 950
1271 178 1040
1040 178 1271
178 1040 1271
1453 1136 1269
1269 1136 1453
1136 1269 1453
450 335 934
335 450 934
934 335 450
360 244 939
244 360 939
939 244 360
16 346 455
455 16 346
346 16 455
1392 60 547
60 547 1392
547 60 1392
413 498 962
962 413 498
498 413 962
704 54 926
926 54 704
54 704 926
1357 80 692
692 80 1357
80 692 1357
1338 446 797
797 446 1338
446 797 1338
292 30 694
30 292 694
694 30 292
1362 545 1297
1297 545 1362
545 1297 1362
1023 383 566
566 383 1023
383 566 1023
1423 28 822
822 28 1423
28 822 1423
150 679 1364
679 150 1364
1364 150 679
76 1286 1344
1344 76 1286
1286 76 1344
1096 841 1418
1418 841 1096
841 1096 1418
158 208 1220
208 158 1220
1220 158 208
92 652 792
652 92 792
792 92 652
1305 482 717
482 717 1305
717 482 1305
6 1095 1239
1239 6 1095
1095 6 1239
1451 102 676
102 676 1451
676 102 1451
477 108 1441
1441 108 477
108 477 1441
25 763 829
763 25 829
829 25 763
1314 851 1272
1272 851 1314
851 1272 1314
932 191 1143
191 932 1143
1143 191 932
1215 59 245
245 59 1215
59 245 1215
616 126 1230
1230 126 616
126 616 1230
204 209 456
209 204 456
456 204 209
1026 787 1343
1343 787 1026
787 1026 1343
1199 517 728
517 728 1199
728 517 1199
966 311 768
311 768 966
768 311 966
670 66 1036
66 670 1036
1036 66 670
1464 15 953
953 15 1464
15 953 1464
270 893 1203
1203 270 893
893 270 1203
824 813 899
899 813 824
813 824 899
1279 100 809
809 100 1279
100 809 1279
1209 706 875
706 875 1209
875 706 1209
542 500 654
500 542 654
654 500 542
1375 249 1479
1479 249 1375
249 1375 1479
861 394 569
569 394 861
394 569 861
90 753 1424
753 90 1424
1424 90 753
294 1076 1158
1076 294 1158
1158 294 1076
1484 184 690
690 184 1484
184 690 1484
1156 5 1193
5 1156 1193
1193 5 1156
1130 925 1422
925 1130 1422
1422 925 1130
265 17 594
594 17 265
17 265 594
1299 166 649
649 166 1299
166 649 1299
309 672 1041
1041 309 672
672 309 1041
1440 186 713
713 186 1440
186 713 1440
909 567 888
567 888 909
888 567 909
552 243 972
972 243 552
243 552 972
325 183 1447
183 325 1447
1447 183 325
1461 200 260
200 260 1461
260 200 1461
205 101 637
637 101 205
101 205 637
1192 836 1311
836 1192 1311
1311 836 1192
1067 75 1288
75 1067 1288
1288 75 1067
949 748 923
923 748 949
748 923 949
2 397 1354
1354 2 397
397 2 1354
278 884 910
884 278 910
910 278 884
621 333 808
333 621 808
808 333 621
218 773 1469
1469 218 773
773 218 1469
322 558 874
874 322 558
558 322 874
1229 18 1426
1426 18 1229
18 1229 1426
471 709 1371
709 471 1371
1371 471 709
1432 326 536
326 536 1432
536 326 1432
266 442 1428
442 266 1428
1428 266 442
494 179 1195
1195 179 494
179 494 1195
255 508 942
508 255 942
942 255 508
1071 391 1462
1462 391 1071
391 1071 1462
785 854 1165
854 785 1165
1165 785 854
1349 436 992
992 436 1349
436 992 1349
71 540 1200
1200 71 540
540 71 1200
342 719 1492
719 342 1492
1492 342 719
89 959 1225
1225 89 959
959 89 1225
1159 1111 1210
1111 1159 1210
1210 1111 1159
304 367 620
620 304 367
367 304 620
300 675 741
675 300 741
741 300 675
1055 409 682
682 409 1055
409 682 1055
1249 35 118
35 118 1249
118 35 1249
1377 800 1450
1450 800 1377
800 1377 1450
1275 1137 1274
1137 1274 1275
1274 1137 1275
53 81 698
698 53 81
81 53 698
1177 726 1443
1443 726 1177
726 1177 1443
769 302 990
302 769 990
990 302 769
206 151 1086
151 206 1086
1086 151 206
74 376 1213
376 74 1213
1213 74 376
1141 228 273
228 273 1141
273 228 1141
141 1 1434
1434 1 141
1 141 1434
777 612 1190
612 777 1190
1190 612 777
929 665 839
839 665 929
665 839 929
1290 231 1037
1037 231 1290
231 1037 1290
853 543 1133
543 853 1133
1133 543 853
666 597 804
804 597 666
597 666 804
1425 163 855
163 855 1425
855 163 1425
272 718 1475
1475 272 718
718 272 1475
938 611 1382
611 938 1382
1382 611 938
162 3 1321
3 162 1321
1321 3 162
845 287 902
902 287 845
287 845 902
617 533 1116
533 617 1116
1116 533 617
968 230 548
230 548 968
548 230 968
257 64 405
405 64 257
64 257 405
1366 169 1212
1212 169 1366
169 1212 1366
363 349 516
516 349 363
349 363 516
318 42 484
484 42 318
42 318 484
1261 120 1216
120 1216 1261
1216 120 1261
49 882 1439
1439 49 882
882 49 1439
359 1008 1009
1009 359 1008
1008 359 1009
221 248 895
895 221 248
248 221 895
951 171 398
171 398 951
398 171 951
1013 419 1497
419 1013 1497
1497 419 1013
550 907 1169
907 550 1169
1169 550 907
983 1223 1419
1223 983 1419
1419 983 1223
1490 989 1184
1184 989 1490
989 1184 1490
1369 653 1463
653 1369 1463
1463 653 1369
280 600 806
806 280 600
600 280 806
1495 615 967
615 967 1495
967 615 1495
538 276 1446
1446 276 538
276 538 1446
175 357 453
453 175 357
357 175 453
630 27 133
27 133 630
133 27 630
659 136 747
136 659 747
747 136 659
235 527 786
786 235 527
527 235 786
1175 1207 1480
1207 1175 1480
1480 1175 1207
1131 1153 1488
1488 1131 1153
1153 1131 1488
1058 142 259
142 259 1058
259 142 1058
238 1021 1185
1185 238 1021
1021 238 1185
711 288 817
288 711 817
817 288 711
463 135 1350
1350 135 463
135 463 1350
756 251 1075
251 756 1075
1075 251 756
373 444 513
513 373 444
444 373 513
891 219 582
219 582 891
582 219 891
898 192 1381
192 898 1381
1381 192 898
1372 86 511
511 86 1372
86 511 1372
1031 94 603
603 94 1031
94 603 1031
1399 1087 1341
1087 1341 1399
1341 1087 1399
1028 712 870
712 870 1028
870 712 1028
212 395 866
866 212 395
395 212 866
1436 818 1429
818 1429 1436
1429 818 1436
872 1027 1061
1027 872 1061
1061 872 1027
574 879 1280
1280 574 879
879 574 1280
1431 190 551
190 551 1431
551 190 1431
110 232 510
510 110 232
232 110 510
67 487 999
487 67 999
999 67 487
379 38 1400
1400 38 379
38 379 1400
541 502 619
619 502 541
502 541 619
1398 1085 1342
1342 1085 1398
1085 1342 1398
355 123 564
564 123 355
123 355 564
657 1109 1322
1109 657 1322
1322 657 1109
406 553 1007
553 406 1007
1007 406 553
1011 519 1018
1018 519 1011
519 1011 1018
1079 1022 1047
1047 1022 1079
1022 1047 1079
1457 377 1456
377 1456 1457
1456 377 1457
1205 890 1217
1217 890 1205
890 1205 1217
1347 869 1405
1405 869 1347
869 1347 1405
149 689 1114
1114 149 689
689 149 1114
927 736 1396
736 927 1396
1396 736 927
337 581 1320
581 337 1320
1320 337 581
739 790 1301
790 739 1301
1301 739 790
402 78 930
930 78 402
78 402 930
1241 236 434
434 236 1241
236 434 1241
1173 41 140
41 140 1173
140 41 1173
289 638 1430
638 289 1430
1430 289 638
70 525 847
847 70 525
525 70 847
635 915 991
991 635 915
915 635 991
350 1387 1402
1387 350 1402
1402 350 1387
1226 161 528
528 161 1226
161 528 1226
1474 341 557
341 557 1474
557 341 1474
846 583 703
703 583 846
583 703 846
124 415 1172
415 124 1172
1172 124 415
1263 873 1367
1367 873 1263
873 1263 1367
833 148 354
354 148 833
148 354 833
961 454 664
454 664 961
664 454 961
1454 21 632
632 21 1454
21 632 1454
1318 299 1160
299 1160 1318
1160 299 1318
868 512 1167
512 868 1167
1167 512 868
913 369 1148
369 913 1148
1148 369 913
330 159 668
159 330 668
668 159 330
10 779 1049
779 10 1049
1049 10 779
445 429 1294
1294 429 445
429 445 1294
356 1110 1324
1324 356 1110
1110 356 1324
602 1236 1356
1356 602 1236
1236 602 1356
306 370 1273
370 306 1273
1273 306 370
650 578 908
908 578 650
578 650 908
900 865 1278
1278 865 900
865 900 1278
605 1231 1259
1259 605 1231
1231 605 1259
125 979 1154
979 125 1154
1154 125 979
1163 451 816
451 816 1163
816 451 1163
1168 307 837
307 837 1168
837 307 1168
52 220 352
220 52 352
352 52 220
301 591 922
922 301 591
591 301 922
921 1284 1300
1300 921 1284
1284 921 1300
1194 544 940
940 544 1194
544 940 1194
1234 380 1145
380 1145 1234
1145 380 1234
234 684 1120
1120 234 684
684 234 1120
662 372 1438
1438 372 662
372 662 1438
878 384 534
534 384 878
384 534 878
103 210 343
343 103 210
210 103 343
658 32 678
678 32 658
32 658 678
803 374 1465
374 803 1465
1465 374 803
378 823 1056
1056 378 823
823 378 1056
530 965 1421
965 530 1421
1421 530 965
580 50 877
50 580 877
877 50 580
609 408 917
917 408 609
408 609 917
1174 246 852
852 246 1174
246 852 1174
320 911 1491
911 320 1491
1491 320 911
443 645 1334
645 443 1334
1334 443 645
23 187 462
187 23 462
462 23 187
1499 1266 1389
1266 1389 1499
1389 1266 1499
957 268 432
432 268 957
268 432 957
1442 556 677
677 556 1442
556 677 1442
1329 475 1304
1304 475 1329
475 1304 1329
1319 181 931
931 181 1319
181 931 1319
1161 559 799
559 799 1161
799 559 1161
1360 535 691
535 691 1360
691 535 1360
515 250 316
316 250 515
250 316 515
305 518 696
696 305 518
518 305 696
303 765 937
765 303 937
937 303 765
242 203 1092
1092 203 242
203 242 1092
189 782 986
986 189 782
782 189 986
1378 216 1240
216 1240 1378
1240 216 1378
412 587 1004
587 412 1004
1004 412 587
77 130 1477
130 77 1477
1477 77 130
715 152 1292
152 715 1292
1292 152 715
688 46 1233
46 688 1233
1233 46 688
798 226 1326
1326 226 798
226 798 1326
478 631 1073
1073 478 631
631 478 1073
1264 1370 1407
1407 1264 1370
1370 1264 1407
480 1045 1295
1295 480 1045
1045 480 1295
121 1385 1455
1385 121 1455
1455 121 1385
1325 721 1063
1063 721 1325
721 1063 1325
1042 627 1144
627 1042 1144
1144 627 1042
1244 113 1135
1135 113 1244
113 1135 1244
1403 193 683
683 193 1403
193 683 1403
974 277 539
539 277 974
277 539 974
919 1196 1353
1196 919 1353
1353 919 1196
507 1186 1224
1224 507 1186
1186 507 1224
982 428 474
428 474 982
474 428 982
738 345 673
345 673 738
673 345 738
796 252 1391
1391 252 796
252 796 1391
905 39 73
39 73 905
73 39 905
969 281 523
523 281 969
281 523 969
1472 55 214
214 55 1472
55 214 1472
420 1003 1179
1179 420 1003
1003 420 1179
1268 771 1406
771 1268 1406
1406 771 1268
473 14 1228
1228 14 473
14 473 1228
944 229 760
229 760 944
760 229 944
285 618 864
618 285 864
864 285 618
26 308 883
883 26 308
308 26 883
894 296 758
758 296 894
296 758 894
729 1083 1379
1083 729 1379
1379 729 1083
731 145 700
145 700 731
700 145 731
984 202 625
202 625 984
625 202 984
537 109 425
425 109 537
109 425 537
44 825 1082
825 44 1082
1082 44 825
274 948 1459
948 274 1459
1459 274 948
1358 323 572
323 572 1358
572 323 1358
264 1363 1416
1363 264 1416
1416 264 1363
743 815 886
886 743 815
815 743 886
1270 1099 1395
1099 1270 1395
1395 1099 1270
68 724 759
759 68 724
724 68 759
91 247 985
247 91 985
985 91 247
317 1020 1166
1166 317 1020
1020 317 1166
495 7 1486
7 495 1486
1486 7 495
362 449 1296
1296 362 449
449 362 1296
761 830 1498
830 761 1498
1498 761 830
1460 1069 1417
1069 1417 1460
1417 1069 1460
361 828 1140
828 361 1140
1140 361 828
1473 261 1060
261 1060 1473
1060 261 1473
211 1006 1107
1006 211 1107
1107 211 1006
431 776 1170
776 431 1170
1170 431 776
821 185 358
185 358 821
358 185 821
708 1097 1243
1243 708 1097
1097 708 1243
1493 368 1146
368 1146 1493
1146 368 1493
1098 497 1258
1258 497 1098
497 1098 1258
279 1252 1468
1468 279 1252
1252 279 1468
501 198 1094
198 501 1094
1094 198 501
1074 784 1162
1162 784 1074
784 1074 1162
128 96 995
96 128 995
995 96 128
791 258 524
524 258 791
258 524 791
1218 165 697
165 697 1218
697 165 1218
156 565 1333
565 156 1333
1333 156 565
284 58 225
225 58 284
58 225 284
1310 56 1105
1105 56 1310
56 1105 1310
1251 115 1002
115 1002 1251
1002 115 1251
1411 686 1188
1188 686 1411
686 1188 1411
876 1052 1444
1444 876 1052
1052 876 1444
1191 978 1238
1238 978 1191
978 1191 1238
1482 321 936
321 936 1482
936 321 1482
93 1198 1303
1303 93 1198
1198 93 1303
975 810 862
810 862 975
862 810 975
971 745 1345
745 971 1345
1345 745 971
104 48 1262
1262 48 104
48 104 1262
1034 353 960
960 353 1034
353 960 1034
1267 1070 1339
1070 1267 1339
1339 1070 1267
526 705 1478
1478 526 705
705 526 1478
448 590 1121
590 448 1121
1121 448 590
710 132 1138
1138 132 710
132 710 1138
293 702 751
751 293 702
702 293 751
87 656 889
656 87 889
889 87 656
1128 315 324
315 324 1128
324 315 1128
401 112 195
112 195 401
195 112 401
772 464 1227
464 772 1227
1227 464 772
924 589 1487
1487 589 924
589 924 1487
1091 521 1312
1312 521 1091
521 1091 1312
1062 492 641
641 492 1062
492 641 1062
97 490 1277
1277 97 490
490 97 1277
472 644 1088
644 472 1088
1088 472 644
750 628 993
628 750 993
993 628 750
1291 227 1134
227 1134 1291
1134 227 1291
604 95 1122
95 604 1122
1122 95 604
1015 563 737
563 737 1015
737 563 1015
1072 385 488
385 488 1072
488 385 1072
647 388 509
509 388 647
388 509 647
79 57 832
57 79 832
832 57 79
1164 1232 1390
1232 1164 1390
1390 1164 1232
762 65 693
65 693 762
693 65 762
1025 571 1254
571 1025 1254
1254 571 1025
1361 1077 1412
1412 1077 1361
1077 1361 1412
34 111 1248
111 34 1248
1248 34 111
1420 483 976
976 483 1420
483 976 1420
901 812 1316
1316 812 901
812 901 1316
155 134 283
283 134 155
134 155 283
459 347 634
347 459 634
634 347 459
1066 271 286
271 286 1066
286 271 1066
365 744 997
744 365 997
997 365 744
129 1101 1337
1101 129 1337
1337 129 1101
973 167 1104
167 973 1104
1104 167 973
486 757 801
757 486 801
801 486 757
928 215 1118
1118 215 928
215 928 1118
312 849 1352
849 312 1352
1352 312 849
912 154 947
947 154 912
154 912 947
1197 667 793
667 793 1197
793 667 1197
1152 687 831
687 831 1152
831 687 1152
943 197 466
197 466 943
466 197 943
1113 504 844
844 504 1113
504 844 1113
1265 72 461
461 72 1265
72 461 1265
157 860 1033
1033 157 860
860 157 1033
116 393 1182
393 116 1182
1182 116 393
819 955 1260
955 819 1260
1260 819 955
576 164 595
164 576 595
595 164 576
648 147 496
147 496 648
496 147 648
36 40 291
291 36 40
40 36 291
835 19 956
19 835 956
956 19 835
562 199 1452
1452 199 562
199 562 1452
114 1117 1257
1117 114 1257
1257 114 1117
820 404 1181
404 820 1181
1181 404 820
144 447 491
491 144 447
447 144 491
1250 766 1483
1483 766 1250
766 1250 1483
426 1142 1466
1142 426 1466
1466 426 1142
422 613 996
613 422 996
996 422 613
814 327 1309
327 814 1309
1309 327 814
531 176 640
640 176 531
176 531 640
43 730 1030
730 43 1030
1030 43 730
1000 742 952
742 952 1000
952 742 1000
1016 579 897
579 897 1016
897 579 1016
1302 1043 1050
1050 1043 1302
1043 1050 1302
275 716 1401
1401 275 716
716 275 1401
329 1035 1308
1308 329 1035
1035 329 1308
119 586 977
586 119 977
977 119 586
338 681 722
722 338 681
681 338 722
1053 106 1125
1125 106 1053
106 1053 1125
699 33 336
336 33 699
33 336 699
51 314 1112
314 51 1112
1112 51 314
438 608 1048
608 438 1048
1048 438 608
196 389 843
389 196 843
843 196 389
755 520 663
663 520 755
520 663 755
441 168 1351
168 441 1351
1351 168 441
61 1315 1476
1476 61 1315
1315 61 1476
1005 421 1242
1242 421 1005
421 1005 1242
241 805 1376
1376 241 805
805 241 1376
63 723 1365
1365 63 723
723 63 1365
935 98 622
622 98 935
98 622 935
733 981 1124
1124 733 981
981 733 1124
465 933 1089
933 465 1089
1089 465 933
1437 1222 1355
1222 1355 1437
1355 1222 1437
224 217 427
427 217 224
217 224 427
1080 707 1024
1024 707 1080
707 1024 1080
430 770 795
795 430 770
770 430 795
857 153 964
964 153 857
153 857 964
1017 298 1155
298 1017 1155
1155 298 1017
173 263 532
532 173 263
263 173 532
685 256 885
885 256 685
256 685 885
239 457 1029
457 239 1029
1029 239 457
1448 781 1150
1150 781 1448
781 1150 1448
468 476 651
651 468 476
476 468 651
858 332 440
440 332 858
332 440 858
1414 310 904
904 310 1414
310 904 1414
290 4 599
4 290 599
599 4 290
1470 122 1281
122 1281 1470
1281 122 1470
399 623 1084
1084 399 623
623 399 1084
859 414 485
485 414 859
414 485 859
1171 725 1149
1149 725 1171
725 1149 1171
1494 339 674
339 674 1494
674 339 1494
561 735 752
752 561 735
735 561 752
575 297 1001
297 575 1001
1001 297 575
1106 84 411
411 84 1106
84 411 1106
1093 842 1237
1237 842 1093
842 1093 1237
732 424 1500
1500 424 732
424 732 1500
31 1129 1139
1139 31 1129
1129 31 1139
1404 85 499
499 85 1404
85 499 1404
1413 1289 1330
1289 1330 1413
1330 1289 1413
633 99 1408
1408 99 633
99 633 1408
433 892 1394
1394 433 892
892 433 1394
998 746 1373
746 998 1373
1373 746 998
1458 223 371
223 371 1458
371 223 1458
269 1283 1386
1283 269 1386
1386 269 1283
767 906 1219
1219 767 906
906 767 1219
1332 88 655
655 88 1332
88 655 1332
410 407 1293
1293 407 410
407 410 1293
1235 222 848
222 848 1235
848 222 1235
636 69 601
601 69 636
69 601 636
194 701 1204
701 194 1204
1204 194 701
1189 435 754
435 754 1189
754 435 1189
1014 1039 1340
1340 1014 1039
1039 1014 1340
331 254 340
340 254 331
254 331 340
734 467 680
467 680 734
680 467 734
403 105 1081
1081 105 403
105 403 1081
661 918 1103
918 661 1103
1103 661 918
396 131 1287
131 396 1287
1287 131 396
606 1388 1489
1388 606 1489
1489 606 1388
970 9 1221
9 970 1221
1221 9 970
366 626 946
626 366 946
946 366 626
20 560 1307
1307 20 560
560 20 1307
417 127 920
920 127 417
127 417 920
11 720 764
764 11 720
720 11 764
1012 629 945
945 629 1012
629 945 1012
1449 344 881
881 344 1449
344 881 1449
1046 267 1276
1276 267 1046
267 1046 1276
554 439 774
439 554 774
774 439 554
1132 794 1090
794 1090 1132
1090 794 1132
880 584 856
584 856 880
856 584 880
1415 903 988
903 988 1415
988 903 1415
695 469 802
802 469 695
469 695 802
22 593 863
863 22 593
593 22 863
788 1010 1256
1010 788 1256
1256 788 1010
1384 479 1201
479 1201 1384
1201 479 1384
400 282 1078
282 400 1078
1078 282 400
826 958 1059
958 826 1059
1059 826 958
1246 82 1178
82 1178 1246
1178 82 1246
1123 319 351
351 319 1123
319 351 1123
568 470 1298
470 568 1298
1298 470 568
522 850 1068
850 522 1068
1068 522 850
138 1019 1206
1206 138 1019
1019 138 1206
588 714 1471
1471 588 714
714 588 1471
1051 13 233
13 233 1051
233 13 1051
1380 437 1127
1127 437 1380
437 1127 1380
188 253 811
811 188 253
253 188 811
1317 780 980
980 780 1317
780 980 1317
1481 201 778
201 778 1481
778 201 1481
240 12 1285
12 240 1285
1285 12 240
174 416 963
963 174 416
416 174 963
1211 570 1255
570 1211 1255
1255 570 1211
382 423 916
423 382 916
916 382 423
546 555 660
660 546 555
555 546 660
607 1393 1467
1393 607 1467
1467 607 1393
262 364 646
364 262 646
646 262 364
896 143 387
387 143 896
143 387 896
1327 334 1331
1331 334 1327
334 1327 1331
375 207 643
643 207 375
207 375 643
1032 160 639
160 639 1032
639 160 1032
481 295 1313
295 481 1313
1313 295 481
390 170 1151
1151 170 390
170 390 1151
789 783 1065
1065 783 789
783 789 1065
596 493 1183
1183 493 596
493 596 1183
840 529 987
529 840 987
987 529 840
