84132 39981 55501
39981 55501 84132
55501 39981 84132
27619 5681 61292
5681 27619 61292
61292 5681 27619
62290 141002 147884
147884 62290 141002
141002 62290 147884
14644 82944 113370
82944 14644 113370
113370 14644 82944
91051 59284 93919
59284 91051 93919
93919 59284 91051
88526 9504 126907
9504 88526 126907
126907 9504 88526
123747 160 67853
67853 160 123747
160 67853 123747
86912 86711 95806
95806 86711 86912
86711 86912 95806
102645 125681 126508
125681 102645 126508
126508 102645 125681
52756 58912 144160
58912 52756 144160
144160 52756 58912
104850 7045 53341
7045 53341 104850
53341 7045 104850
78810 16378 29136
16378 29136 78810
29136 16378 78810
128768 34899 72816
34899 72816 128768
72816 34899 128768
101390 61182 83784
83784 61182 101390
61182 83784 101390
146165 3334 25431
25431 3334 146165
3334 25431 146165
90134 41980 62553
41980 62553 90134
62553 41980 90134
80224 16338 141822
16338 80224 141822
141822 16338 80224
53954 6707 106358
6707 53954 106358
106358 6707 53954
89130 47798 113766
113766 47798 89130
47798 89130 113766
142119 58693 67586
67586 58693 142119
58693 67586 142119
105757 5384 138214
5384 105757 138214
138214 5384 105757
20507 134002 145615
134002 20507 145615
145615 20507 134002
104363 102041 125076
125076 102041 104363
102041 104363 125076
14799 41675 149232
149232 14799 41675
41675 14799 149232
75302 56405 103069
103069 56405 75302
56405 75302 103069
117186 27668 91797
27668 91797 117186
91797 27668 117186
78108 36812 145909
36812 78108 145909
145909 36812 78108
65458 24618 58250
24618 58250 65458
58250 24618 65458
117766 95871 105064
105064 95871 117766
95871 105064 117766
118464 105220 143359
105220 118464 143359
143359 105220 118464
92505 5125 19124
5125 19124 92505
19124 5125 92505
109410 8834 11765
11765 8834 109410
8834 11765 109410
107861 39662 149805
149805 39662 107861
39662 107861 149805
91855 6091 24977
6091 24977 91855
24977 6091 91855
28165 45803 120135
120135 28165 45803
45803 28165 120135
67446 19562 42187
19562 42187 67446
42187 19562 67446
24711 64549 95963
64549 24711 95963
95963 24711 64549
69351 42068 80399
42068 69351 80399
80399 42068 69351
108033 26213 63577
26213 63577 108033
63577 26213 108033
14494 27813 114715
27813 14494 114715
114715 14494 27813
116985 107394 142810
142810 107394 116985
107394 116985 142810
78107 35890 100486
100486 35890 78107
35890 78107 100486
57288 57659 129396
57659 57288 129396
129396 57288 57659
41250 41172 58065
41172 41250 58065
58065 41172 41250
96668 41562 74727
74727 41562 96668
41562 74727 96668
137052 11891 84413
84413 11891 137052
11891 84413 137052
144078 44908 75876
75876 44908 144078
44908 75876 144078
126577 7728 58391
7728 58391 126577
58391 7728 126577
31210 35018 71958
35018 31210 71958
71958 31210 35018
18037 82359 89570
89570 18037 82359
82359 18037 89570
131725 70638 149082
149082 70638 131725
70638 131725 149082
90956 35581 69897
35581 69897 90956
69897 35581 90956
75173 76527 95048
95048 75173 76527
76527 75173 95048
68329 18298 72236
18298 68329 72236
72236 18298 68329
100859 26911 28264
26911 28264 100859
28264 26911 100859
33262 61977 148332
148332 33262 61977
61977 33262 148332
107590 11677 137847
11677 107590 137847
137847 11677 107590
79324 93711 137564
93711 79324 137564
137564 79324 93711
123149 28473 120609
28473 120609 123149
120609 28473 123149
80096 39205 130938
39205 80096 130938
130938 39205 80096
107891 4550 67621
67621 4550 107891
4550 67621 107891
98141 30372 67138
30372 67138 98141
67138 30372 98141
75525 17111 109340
109340 17111 75525
17111 75525 109340
101586 83199 86337
86337 83199 101586
83199 86337 101586
135116 11244 11906
11906 11244 135116
11244 11906 135116
11710 82802 105424
105424 11710 82802
82802 11710 105424
2548 19258 116541
19258 2548 116541
116541 2548 19258
117333 59251 83232
83232 59251 117333
59251 83232 117333
42529 63304 92604
63304 42529 92604
92604 42529 63304
145679 61148 94945
61148 94945 145679
94945 61148 145679
21672 31528 94809
31528 21672 94809
94809 21672 31528
122793 55545 135786
135786 55545 122793
55545 122793 135786
16191 318 111644
111644 318 16191
318 16191 111644
79621 10053 75261
10053 75261 79621
75261 10053 79621
145942 30017 144579
30017 144579 145942
144579 30017 145942
61558 94742 149614
94742 61558 149614
149614 61558 94742
96139 76929 100894
76929 96139 100894
100894 76929 96139
136038 25285 115628
115628 25285 136038
25285 115628 136038
61801 20632 128093
128093 20632 61801
20632 61801 128093
138927 148131 148573
148131 138927 148573
148573 138927 148131
127837 17099 45330
17099 45330 127837
45330 17099 127837
105902 119658 123735
123735 105902 119658
119658 105902 123735
12443 74181 119637
74181 12443 119637
119637 12443 74181
41841 37419 118228
37419 41841 118228
118228 37419 41841
97202 39206 107388
39206 97202 107388
107388 39206 97202
4410 32217 126719
32217 4410 126719
126719 4410 32217
86957 40256 135542
40256 86957 135542
135542 40256 86957
54412 40930 44668
44668 40930 54412
40930 44668 54412
141652 16693 29930
16693 29930 141652
29930 16693 141652
123719 65341 76669
76669 65341 123719
65341 76669 123719
6731 28623 35008
35008 6731 28623
28623 6731 35008
52718 34125 101963
34125 52718 101963
101963 34125 52718
105284 16611 49438
49438 16611 105284
16611 49438 105284
70985 81428 114820
81428 70985 114820
114820 70985 81428
142531 30997 101573
101573 30997 142531
30997 101573 142531
87448 80374 118951
80374 87448 118951
118951 80374 87448
127399 8724 35284
35284 8724 127399
8724 35284 127399
1407 59669 99018
59669 1407 99018
99018 1407 59669
133510 54189 60499
54189 60499 133510
60499 54189 133510
103846 45104 82710
45104 82710 103846
82710 45104 103846
60201 105236 115247
105236 60201 115247
115247 60201 105236
122802 75315 147101
147101 75315 122802
75315 122802 147101
149081 10580 19638
10580 19638 149081
19638 10580 149081
112632 120346 133070
133070 112632 120346
120346 112632 133070
131764 80304 143504
143504 80304 131764
80304 131764 143504
45832 2375 46228
2375 45832 46228
46228 2375 45832
102598 67843 80138
67843 80138 102598
80138 67843 102598
57560 69571 105650
105650 57560 69571
69571 57560 105650
65446 38114 56527
38114 56527 65446
56527 38114 65446
23841 5146 104686
5146 23841 104686
104686 5146 23841
148447 72911 108568
72911 108568 148447
108568 72911 148447
138894 76610 76681
76681 76610 138894
76610 76681 138894
61336 17550 107937
17550 61336 107937
107937 17550 61336
148551 7686 84157
84157 7686 148551
7686 84157 148551
51999 114161 144361
114161 51999 144361
144361 51999 114161
128747 81515 94657
81515 94657 128747
94657 81515 128747
139783 28549 30350
30350 28549 139783
28549 30350 139783
91428 14962 27347
14962 27347 91428
27347 14962 91428
145104 9399 78282
78282 9399 145104
9399 78282 145104
98442 38406 112535
38406 98442 112535
112535 38406 98442
28856 88126 117134
117134 28856 88126
88126 28856 117134
104267 77734 95077
95077 77734 104267
77734 95077 104267
128564 35158 128765
35158 128564 128765
128765 35158 128564
142386 76011 149377
76011 142386 149377
149377 76011 142386
21807 88367 98937
88367 21807 98937
98937 21807 88367
33900 106198 127891
106198 33900 127891
127891 33900 106198
136151 79034 91564
79034 91564 136151
91564 79034 136151
35413 75521 100446
100446 35413 75521
75521 35413 100446
36649 70005 110314
70005 36649 110314
110314 36649 70005
66300 12818 126489
126489 12818 66300
12818 66300 126489
55848 2727 84836
84836 2727 55848
2727 55848 84836
33049 74421 85512
74421 33049 85512
85512 33049 74421
6550 112191 146466
146466 6550 112191
112191 6550 146466
44260 109940 148708
109940 44260 148708
148708 44260 109940
69569 67772 104747
104747 67772 69569
67772 69569 104747
91853 50445 74296
74296 50445 91853
50445 74296 91853
77548 10784 12410
12410 10784 77548
10784 12410 77548
126105 67227 71913
71913 67227 126105
67227 71913 126105
114445 79304 116258
116258 79304 114445
79304 114445 116258
60728 14719 101595
14719 60728 101595
101595 14719 60728
107872 76099 141505
141505 76099 107872
76099 107872 141505
36343 98257 101456
101456 36343 98257
98257 36343 101456
129927 46788 82859
46788 82859 129927
82859 46788 129927
147813 93350 94225
94225 93350 147813
93350 94225 147813
28197 66373 97148
66373 28197 97148
97148 28197 66373
149802 108233 117244
108233 117244 149802
117244 108233 149802
97644 14595 75628
75628 14595 97644
14595 75628 97644
187 61870 71577
61870 187 71577
71577 187 61870
138215 218 124801
218 124801 138215
124801 218 138215
51189 60807 85077
60807 51189 85077
85077 51189 60807
283 16550 91063
91063 283 16550
16550 283 91063
13787 129728 132436
129728 13787 132436
132436 13787 129728
45922 23505 28403
23505 28403 45922
28403 23505 45922
87104 26319 102658
26319 87104 102658
102658 26319 87104
38037 69499 141601
69499 38037 141601
141601 38037 69499
28042 49357 140882
49357 28042 140882
140882 28042 49357
31529 24317 106469
24317 31529 106469
106469 24317 31529
137175 1066 88421
88421 1066 137175
1066 88421 137175
32542 74325 111416
111416 32542 74325
74325 32542 111416
99162 59131 92969
92969 59131 99162
59131 92969 99162
105574 72239 134259
72239 105574 134259
134259 72239 105574
67265 54576 149465
54576 67265 149465
149465 54576 67265
9429 127193 130825
130825 9429 127193
127193 9429 130825
120608 72256 149891
149891 72256 120608
72256 120608 149891
51897 35052 68384
35052 51897 68384
68384 35052 51897
141234 5817 67899
67899 5817 141234
5817 67899 141234
72081 80794 130342
80794 72081 130342
130342 72081 80794
127860 17430 138230
17430 127860 138230
138230 17430 127860
20112 13984 86155
86155 13984 20112
13984 20112 86155
134361 19932 111032
19932 111032 134361
111032 19932 134361
73169 95809 126751
95809 73169 126751
126751 73169 95809
83742 89034 110594
110594 83742 89034
89034 83742 110594
91717 46724 66386
66386 46724 91717
46724 66386 91717
36673 47262 143163
143163 36673 47262
47262 36673 143163
99090 96572 149735
96572 99090 149735
149735 96572 99090
82934 17601 24626
24626 17601 82934
17601 24626 82934
77032 46353 53098
53098 46353 77032
46353 53098 77032
7799 27116 57827
27116 7799 57827
57827 7799 27116
119805 52992 123166
52992 119805 123166
123166 52992 119805
50669 112419 116249
116249 50669 112419
112419 50669 116249
55520 84720 99492
84720 55520 99492
99492 55520 84720
76207 45237 82346
82346 45237 76207
45237 76207 82346
107320 23849 133411
23849 107320 133411
133411 23849 107320
11561 45153 114618
45153 11561 114618
114618 11561 45153
6057 58751 96078
96078 6057 58751
58751 6057 96078
147020 18734 95085
18734 95085 147020
95085 18734 147020
110485 64444 86608
86608 64444 110485
64444 86608 110485
120329 21014 31649
21014 31649 120329
31649 21014 120329
97397 80538 136980
80538 97397 136980
136980 80538 97397
20210 105715 147766
105715 20210 147766
147766 20210 105715
50760 44441 147241
147241 44441 50760
44441 50760 147241
9969 112953 131342
131342 9969 112953
112953 9969 131342
27722 43836 139262
43836 27722 139262
139262 27722 43836
120053 44746 148713
148713 44746 120053
44746 120053 148713
42776 32892 38874
32892 38874 42776
38874 32892 42776
83322 49866 97547
49866 83322 97547
97547 49866 83322
71847 10358 94380
94380 10358 71847
10358 71847 94380
55411 43947 132528
132528 43947 55411
43947 55411 132528
115918 63543 148465
63543 115918 148465
148465 63543 115918
45877 119619 149779
119619 45877 149779
149779 45877 119619
113987 77514 82203
77514 82203 113987
82203 77514 113987
44092 35421 95511
95511 35421 44092
35421 44092 95511
58123 14515 26663
26663 14515 58123
14515 26663 58123
149733 97899 118444
118444 97899 149733
97899 118444 149733
99015 63339 66019
63339 66019 99015
66019 63339 99015
86367 70750 107124
70750 86367 107124
107124 70750 86367
116954 70749 95216
95216 70749 116954
70749 95216 116954
124291 90043 116149
116149 90043 124291
90043 116149 124291
54295 74359 96881
96881 54295 74359
74359 54295 96881
23633 59783 112872
59783 23633 112872
112872 23633 59783
42391 22627 125583
22627 42391 125583
125583 22627 42391
44893 65653 126399
126399 44893 65653
65653 44893 126399
24186 77418 81301
81301 24186 77418
77418 24186 81301
11110 10920 43584
10920 11110 43584
43584 10920 11110
137783 33297 69004
69004 33297 137783
33297 69004 137783
90016 56314 149918
56314 90016 149918
149918 56314 90016
120110 20293 126966
126966 20293 120110
20293 120110 126966
53758 77209 111328
111328 53758 77209
77209 53758 111328
59380 83811 120161
83811 59380 120161
120161 59380 83811
146855 11078 77801
11078 77801 146855
77801 11078 146855
39562 12168 47011
12168 39562 47011
47011 12168 39562
42768 23832 30753
23832 30753 42768
30753 23832 42768
58285 40796 107245
107245 40796 58285
40796 58285 107245
29036 36267 149335
149335 29036 36267
36267 29036 149335
91456 58066 91812
91812 58066 91456
58066 91456 91812
56871 35098 147632
147632 35098 56871
35098 56871 147632
112248 36068 47456
36068 47456 112248
47456 36068 112248
142244 118795 123643
118795 123643 142244
123643 118795 142244
3424 7338 126997
7338 3424 126997
126997 3424 7338
43201 61210 119897
119897 43201 61210
61210 43201 119897
60652 70891 142424
70891 60652 142424
142424 60652 70891
92025 19222 33315
19222 33315 92025
33315 19222 92025
108262 50705 139641
50705 108262 139641
139641 50705 108262
22897 63286 129547
129547 22897 63286
63286 22897 129547
109252 55387 102571
102571 55387 109252
55387 102571 109252
144117 112574 141675
141675 112574 144117
112574 141675 144117
56309 37076 123790
37076 56309 123790
123790 37076 56309
12011 55485 99349
55485 12011 99349
99349 12011 55485
43711 118320 144466
144466 43711 118320
118320 43711 144466
18554 19790 149129
19790 18554 149129
149129 18554 19790
98032 27000 89929
27000 89929 98032
89929 27000 98032
136462 38616 81051
38616 81051 136462
81051 38616 136462
11798 6552 40736
6552 11798 40736
40736 6552 11798
125423 45825 76651
45825 76651 125423
76651 45825 125423
9682 29605 133123
133123 9682 29605
29605 9682 133123
117153 937 27914
937 27914 117153
27914 937 117153
138615 109994 133416
133416 109994 138615
109994 133416 138615
122519 101192 135673
101192 122519 135673
135673 101192 122519
18369 45018 138799
45018 18369 138799
138799 18369 45018
103565 11797 94289
94289 11797 103565
11797 94289 103565
70689 7623 61297
7623 61297 70689
61297 7623 70689
61056 27485 94954
27485 61056 94954
94954 27485 61056
109161 50717 108674
50717 108674 109161
108674 50717 109161
140936 51676 116447
51676 116447 140936
116447 51676 140936
1001 100479 107798
107798 1001 100479
100479 1001 107798
34355 28171 124084
124084 28171 34355
28171 34355 124084
125199 22336 27501
22336 27501 125199
27501 22336 125199
86986 12757 129084
129084 12757 86986
12757 86986 129084
36695 62595 103140
62595 36695 103140
103140 36695 62595
99973 69335 99168
99168 69335 99973
69335 99168 99973
112376 51565 148864
148864 51565 112376
51565 112376 148864
67334 30283 44127
44127 30283 67334
30283 44127 67334
78605 62234 67050
67050 62234 78605
62234 67050 78605
114753 13857 35166
35166 13857 114753
13857 35166 114753
129295 72175 84353
72175 84353 129295
84353 72175 129295
15644 12209 132305
12209 15644 132305
132305 12209 15644
146036 48717 138036
138036 48717 146036
48717 138036 146036
29517 34239 125692
125692 29517 34239
34239 29517 125692
100944 33230 140896
33230 100944 140896
140896 33230 100944
75850 1273 89261
89261 1273 75850
1273 75850 89261
78135 106795 126599
106795 78135 126599
126599 78135 106795
136364 24013 95469
24013 95469 136364
95469 24013 136364
8155 90799 93027
93027 8155 90799
90799 8155 93027
61200 14742 42212
14742 42212 61200
42212 14742 61200
164 73506 141426
141426 164 73506
73506 164 141426
112091 90938 113656
113656 90938 112091
90938 112091 113656
143909 9920 149287
149287 9920 143909
9920 143909 149287
137511 37709 90451
37709 90451 137511
90451 37709 137511
146676 42200 52112
52112 42200 146676
42200 52112 146676
148422 49603 50592
49603 50592 148422
50592 49603 148422
115960 126275 141609
141609 115960 126275
126275 115960 141609
69396 26440 91603
26440 69396 91603
91603 26440 69396
116346 116815 138719
138719 116346 116815
116815 116346 138719
134636 25058 90241
25058 90241 134636
90241 25058 134636
93225 86135 101422
101422 86135 93225
86135 93225 101422
47744 43930 126761
126761 43930 47744
43930 47744 126761
38623 113341 128063
113341 38623 128063
128063 38623 113341
141615 47480 116493
116493 47480 141615
47480 116493 141615
99431 30311 64872
30311 64872 99431
64872 30311 99431
30734 30363 61972
61972 30363 30734
30363 30734 61972
29317 25155 93323
25155 29317 93323
93323 25155 29317
98077 34835 87722
34835 87722 98077
87722 34835 98077
100023 30121 123481
30121 100023 123481
123481 30121 100023
33993 5325 7363
5325 7363 33993
7363 5325 33993
115329 25019 147232
25019 115329 147232
147232 25019 115329
118567 29664 42032
29664 42032 118567
42032 29664 118567
51561 84023 105985
105985 51561 84023
84023 51561 105985
117104 57783 142701
57783 117104 142701
142701 57783 117104
44946 133253 137891
137891 44946 133253
133253 44946 137891
38966 18940 51976
18940 38966 51976
51976 18940 38966
148044 117464 121529
117464 121529 148044
121529 117464 148044
43429 50737 100753
100753 43429 50737
50737 43429 100753
108207 55276 122612
122612 55276 108207
55276 108207 122612
23995 635 32483
635 23995 32483
32483 635 23995
112300 100216 119096
119096 100216 112300
100216 112300 119096
60756 11810 146856
11810 60756 146856
146856 11810 60756
85849 108313 129716
129716 85849 108313
108313 85849 129716
141327 76499 139659
76499 139659 141327
139659 76499 141327
118868 56080 94946
56080 94946 118868
94946 56080 118868
44027 41255 57284
41255 44027 57284
57284 41255 44027
118637 123551 142855
142855 118637 123551
123551 118637 142855
113076 77273 119942
77273 113076 119942
119942 77273 113076
99280 97914 110309
110309 97914 99280
97914 99280 110309
34604 76573 132577
76573 34604 132577
132577 34604 76573
82630 42620 48121
42620 48121 82630
48121 42620 82630
61821 41522 42499
42499 41522 61821
41522 42499 61821
133967 501 9999
9999 501 133967
501 9999 133967
142866 130422 148007
130422 142866 148007
148007 130422 142866
92535 3129 135560
3129 92535 135560
135560 3129 92535
101469 130304 145613
130304 101469 145613
145613 101469 130304
21414 75790 102059
102059 21414 75790
75790 21414 102059
138592 13200 148027
148027 13200 138592
13200 138592 148027
19088 79857 89968
79857 19088 89968
89968 19088 79857
104610 25505 86108
86108 25505 104610
25505 86108 104610
73073 136759 146261
136759 73073 146261
146261 73073 136759
93349 19646 79382
19646 79382 93349
79382 19646 93349
43530 51567 91214
91214 43530 51567
51567 43530 91214
109855 103840 112883
103840 109855 112883
112883 103840 109855
57570 63262 114749
114749 57570 63262
63262 57570 114749
139325 16010 136276
136276 16010 139325
16010 136276 139325
48962 14852 25975
25975 14852 48962
14852 25975 48962
69066 25858 119222
25858 69066 119222
119222 25858 69066
40496 5233 126173
126173 5233 40496
5233 40496 126173
59523 18358 115539
18358 59523 115539
115539 18358 59523
3332 52605 118287
52605 3332 118287
118287 3332 52605
33433 11716 69672
11716 33433 69672
69672 11716 33433
73571 27947 99221
99221 27947 73571
27947 73571 99221
35874 131238 136287
131238 35874 136287
136287 35874 131238
131513 54969 141534
141534 54969 131513
54969 131513 141534
119846 6413 114735
114735 6413 119846
6413 114735 119846
40932 96126 147265
147265 40932 96126
96126 40932 147265
118225 5562 78928
5562 78928 118225
78928 5562 118225
19816 51325 73287
73287 19816 51325
51325 19816 73287
35771 52641 105921
105921 35771 52641
52641 35771 105921
55983 51613 66924
66924 51613 55983
51613 55983 66924
34391 94393 139629
94393 34391 139629
139629 34391 94393
138739 45457 143517
143517 45457 138739
45457 138739 143517
30668 102567 136942
136942 30668 102567
102567 30668 136942
79571 9876 71103
71103 9876 79571
9876 71103 79571
41994 35028 145599
145599 35028 41994
35028 41994 145599
58300 7359 75082
7359 58300 75082
75082 7359 58300
19284 100136 113555
113555 19284 100136
100136 19284 113555
129110 110265 120723
120723 110265 129110
110265 120723 129110
23697 34523 86831
86831 23697 34523
34523 23697 86831
148892 50888 102873
50888 102873 148892
102873 50888 148892
104520 93128 146145
146145 93128 104520
93128 104520 146145
122130 50674 78461
50674 78461 122130
78461 50674 122130
143066 5602 8263
5602 8263 143066
8263 5602 143066
76716 17759 83984
83984 17759 76716
17759 76716 83984
8851 9415 57771
9415 8851 57771
57771 8851 9415
99778 91673 96664
96664 91673 99778
91673 96664 99778
79069 5090 9815
9815 5090 79069
5090 9815 79069
35476 85513 136117
85513 35476 136117
136117 35476 85513
26993 8749 118786
118786 8749 26993
8749 26993 118786
48913 79898 115366
79898 48913 115366
115366 48913 79898
20317 6448 138938
138938 6448 20317
6448 20317 138938
95272 6578 85729
85729 6578 95272
6578 85729 95272
44742 38009 88951
88951 38009 44742
38009 44742 88951
129258 102124 121532
121532 102124 129258
102124 121532 129258
116355 39720 90582
39720 90582 116355
90582 39720 116355
10558 69153 107601
69153 10558 107601
107601 10558 69153
91346 52265 94349
94349 52265 91346
52265 91346 94349
60890 66074 88870
88870 60890 66074
66074 60890 88870
111768 110974 118305
110974 111768 118305
118305 110974 111768
84406 25399 76950
25399 76950 84406
76950 25399 84406
110285 7694 77928
7694 77928 110285
77928 7694 110285
29890 50526 62963
50526 29890 62963
62963 29890 50526
62094 49719 75994
49719 62094 75994
75994 49719 62094
43087 51559 84692
51559 43087 84692
84692 43087 51559
81878 107194 134156
134156 81878 107194
107194 81878 134156
72435 112816 137565
137565 72435 112816
112816 72435 137565
140149 12150 111436
111436 12150 140149
12150 111436 140149
34925 106110 121002
121002 34925 106110
106110 34925 121002
85479 24611 53061
24611 53061 85479
53061 24611 85479
148404 3953 102474
102474 3953 148404
3953 102474 148404
8694 39475 54343
39475 8694 54343
54343 8694 39475
114126 5923 138479
138479 5923 114126
5923 114126 138479
31823 107559 109370
109370 31823 107559
107559 31823 109370
27396 10916 145985
10916 27396 145985
145985 10916 27396
25215 4227 10786
10786 4227 25215
4227 10786 25215
149768 39982 81959
39982 81959 149768
81959 39982 149768
8576 21962 58239
58239 8576 21962
21962 8576 58239
34142 27774 91947
27774 34142 91947
91947 27774 34142
126668 30294 146163
146163 30294 126668
30294 126668 146163
138771 6216 49682
6216 49682 138771
49682 6216 138771
93298 63592 129897
63592 93298 129897
129897 63592 93298
73449 11974 105347
105347 11974 73449
11974 73449 105347
105210 18073 40038
18073 40038 105210
40038 18073 105210
118975 24308 31701
24308 31701 118975
31701 24308 118975
23949 54900 86104
54900 23949 86104
86104 23949 54900
93088 66505 142294
142294 66505 93088
66505 93088 142294
86120 70692 103601
103601 70692 86120
70692 86120 103601
137025 121724 136804
121724 136804 137025
136804 121724 137025
44884 102752 107033
107033 44884 102752
102752 44884 107033
134602 58394 92495
92495 58394 134602
58394 92495 134602
145667 86902 107156
107156 86902 145667
86902 107156 145667
143718 2542 44195
44195 2542 143718
2542 44195 143718
132278 11792 109972
109972 11792 132278
11792 109972 132278
145083 25697 148407
148407 25697 145083
25697 145083 148407
137707 30835 62653
62653 30835 137707
30835 62653 137707
104227 66485 85802
85802 66485 104227
66485 85802 104227
13032 34427 130691
130691 13032 34427
34427 13032 130691
114694 51893 145632
145632 51893 114694
51893 114694 145632
143778 46692 73197
73197 46692 143778
46692 73197 143778
102250 82691 106256
106256 82691 102250
82691 102250 106256
12811 9418 68875
9418 12811 68875
68875 9418 12811
36034 34770 64896
64896 34770 36034
34770 36034 64896
56375 40531 126385
40531 56375 126385
126385 40531 56375
142431 19977 114302
19977 114302 142431
114302 19977 142431
89546 14658 117043
14658 89546 117043
117043 14658 89546
55316 96446 117359
117359 55316 96446
96446 55316 117359
63047 47870 96271
96271 47870 63047
47870 63047 96271
127280 27421 102998
102998 27421 127280
27421 102998 127280
6901 66648 123101
123101 6901 66648
66648 6901 123101
143231 105431 128067
105431 128067 143231
128067 105431 143231
57243 2216 149655
2216 57243 149655
149655 2216 57243
48063 40728 119242
40728 48063 119242
119242 40728 48063
28913 116838 148280
148280 28913 116838
116838 28913 148280
13163 118331 143556
143556 13163 118331
118331 13163 143556
36932 29503 142858
29503 36932 142858
142858 29503 36932
11274 30733 148975
148975 11274 30733
30733 11274 148975
100020 17983 124387
124387 17983 100020
17983 100020 124387
111294 28409 78530
28409 78530 111294
78530 28409 111294
90972 114825 123583
123583 90972 114825
114825 90972 123583
62142 66810 139047
66810 62142 139047
139047 62142 66810
8820 4473 79562
79562 4473 8820
4473 8820 79562
105317 69239 75910
75910 69239 105317
69239 75910 105317
105643 64022 74404
74404 64022 105643
64022 74404 105643
29757 113432 140875
113432 29757 140875
140875 29757 113432
75244 28589 96825
96825 28589 75244
28589 75244 96825
62250 40172 118210
40172 62250 118210
118210 40172 62250
49787 27761 102908
27761 49787 102908
102908 27761 49787
89495 9271 39015
39015 9271 89495
9271 39015 89495
107259 43631 149298
149298 43631 107259
43631 107259 149298
2568 15031 73053
73053 2568 15031
15031 2568 73053
97310 31146 131230
31146 97310 131230
131230 31146 97310
35839 29570 62765
29570 35839 62765
62765 29570 35839
72824 74657 84331
74657 72824 84331
84331 72824 74657
113104 13172 110241
110241 13172 113104
13172 110241 113104
94303 23616 125627
23616 94303 125627
125627 23616 94303
45364 41197 108321
108321 41197 45364
41197 45364 108321
49191 2403 69858
69858 2403 49191
2403 49191 69858
7626 40231 58562
40231 7626 58562
58562 7626 40231
119437 56925 112517
56925 112517 119437
112517 56925 119437
20502 35677 61524
35677 20502 61524
61524 20502 35677
109822 77975 80296
80296 77975 109822
77975 80296 109822
74138 32734 109544
109544 32734 74138
32734 74138 109544
30904 31381 35928
31381 30904 35928
35928 30904 31381
49826 8160 59450
8160 49826 59450
59450 8160 49826
49118 19167 38690
19167 38690 49118
38690 19167 49118
17982 33876 52406
52406 17982 33876
33876 17982 52406
123877 103182 129720
103182 123877 129720
129720 103182 123877
46269 12523 63718
12523 46269 63718
63718 12523 46269
72772 26239 99960
26239 72772 99960
99960 26239 72772
141131 5291 80767
5291 80767 141131
80767 5291 141131
75475 70856 106382
106382 70856 75475
70856 75475 106382
20510 51663 86065
51663 20510 86065
86065 20510 51663
144172 21506 63979
21506 63979 144172
63979 21506 144172
133804 6585 61468
61468 6585 133804
6585 61468 133804
43055 25836 30222
30222 25836 43055
25836 30222 43055
85548 49969 89678
49969 85548 89678
89678 49969 85548
137280 29989 94151
94151 29989 137280
29989 94151 137280
19669 11307 117163
11307 19669 117163
117163 11307 19669
66203 28785 90620
28785 66203 90620
90620 28785 66203
78914 132697 139012
139012 78914 132697
132697 78914 139012
62124 30697 67550
30697 62124 67550
67550 30697 62124
27624 99867 149122
99867 27624 149122
149122 27624 99867
104375 101988 108430
108430 101988 104375
101988 104375 108430
39668 39315 82181
39315 39668 82181
82181 39315 39668
12446 89497 132896
89497 12446 132896
132896 12446 89497
89789 14324 73404
14324 73404 89789
73404 14324 89789
60276 77613 106656
77613 60276 106656
106656 60276 77613
57391 93266 121355
93266 57391 121355
121355 57391 93266
111017 86298 95172
86298 95172 111017
95172 86298 111017
118647 14713 92358
92358 14713 118647
14713 92358 118647
139971 9623 139412
9623 139412 139971
139412 9623 139971
99807 7419 128436
7419 99807 128436
128436 7419 99807
86930 26727 95686
95686 26727 86930
26727 86930 95686
141623 3519 139602
3519 139602 141623
139602 3519 141623
60412 96797 122989
96797 60412 122989
122989 60412 96797
63992 4495 116349
4495 63992 116349
116349 4495 63992
130544 52183 84632
52183 84632 130544
84632 52183 130544
40632 11861 69777
69777 11861 40632
11861 40632 69777
31416 45445 79637
45445 31416 79637
79637 31416 45445
88159 29926 126255
29926 88159 126255
126255 29926 88159
87300 28041 113302
113302 28041 87300
28041 87300 113302
126339 29173 148666
148666 29173 126339
29173 126339 148666
28781 1076 84734
1076 28781 84734
84734 1076 28781
40045 36238 105085
36238 40045 105085
105085 36238 40045
128818 50540 65555
65555 50540 128818
50540 65555 128818
79306 35840 68798
68798 35840 79306
35840 68798 79306
108084 10387 22814
10387 22814 108084
22814 10387 108084
6281 36013 111773
111773 6281 36013
36013 6281 111773
48181 42767 93242
42767 48181 93242
93242 42767 48181
122997 85058 91369
91369 85058 122997
85058 91369 122997
84367 40795 126715
40795 84367 126715
126715 40795 84367
42602 52333 146439
146439 42602 52333
52333 42602 146439
134634 2454 4053
2454 4053 134634
4053 2454 134634
93491 58744 131387
58744 93491 131387
131387 58744 93491
139831 15561 134354
134354 15561 139831
15561 134354 139831
81755 9145 69585
9145 69585 81755
69585 9145 81755
126020 105039 142328
142328 105039 126020
105039 126020 142328
26130 8902 129262
129262 8902 26130
8902 26130 129262
144599 43985 44296
43985 44296 144599
44296 43985 144599
14179 17511 131686
131686 14179 17511
17511 14179 131686
16514 14389 15997
15997 14389 16514
14389 15997 16514
76907 89812 112493
89812 76907 112493
112493 76907 89812
126915 141035 149591
149591 126915 141035
141035 126915 149591
65778 68188 104500
104500 65778 68188
68188 65778 104500
104707 60781 148831
60781 104707 148831
148831 60781 104707
22596 11812 88539
88539 11812 22596
11812 22596 88539
71754 20359 51953
51953 20359 71754
20359 51953 71754
41781 101203 143911
101203 41781 143911
143911 41781 101203
69245 17467 112885
112885 17467 69245
17467 69245 112885
32396 52538 114732
52538 32396 114732
114732 32396 52538
122687 2140 97991
97991 2140 122687
2140 97991 122687
50912 21382 101755
21382 50912 101755
101755 21382 50912
50998 98153 130943
98153 50998 130943
130943 50998 98153
124394 31355 34765
31355 34765 124394
34765 31355 124394
57187 12860 18865
12860 18865 57187
18865 12860 57187
126691 4549 5803
4549 5803 126691
5803 4549 126691
15239 29540 126720
126720 15239 29540
29540 15239 126720
59058 17241 96666
17241 59058 96666
96666 17241 59058
88754 12307 62235
62235 12307 88754
12307 62235 88754
148873 87922 99123
99123 87922 148873
87922 99123 148873
9369 58174 126094
58174 9369 126094
126094 9369 58174
110145 32346 51536
51536 32346 110145
32346 51536 110145
101183 100884 117946
100884 101183 117946
117946 100884 101183
66477 4399 37683
37683 4399 66477
4399 37683 66477
60870 77068 99116
99116 60870 77068
77068 60870 99116
20158 7033 82773
7033 20158 82773
82773 7033 20158
49238 51732 84224
51732 49238 84224
84224 49238 51732
82223 98275 135675
98275 82223 135675
135675 82223 98275
37588 106835 125346
125346 37588 106835
106835 37588 125346
70288 14351 52149
14351 52149 70288
52149 14351 70288
72493 8671 103243
103243 8671 72493
8671 72493 103243
85969 116120 148448
148448 85969 116120
116120 85969 148448
104934 83719 95634
95634 83719 104934
83719 95634 104934
114623 63555 120606
120606 63555 114623
63555 114623 120606
139747 28921 56107
56107 28921 139747
28921 56107 139747
19833 25613 40579
25613 19833 40579
40579 19833 25613
110970 65616 108545
65616 108545 110970
108545 65616 110970
8508 55333 109237
109237 8508 55333
55333 8508 109237
68489 85195 112137
85195 68489 112137
112137 68489 85195
1350 88670 135075
135075 1350 88670
88670 1350 135075
146606 84849 146646
84849 146606 146646
146646 84849 146606
61382 14617 80525
80525 14617 61382
14617 61382 80525
128861 92291 97046
92291 97046 128861
97046 92291 128861
3000 31517 102110
102110 3000 31517
31517 3000 102110
135545 48294 95603
48294 95603 135545
95603 48294 135545
1933 91102 113564
91102 1933 113564
113564 1933 91102
64023 57449 141520
57449 64023 141520
141520 57449 64023
46265 36264 71942
71942 36264 46265
36264 46265 71942
44078 101275 109439
101275 44078 109439
109439 44078 101275
95618 45572 105524
45572 95618 105524
105524 45572 95618
45278 120954 128382
120954 45278 128382
128382 45278 120954
97219 63713 108829
63713 97219 108829
108829 63713 97219
18211 69903 71879
71879 18211 69903
69903 18211 71879
84845 655 43352
43352 655 84845
655 43352 84845
23355 81545 91840
81545 23355 91840
91840 23355 81545
137766 31484 91680
31484 91680 137766
91680 31484 137766
42371 54000 63489
54000 42371 63489
63489 42371 54000
145541 15477 27391
27391 15477 145541
15477 27391 145541
116155 87602 106144
106144 87602 116155
87602 106144 116155
71391 57412 126319
126319 57412 71391
57412 71391 126319
47514 45033 67809
45033 47514 67809
67809 45033 47514
53256 81230 94233
81230 53256 94233
94233 53256 81230
51866 78413 147576
147576 51866 78413
78413 51866 147576
41556 42996 64584
42996 41556 64584
64584 41556 42996
97628 29677 93615
29677 93615 97628
93615 29677 97628
57512 58634 105230
58634 57512 105230
105230 57512 58634
75952 92031 96904
92031 75952 96904
96904 75952 92031
137480 41150 78027
41150 78027 137480
78027 41150 137480
97284 4868 94934
94934 4868 97284
4868 94934 97284
5991 39992 144227
144227 5991 39992
39992 5991 144227
116472 25908 137659
137659 25908 116472
25908 116472 137659
47383 16480 101554
101554 16480 47383
16480 47383 101554
143113 129510 139315
129510 139315 143113
139315 129510 143113
127617 32599 59158
32599 59158 127617
59158 32599 127617
79697 27672 123549
123549 27672 79697
27672 79697 123549
11834 41814 124470
41814 11834 124470
124470 11834 41814
75515 62796 79780
79780 62796 75515
62796 75515 79780
101743 65844 148853
148853 65844 101743
65844 101743 148853
32539 29027 90365
29027 32539 90365
90365 29027 32539
120198 41910 45368
41910 45368 120198
45368 41910 120198
108826 107866 111500
111500 107866 108826
107866 108826 111500
138548 91254 117150
91254 117150 138548
117150 91254 138548
36303 100637 136264
100637 36303 136264
136264 36303 100637
101742 74268 138482
138482 74268 101742
74268 101742 138482
111848 52872 61034
61034 52872 111848
52872 61034 111848
26867 79229 84121
79229 26867 84121
84121 26867 79229
92798 2427 133076
133076 2427 92798
2427 92798 133076
114963 79721 103324
79721 103324 114963
103324 79721 114963
561 23924 121351
23924 561 121351
121351 561 23924
15132 105547 137428
137428 15132 105547
105547 15132 137428
66677 47746 99073
47746 66677 99073
99073 47746 66677
128191 35857 72975
72975 35857 128191
35857 72975 128191
105600 85934 109523
109523 85934 105600
85934 105600 109523
128297 2056 41960
41960 2056 128297
2056 41960 128297
113336 24232 114925
114925 24232 113336
24232 113336 114925
121477 1605 20679
20679 1605 121477
1605 20679 121477
104300 56433 66226
56433 66226 104300
66226 56433 104300
77854 82240 83569
83569 77854 82240
82240 77854 83569
147261 8554 123285
123285 8554 147261
8554 123285 147261
35036 39581 104731
39581 35036 104731
104731 35036 39581
120857 7853 85018
7853 85018 120857
85018 7853 120857
106664 34821 88080
88080 34821 106664
34821 88080 106664
17055 19893 120570
120570 17055 19893
19893 17055 120570
87919 31320 123680
31320 87919 123680
123680 31320 87919
44523 39775 108264
39775 44523 108264
108264 39775 44523
106381 34714 84045
34714 84045 106381
84045 34714 106381
60 63355 97229
97229 60 63355
63355 60 97229
36298 25899 70949
70949 25899 36298
25899 36298 70949
65267 28252 138432
138432 28252 65267
28252 65267 138432
88187 88700 124340
124340 88187 88700
88700 88187 124340
44667 10096 59770
10096 44667 59770
59770 10096 44667
91362 94777 142901
94777 91362 142901
142901 91362 94777
26871 19099 32732
19099 26871 32732
32732 19099 26871
121879 31209 110043
110043 31209 121879
31209 110043 121879
101385 49071 130352
49071 101385 130352
130352 49071 101385
93894 105468 137438
137438 93894 105468
105468 93894 137438
122488 96305 109801
109801 96305 122488
96305 109801 122488
28022 11648 148118
11648 28022 148118
148118 11648 28022
6395 27424 82943
82943 6395 27424
27424 6395 82943
15850 44791 89999
44791 15850 89999
89999 15850 44791
11495 33705 69816
33705 11495 69816
69816 11495 33705
116125 104663 116461
116461 104663 116125
104663 116125 116461
49523 70580 88938
70580 49523 88938
88938 49523 70580
6615 45833 86508
86508 6615 45833
45833 6615 86508
25385 10253 19201
10253 19201 25385
19201 10253 25385
2114 63573 116680
63573 2114 116680
116680 2114 63573
76884 55813 140384
140384 55813 76884
55813 76884 140384
75534 4957 19255
4957 19255 75534
19255 4957 75534
128409 67630 116299
116299 67630 128409
67630 116299 128409
148659 88114 145342
145342 88114 148659
88114 145342 148659
60262 37496 126141
37496 60262 126141
126141 37496 60262
21768 72408 94706
72408 21768 94706
94706 21768 72408
38908 59729 68132
59729 38908 68132
68132 38908 59729
34851 24961 127225
24961 34851 127225
127225 24961 34851
17609 11521 64098
64098 11521 17609
11521 17609 64098
55947 18455 131538
18455 55947 131538
131538 18455 55947
57312 16533 96862
96862 16533 57312
16533 57312 96862
119669 8307 149211
149211 8307 119669
8307 119669 149211
123357 131294 132410
132410 123357 131294
131294 123357 132410
114725 68782 111270
111270 68782 114725
68782 111270 114725
65001 117335 148112
148112 65001 117335
117335 65001 148112
76661 22090 122061
22090 76661 122061
122061 22090 76661
117122 51105 142190
51105 117122 142190
142190 51105 117122
91917 53155 63773
53155 63773 91917
63773 53155 91917
105042 134317 148071
148071 105042 134317
134317 105042 148071
17326 9637 135347
135347 9637 17326
9637 17326 135347
32818 59261 82858
82858 32818 59261
59261 32818 82858
80878 69724 85194
69724 80878 85194
85194 69724 80878
26845 72326 90109
90109 26845 72326
72326 26845 90109
101053 18985 47740
18985 47740 101053
47740 18985 101053
80985 47970 125818
125818 47970 80985
47970 80985 125818
45112 56298 102806
56298 45112 102806
102806 45112 56298
123561 304 12197
12197 304 123561
304 12197 123561
97706 83683 120227
120227 83683 97706
83683 97706 120227
29363 83202 138116
138116 29363 83202
83202 29363 138116
29396 85879 119331
85879 29396 119331
119331 29396 85879
59718 10725 104264
104264 10725 59718
10725 59718 104264
80636 33448 137343
137343 33448 80636
33448 80636 137343
103255 23370 54686
23370 54686 103255
54686 23370 103255
121253 52367 143414
52367 121253 143414
143414 52367 121253
72500 27364 116014
116014 27364 72500
27364 72500 116014
15757 31920 83291
83291 15757 31920
31920 15757 83291
91436 101307 140525
140525 91436 101307
101307 91436 140525
51595 63858 124754
63858 51595 124754
124754 51595 63858
18356 37965 70339
37965 18356 70339
70339 18356 37965
58035 14028 145283
145283 14028 58035
14028 58035 145283
123653 110801 113385
113385 110801 123653
110801 113385 123653
7628 78069 123944
78069 7628 123944
123944 7628 78069
39261 62135 102121
62135 39261 102121
102121 39261 62135
41811 22199 69977
69977 22199 41811
22199 41811 69977
81533 68541 78374
78374 68541 81533
68541 78374 81533
122100 30921 118994
118994 30921 122100
30921 118994 122100
136015 17240 67210
67210 17240 136015
17240 67210 136015
97920 17 22783
22783 17 97920
17 22783 97920
7823 10022 30156
30156 7823 10022
10022 7823 30156
63871 118084 126067
118084 63871 126067
126067 63871 118084
83872 43059 119490
43059 83872 119490
119490 43059 83872
31232 128059 133833
128059 31232 133833
133833 31232 128059
16114 18225 96547
18225 16114 96547
96547 16114 18225
104567 40416 54525
40416 54525 104567
54525 40416 104567
55997 59510 125575
59510 55997 125575
125575 55997 59510
117732 47289 52863
47289 52863 117732
52863 47289 117732
128584 85110 112637
85110 112637 128584
112637 85110 128584
141671 40369 146150
40369 141671 146150
146150 40369 141671
136874 31901 108583
31901 108583 136874
108583 31901 136874
63209 88816 149953
88816 63209 149953
149953 63209 88816
87528 69512 78795
69512 78795 87528
78795 69512 87528
9507 71188 108179
108179 9507 71188
71188 9507 108179
113927 82104 103949
103949 82104 113927
82104 103949 113927
41437 2604 148845
2604 41437 148845
148845 2604 41437
95866 75400 108500
108500 75400 95866
75400 95866 108500
91583 17439 54573
54573 17439 91583
17439 54573 91583
136308 44770 71140
44770 71140 136308
71140 44770 136308
3317 5207 74763
74763 3317 5207
