1322 546 1119
546 1119 1322
1119 546 1322
1309 212 1107
1107 212 1309
212 1107 1309
326 729 1450
1450 326 729
729 326 1450
845 300 974
974 300 845
300 845 974
294 168 481
168 294 481
481 168 294
1047 349 766
349 766 1047
766 349 1047
1205 45 1350
1350 45 1205
45 1205 1350
130 666 1311
666 130 1311
1311 130 666
916 545 1096
1096 545 916
545 916 1096
318 1194 1220
1220 318 1194
1194 318 1220
479 265 1138
1138 265 479
265 479 1138
1445 605 1067
605 1067 1445
1067 605 1445
1363 543 1157
1157 543 1363
543 1157 1363
1360 94 153
153 94 1360
94 153 1360
673 672 1329
1329 672 673
672 673 1329
491 173 1135
173 491 1135
1135 173 491
337 164 1419
1419 164 337
164 337 1419
1093 614 814
614 814 1093
814 614 1093
1040 340 683
683 340 1040
340 683 1040
289 858 1272
858 289 1272
1272 289 858
113 396 714
396 113 714
714 113 396
1399 138 753
753 138 1399
138 753 1399
295 730 1341
1341 295 730
730 295 1341
789 366 607
366 607 789
607 366 789
860 461 1412
1412 461 860
461 860 1412
1385 261 1014
1014 261 1385
261 1014 1385
731 108 493
108 493 731
493 108 731
715 88 662
662 88 715
88 662 715
386 469 690
690 386 469
469 386 690
121 315 947
315 121 947
947 121 315
865 538 1391
538 865 1391
1391 538 865
1023 154 610
154 610 1023
610 154 1023
886 795 899
795 886 899
899 795 886
1279 137 695
137 695 1279
695 137 1279
1495 569 837
837 569 1495
569 837 1495
455 421 606
421 455 606
606 421 455
627 823 1124
823 627 1124
1124 627 823
74 14 1328
14 74 1328
1328 14 74
581 101 805
805 101 581
101 581 805
1245 1244 1474
1244 1245 1474
1474 1244 1245
190 47 1221
47 190 1221
1221 47 190
78 395 585
395 78 585
585 78 395
323 566 762
762 323 566
566 323 762
1197 1028 1029
1029 1028 1197
1028 1029 1197
267 216 1240
1240 216 267
216 267 1240
697 200 392
392 200 697
200 392 697
140 464 894
464 140 894
894 140 464
1295 284 537
537 284 1295
284 537 1295
1500 302 829
829 302 1500
302 829 1500
874 372 760
760 372 874
372 760 874
1291 112 1081
1081 112 1291
112 1081 1291
403 620 658
658 403 620
620 403 658
1303 390 922
390 922 1303
922 390 1303
1242 132 1042
132 1042 1242
1042 132 1242
941 176 1009
1009 176 941
176 941 1009
1499 1132 1352
1132 1352 1499
1352 1132 1499
728 247 1136
247 728 1136
1136 247 728
160 1083 1263
1263 160 1083
1083 160 1263
1271 1372 1388
1372 1271 1388
1388 1271 1372
155 523 1477
1477 155 523
523 155 1477
954 553 1222
1222 553 954
553 954 1222
933 253 513
513 253 933
253 513 933
667 460 1106
460 667 1106
1106 460 667
665 472 1298
472 665 1298
1298 472 665
517 4 866
866 4 517
4 517 866
1155 1127 1488
1127 1155 1488
1488 1127 1155
591 1103 1355
1355 591 1103
1103 591 1355
527 548 565
548 527 565
565 527 548
893 708 953
708 893 953
953 708 893
531 856 1043
856 531 1043
1043 531 856
516 86 297
297 86 516
86 297 516
831 77 495
77 495 831
495 77 831
770 28 1315
28 770 1315
1315 28 770
502 282 1139
282 502 1139
1139 282 502
312 1022 1378
1378 312 1022
1022 312 1378
448 510 1148
1148 448 510
510 448 1148
1449 82 498
82 498 1449
498 82 1449
1357 420 800
420 800 1357
800 420 1357
578 12 42
42 12 578
12 42 578
756 83 1281
1281 83 756
83 756 1281
1482 869 1166
1166 869 1482
869 1166 1482
659 365 1425
365 659 1425
1425 365 659
1241 179 529
179 529 1241
529 179 1241
1380 279 1369
279 1369 1380
1369 279 1380
1398 956 1191
1191 956 1398
956 1191 1398
1426 505 561
561 505 1426
505 561 1426
764 932 949
949 764 932
932 764 949
124 781 1472
781 124 1472
1472 124 781
573 316 327
316 327 573
327 316 573
1458 835 991
991 835 1458
835 991 1458
232 321 1304
321 232 1304
1304 232 321
625 7 1203
1203 7 625
7 625 1203
157 405 1435
405 157 1435
1435 157 405
833 486 577
486 577 833
577 486 833
727 134 1277
134 727 1277
1277 134 727
1002 576 1497
576 1002 1497
1497 576 1002
937 207 375
207 375 937
375 207 937
1252 846 998
998 846 1252
846 998 1252
1269 1048 1267
1267 1048 1269
1048 1267 1269
135 277 1473
1473 135 277
277 135 1473
304 1308 1434
1434 304 1308
1308 304 1434
761 310 685
685 310 761
310 685 761
361 303 1226
303 361 1226
1226 303 361
231 977 1230
977 231 1230
1230 231 977
158 987 1183
1183 158 987
987 158 1183
779 751 999
999 751 779
751 779 999
384 359 784
359 384 784
784 359 384
772 41 350
41 350 772
350 41 772
678 702 1172
1172 678 702
702 678 1172
81 642 925
925 81 642
642 81 925
393 162 1347
1347 162 393
162 393 1347
943 721 1359
721 943 1359
1359 721 943
379 335 1036
335 379 1036
1036 335 379
39 217 397
397 39 217
217 39 397
1321 184 533
184 533 1321
533 184 1321
1143 709 771
709 771 1143
771 709 1143
777 652 738
738 652 777
652 738 777
339 307 699
307 339 699
699 307 339
670 150 519
519 150 670
150 519 670
404 66 499
66 404 499
499 66 404
206 616 1282
1282 206 616
616 206 1282
602 314 752
314 602 752
752 314 602
787 374 1258
1258 374 787
374 787 1258
226 322 459
322 226 459
459 226 322
443 1238 1456
1238 443 1456
1456 443 1238
151 344 1112
344 151 1112
1112 151 344
1109 87 850
850 87 1109
87 850 1109
711 1077 1089
1077 711 1089
1089 711 1077
467 888 1366
1366 467 888
888 467 1366
29 156 1294
1294 29 156
156 29 1294
1310 701 1054
1054 701 1310
701 1054 1310
1117 906 1427
1427 906 1117
906 1117 1427
1421 536 780
536 780 1421
780 536 1421
34 1246 1390
1390 34 1246
1246 34 1390
848 185 1358
185 848 1358
1358 185 848
924 174 238
238 174 924
174 238 924
1085 810 908
810 908 1085
908 810 1085
567 1100 1354
1354 567 1100
1100 567 1354
841 559 862
862 559 841
559 841 862
205 311 1171
1171 205 311
311 205 1171
142 183 1406
183 142 1406
1406 142 183
558 710 1476
1476 558 710
710 558 1476
1490 718 964
964 718 1490
718 964 1490
868 159 260
159 260 868
260 159 868
419 1056 1167
1056 419 1167
1167 419 1056
399 859 990
990 399 859
859 399 990
1259 296 962
962 296 1259
296 962 1259
220 1034 1407
1034 220 1407
1407 220 1034
880 680 863
863 680 880
680 863 880
1247 80 208
208 80 1247
80 208 1247
1060 44 1003
1003 44 1060
44 1003 1060
1475 348 555
555 348 1475
348 555 1475
1105 169 542
542 169 1105
169 542 1105
353 650 840
840 353 650
650 353 840
1415 370 717
370 717 1415
717 370 1415
1461 72 1339
1339 72 1461
72 1339 1461
1134 903 1133
1133 903 1134
903 1133 1134
204 492 1478
1478 204 492
492 204 1478
136 832 935
935 136 832
832 136 935
1264 398 802
398 802 1264
802 398 1264
572 341 1371
1371 341 572
341 572 1371
1423 1052 1225
1225 1052 1423
1052 1225 1423
682 221 1211
221 682 1211
1211 221 682
617 317 1108
1108 317 617
317 617 1108
425 16 254
16 254 425
254 16 425
105 882 1080
1080 105 882
882 105 1080
748 239 1302
239 748 1302
1302 239 748
1451 997 1087
997 1087 1451
1087 997 1451
454 143 951
951 143 454
143 454 951
930 656 663
663 656 930
656 663 930
299 1237 1494
1237 299 1494
1494 299 1237
400 1018 1424
1424 400 1018
1018 400 1424
22 373 1459
373 22 1459
1459 22 373
686 824 1174
824 686 1174
1174 686 824
118 636 1266
1266 118 636
636 118 1266
371 63 145
63 145 371
145 63 371
178 90 817
90 178 817
817 90 178
928 65 744
744 65 928
65 744 928
463 26 1290
1290 26 463
26 463 1290
1142 188 1320
1320 188 1142
188 1142 1320
1035 251 1278
251 1035 1278
1278 251 1035
1219 98 679
679 98 1219
98 679 1219
1429 332 1059
332 1059 1429
1059 332 1429
1019 619 1125
1125 619 1019
619 1019 1125
219 273 408
273 219 408
408 219 273
904 180 522
522 180 904
180 522 904
1483 476 539
476 539 1483
539 476 1483
1368 329 763
329 763 1368
763 329 1368
48 450 1296
450 48 1296
1296 48 450
244 623 981
623 244 981
981 244 623
6 759 1208
759 6 1208
1208 6 759
839 1207 1463
1207 839 1463
1463 839 1207
280 148 1420
1420 148 280
148 280 1420
1343 60 1095
1095 60 1343
60 1095 1343
368 338 1438
338 368 1438
1438 338 368
915 490 611
611 490 915
490 611 915
653 305 471
305 471 653
471 305 653
589 235 643
643 235 589
235 589 643
100 269 637
637 100 269
269 100 637
757 927 1462
1462 757 927
927 757 1462
171 181 1446
181 171 1446
1446 171 181
1326 276 1260
276 1260 1326
1260 276 1326
197 1331 1493
1493 197 1331
1331 197 1493
1082 1072 1394
1394 1072 1082
1072 1082 1394
131 71 1181
1181 71 131
71 131 1181
1152 342 431
431 342 1152
342 431 1152
713 907 1436
907 713 1436
1436 713 907
1324 182 638
638 182 1324
182 638 1324
228 68 69
69 68 228
68 69 228
745 560 681
681 560 745
560 681 745
298 9 599
9 298 599
599 9 298
468 17 411
17 411 468
411 17 468
1091 966 1173
1173 966 1091
966 1091 1173
654 520 1235
1235 520 654
520 654 1235
1224 43 587
43 587 1224
587 43 1224
1289 551 820
820 551 1289
551 820 1289
385 223 1114
223 385 1114
1114 223 385
996 518 827
827 518 996
518 827 996
1362 170 851
851 170 1362
170 851 1362
233 51 1283
1283 51 233
51 233 1283
1334 351 426
426 351 1334
351 426 1334
1297 725 1097
725 1097 1297
1097 725 1297
1452 706 1153
706 1153 1452
1153 706 1452
891 1030 1229
1030 891 1229
1229 891 1030
838 1453 1464
1453 838 1464
1464 838 1453
1231 435 626
626 435 1231
435 626 1231
355 1016 1381
1016 355 1381
1381 355 1016
1342 15 1411
1411 15 1342
15 1342 1411
849 910 1416
1416 849 910
910 849 1416
634 819 1312
1312 634 819
819 634 1312
1151 716 1123
1123 716 1151
716 1123 1151
20 52 629
52 20 629
629 20 52
32 1099 1223
1099 32 1223
1223 32 1099
441 574 773
773 441 574
574 441 773
241 1270 1430
1270 241 1430
1430 241 1270
446 918 1185
918 446 1185
1185 446 918
613 1257 1288
1257 613 1288
1288 613 1257
1187 99 1116
1116 99 1187
99 1116 1187
719 452 568
452 568 719
568 452 719
110 608 1004
608 110 1004
1004 110 608
1345 218 755
218 755 1345
755 218 1345
959 508 1210
1210 508 959
508 959 1210
414 754 1131
1131 414 754
754 414 1131
1487 914 1017
914 1017 1487
1017 914 1487
870 1145 1292
1292 870 1145
1145 870 1292
409 308 1122
308 409 1122
1122 308 409
1184 477 726
477 726 1184
726 477 1184
816 768 1037
1037 768 816
768 816 1037
547 202 684
684 202 547
202 547 684
453 774 1007
774 453 1007
1007 453 774
1015 313 669
313 669 1015
669 313 1015
246 97 149
149 97 246
97 149 246
1045 647 853
647 853 1045
853 647 1045
248 742 1188
1188 248 742
742 248 1188
1367 1209 1409
1209 1367 1409
1409 1209 1367
1437 1140 1410
1410 1140 1437
1140 1410 1437
1393 250 945
945 250 1393
250 945 1393
812 234 843
234 812 843
843 234 812
363 126 1130
1130 126 363
126 363 1130
736 378 1010
378 736 1010
1010 378 736
1069 330 1373
330 1069 1373
1373 330 1069
778 818 1253
818 778 1253
1253 778 818
958 102 946
102 946 958
946 102 958
293 331 896
331 293 896
896 293 331
475 115 988
115 475 988
988 115 475
1306 129 693
693 129 1306
129 693 1306
1327 456 1286
1286 456 1327
456 1286 1327
380 230 952
230 380 952
952 230 380
739 657 1256
1256 657 739
657 739 1256
1084 58 790
58 790 1084
790 58 1084
534 120 1249
1249 120 534
120 534 1249
1177 109 1332
109 1177 1332
1332 109 1177
1364 209 929
209 929 1364
929 209 1364
416 320 1386
320 416 1386
1386 320 416
46 141 1441
141 46 1441
1441 46 141
410 905 1094
1094 410 905
905 410 1094
564 249 1075
249 564 1075
1075 249 564
1422 1058 1405
1405 1058 1422
1058 1405 1422
1401 500 786
786 500 1401
500 786 1401
698 854 1276
854 698 1276
1276 698 854
1026 785 1051
1051 785 1026
785 1026 1051
691 328 422
328 422 691
422 328 691
828 252 1149
252 828 1149
1149 252 828
554 485 830
830 485 554
485 554 830
122 822 1044
822 122 1044
1044 122 822
147 857 1032
857 147 1032
1032 147 857
283 707 1467
1467 283 707
707 283 1467
470 1255 1314
1255 470 1314
1314 470 1255
1465 474 1025
1025 474 1465
474 1025 1465
213 75 1444
1444 75 213
75 213 1444
449 201 776
776 201 449
201 449 776
35 49 668
668 35 49
49 35 668
976 1198 1340
1340 976 1198
1198 976 1340
413 603 871
871 413 603
603 413 871
369 775 1337
775 369 1337
1337 369 775
1041 214 1216
214 1041 1216
1216 214 1041
1033 957 1178
1178 957 1033
957 1033 1178
1392 503 995
503 995 1392
995 503 1392
447 172 1365
1365 172 447
172 447 1365
917 70 496
70 496 917
496 70 917
793 1070 1353
1353 793 1070
1070 793 1353
811 628 1000
628 811 1000
1000 628 811
808 430 972
430 808 972
972 430 808
444 1011 1428
1011 444 1428
1428 444 1011
5 161 913
913 5 161
161 5 913
597 346 362
346 362 597
362 346 597
377 281 1481
1481 281 377
281 377 1481
582 883 982
883 582 982
982 582 883
1111 504 1454
504 1111 1454
1454 504 1111
445 482 646
482 445 646
646 445 482
588 352 782
352 588 782
782 352 588
1165 10 1491
1491 10 1165
10 1165 1491
1336 144 975
144 975 1336
975 144 1336
309 923 1071
923 309 1071
1071 309 923
104 187 1092
187 104 1092
1092 104 187
960 291 1333
291 960 1333
1333 291 960
901 549 867
867 549 901
549 867 901
262 594 984
984 262 594
594 262 984
114 1031 1414
1414 114 1031
1031 114 1414
93 290 512
512 93 290
290 93 512
826 255 885
885 255 826
255 826 885
612 92 1498
1498 92 612
92 612 1498
271 237 747
237 271 747
747 237 271
1233 8 639
639 8 1233
8 639 1233
224 501 541
501 224 541
541 224 501
257 3 1431
3 257 1431
1431 3 257
1348 106 1346
106 1346 1348
1346 106 1348
1053 703 992
992 703 1053
703 992 1053
1217 535 664
664 535 1217
535 664 1217
983 540 580
580 540 983
540 580 983
73 79 1090
1090 73 79
79 73 1090
458 674 1299
674 458 1299
1299 458 674
1176 40 1057
1057 40 1176
40 1057 1176
1073 993 1193
993 1073 1193
1193 993 1073
621 38 381
38 381 621
381 38 621
30 864 1137
1137 30 864
864 30 1137
1199 391 1189
1189 391 1199
391 1189 1199
442 227 803
803 227 442
227 442 803
1317 552 586
552 586 1317
586 552 1317
1192 575 615
615 575 1192
575 615 1192
357 211 1250
211 357 1250
1250 211 357
1012 55 1301
1301 55 1012
55 1012 1301
334 119 465
465 119 334
119 334 465
1195 91 1383
1383 91 1195
91 1195 1383
1101 466 1201
466 1101 1201
1201 466 1101
1377 382 948
382 948 1377
948 382 1377
847 59 494
494 59 847
59 494 847
306 31 807
807 31 306
31 306 807
1190 767 1141
1141 767 1190
767 1141 1190
1457 33 511
511 33 1457
33 511 1457
1186 286 792
286 792 1186
792 286 1186
242 815 895
815 242 895
895 242 815
1027 347 1049
347 1027 1049
1049 347 1027
592 19 245
245 19 592
19 245 592
743 199 889
199 743 889
889 199 743
1254 259 1212
259 1212 1254
1212 259 1254
288 18 1144
1144 18 288
18 288 1144
732 76 926
926 76 732
76 732 926
111 694 1374
694 111 1374
1374 111 694
583 821 1439
821 583 1439
1439 583 821
1480 677 1379
677 1379 1480
1379 677 1480
986 333 825
825 333 986
333 825 986
1468 633 969
969 633 1468
633 969 1468
722 788 1232
1232 722 788
788 722 1232
133 919 971
971 133 919
919 133 971
796 54 804
54 796 804
804 54 796
1162 57 1021
1021 57 1162
57 1021 1162
967 879 1413
879 967 1413
1413 879 967
878 194 911
911 194 878
194 878 911
942 590 645
590 645 942
645 590 942
737 1284 1305
1305 737 1284
1284 737 1305
285 394 1001
394 285 1001
1001 285 394
412 1064 1121
1064 412 1121
1121 412 1064
125 89 798
798 89 125
89 125 798
84 1287 1387
1287 84 1387
1387 84 1287
1228 675 720
720 675 1228
675 720 1228
383 700 704
700 383 704
704 383 700
192 961 1147
961 192 1147
1147 192 961
1319 641 651
641 651 1319
651 641 1319
1400 483 813
813 483 1400
483 813 1400
1227 266 515
515 266 1227
266 515 1227
1168 2 671
671 2 1168
2 671 1168
263 236 488
236 263 488
488 236 263
1113 884 1443
884 1113 1443
1443 884 1113
844 514 1102
1102 514 844
514 844 1102
973 56 1330
1330 56 973
56 973 1330
480 624 723
624 480 723
723 480 624
1376 319 1160
319 1160 1376
1160 319 1376
631 528 1024
1024 528 631
528 631 1024
1323 660 1275
660 1275 1323
1275 660 1323
387 67 525
67 387 525
525 67 387
1169 1180 1417
1417 1169 1180
1180 1169 1417
1039 618 881
881 618 1039
618 881 1039
1005 735 1489
1489 735 1005
735 1005 1489
507 336 532
336 507 532
532 336 507
427 497 749
497 427 749
749 427 497
64 415 601
415 64 601
601 64 415
1382 343 750
343 750 1382
750 343 1382
877 225 630
630 225 877
225 630 877
705 438 1006
438 705 1006
1006 438 705
692 950 1086
950 692 1086
1086 692 950
1079 270 687
270 687 1079
687 270 1079
1361 648 676
676 648 1361
648 676 1361
24 1046 1280
1280 24 1046
1046 24 1280
1455 809 1076
1076 809 1455
809 1076 1455
1492 13 1418
1418 13 1492
13 1418 1492
146 530 661
661 146 530
530 146 661
1050 25 1403
1403 25 1050
25 1050 1403
1218 191 595
191 595 1218
595 191 1218
402 345 433
345 402 433
433 345 402
165 842 968
968 165 842
842 165 968
855 931 1243
1243 855 931
931 855 1243
376 198 1470
198 376 1470
1470 198 376
1239 50 1196
1196 50 1239
50 1196 1239
556 1061 1161
1061 556 1161
1161 556 1061
364 1202 1349
1202 364 1349
1349 364 1202
27 278 887
278 27 887
887 27 278
37 356 1479
356 37 1479
1479 37 356
1158 417 912
417 912 1158
912 417 1158
978 324 688
324 688 978
688 324 978
1496 1351 1471
1471 1351 1496
1351 1471 1496
794 139 1055
1055 139 794
139 794 1055
301 920 1013
1013 301 920
920 301 1013
11 593 934
593 11 934
934 11 593
1396 61 506
61 506 1396
506 61 1396
1395 963 1164
1164 963 1395
963 1164 1395
418 428 965
965 418 428
428 418 965
861 424 1404
424 861 1404
1404 424 861
1307 268 892
892 268 1307
268 892 1307
571 203 484
203 484 571
484 203 571
388 584 1159
1159 388 584
584 388 1159
193 758 1485
758 193 1485
1485 193 758
436 852 1484
1484 436 852
852 436 1484
765 806 1265
806 765 1265
1265 765 806
116 462 1062
462 116 1062
1062 116 462
1300 117 712
117 712 1300
712 117 1300
287 1213 1261
1261 287 1213
1213 287 1261
1104 166 994
166 994 1104
994 166 1104
570 734 1325
734 570 1325
1325 570 734
834 876 897
897 834 876
876 834 897
596 1 1206
1 596 1206
1206 1 596
292 873 1182
873 292 1182
1182 292 873
944 272 909
272 909 944
909 272 944
354 127 1397
127 354 1397
1397 127 354
222 936 955
936 222 955
955 222 936
1338 434 740
740 434 1338
434 740 1338
1402 938 1262
1262 938 1402
938 1262 1402
1293 264 1065
264 1065 1293
1065 264 1293
407 103 557
557 103 407
103 407 557
367 243 524
243 367 524
524 243 367
1433 900 1215
1215 900 1433
900 1215 1433
649 791 1110
791 649 1110
1110 649 791
640 358 1066
358 640 1066
1066 358 640
440 360 1486
1486 360 440
360 440 1486
1344 1251 1440
1251 1344 1440
1440 1251 1344
1008 21 1154
21 1008 1154
1154 21 1008
1236 1204 1466
1466 1204 1236
1204 1236 1466
256 989 1442
1442 256 989
989 256 1442
1273 85 1318
85 1273 1318
1318 85 1273
1313 1088 1316
1316 1088 1313
1088 1313 1316
1120 274 1146
274 1120 1146
1146 274 1120
210 451 1179
451 210 1179
1179 210 451
487 598 890
598 487 890
890 487 598
478 1118 1200
1200 478 1118
1118 478 1200
473 635 1248
635 473 1248
1248 473 635
389 195 939
195 389 939
939 195 389
1384 215 836
215 836 1384
836 215 1384
1469 1163 1408
1408 1163 1469
1163 1408 1469
689 1389 1460
1460 689 1389
1389 689 1460
644 439 1126
1126 439 644
439 644 1126
1156 526 799
526 799 1156
799 526 1156
544 96 579
579 96 544
96 544 579
1274 36 429
36 429 1274
429 36 1274
622 1020 1170
1170 622 1020
1020 622 1170
152 229 1038
229 152 1038
1038 152 229
609 898 980
980 609 898
898 609 980
562 921 940
921 562 940
940 562 921
423 189 240
189 240 423
240 189 423
797 509 1268
509 797 1268
1268 509 797
769 432 733
733 432 769
432 733 769
1356 128 604
128 604 1356
604 128 1356
95 62 550
550 62 95
62 95 550
979 985 1129
985 979 1129
1129 979 985
401 1115 1448
1448 401 1115
1115 401 1448
1370 167 175
167 175 1370
175 167 1370
600 123 872
123 600 872
872 123 600
1175 875 1214
1214 875 1175
875 1175 1214
457 632 724
632 457 724
724 457 632
107 53 1078
1078 53 107
53 107 1078
1447 696 1335
696 1335 1447
1335 696 1447
325 563 1285
563 325 1285
1285 325 563
275 258 1128
258 275 1128
1128 258 275
1375 177 1068
177 1068 1375
1068 177 1375
196 1150 1234
1150 196 1234
1234 196 1150
521 437 1098
437 521 1098
1098 437 521
741 746 801
746 741 801
801 741 746
186 970 1063
970 186 1063
1063 186 970
489 163 783
783 163 489
163 489 783
1432 406 655
406 655 1432
655 406 1432
902 23 1074
23 902 1074
1074 23 902
