17966 25444 98397
98397 17966 25444
25444 17966 98397
127774 24355 126569
24355 126569 127774
126569 24355 127774
149919 8518 84626
84626 8518 149919
8518 84626 149919
119273 89893 129788
89893 119273 129788
129788 89893 119273
41489 59573 124161
59573 41489 124161
124161 41489 59573
6466 81694 132999
132999 6466 81694
81694 6466 132999
140302 32415 36178
36178 32415 140302
32415 36178 140302
122797 9759 108943
108943 9759 122797
9759 108943 122797
6260 46648 77227
46648 6260 77227
77227 6260 46648
41138 53750 104294
104294 41138 53750
53750 41138 104294
22028 10350 109511
109511 10350 22028
10350 22028 109511
53486 2784 144598
2784 53486 144598
144598 2784 53486
87013 1111 93190
93190 1111 87013
1111 87013 93190
71114 7396 130680
130680 7396 71114
7396 71114 130680
129474 78697 80303
80303 78697 129474
78697 80303 129474
39497 6473 112175
6473 39497 112175
112175 6473 39497
5062 60085 120741
120741 5062 60085
60085 5062 120741
161 47490 147972
47490 161 147972
147972 161 47490
141072 37565 148311
37565 141072 148311
148311 37565 141072
127594 69699 98327
98327 69699 127594
69699 98327 127594
92048 23111 60967
60967 23111 92048
23111 60967 92048
79823 87790 139668
87790 79823 139668
139668 79823 87790
141592 31881 47503
47503 31881 141592
31881 47503 141592
73554 78269 94024
94024 73554 78269
78269 73554 94024
122922 11170 90978
11170 90978 122922
90978 11170 122922
79053 1002 40377
40377 1002 79053
1002 40377 79053
68419 49296 84426
84426 49296 68419
49296 68419 84426
33748 36498 140102
36498 33748 140102
140102 33748 36498
51300 14599 105510
14599 51300 105510
105510 14599 51300
17337 95061 127864
95061 17337 127864
127864 17337 95061
39414 14652 44223
44223 14652 39414
14652 39414 44223
148703 59185 110069
59185 110069 148703
110069 59185 148703
114799 95411 132932
95411 114799 132932
132932 95411 114799
30026 77611 104224
77611 30026 104224
104224 30026 77611
129090 2520 75749
75749 2520 129090
2520 75749 129090
48732 11512 58501
11512 48732 58501
58501 11512 48732
139132 10 63816
10 63816 139132
63816 10 139132
81887 72107 122861
122861 72107 81887
72107 81887 122861
103718 21568 118667
118667 21568 103718
21568 103718 118667
34322 30529 31733
30529 31733 34322
31733 30529 34322
84089 20694 111080
20694 84089 111080
111080 20694 84089
145137 90039 115734
115734 90039 145137
90039 115734 145137
86476 33890 118027
118027 33890 86476
33890 86476 118027
2531 83111 98909
98909 2531 83111
83111 2531 98909
104805 40633 46911
40633 46911 104805
46911 40633 104805
43488 50564 56191
50564 43488 56191
56191 43488 50564
114701 119382 130302
130302 114701 119382
119382 114701 130302
91031 56045 125370
125370 56045 91031
56045 91031 125370
68817 21057 99340
21057 68817 99340
99340 21057 68817
137590 83320 117242
117242 83320 137590
83320 117242 137590
16796 37258 74730
74730 16796 37258
37258 16796 74730
99428 22286 37001
37001 22286 99428
22286 37001 99428
115246 61315 94071
94071 61315 115246
61315 94071 115246
75407 6515 87880
6515 75407 87880
87880 6515 75407
71067 12316 63013
63013 12316 71067
12316 63013 71067
80785 113259 121629
113259 80785 121629
121629 80785 113259
89502 43366 90381
43366 89502 90381
90381 43366 89502
54971 33085 33494
33085 33494 54971
33494 33085 54971
38000 6869 50697
6869 38000 50697
50697 6869 38000
123305 23844 23984
23844 23984 123305
23984 23844 123305
128896 13425 100728
13425 100728 128896
100728 13425 128896
57046 91502 111907
91502 57046 111907
111907 57046 91502
80253 113871 114890
113871 80253 114890
114890 80253 113871
17921 43991 48267
48267 17921 43991
43991 17921 48267
84560 112651 125198
112651 84560 125198
125198 84560 112651
82777 25512 114198
25512 82777 114198
114198 25512 82777
95286 126455 148264
126455 95286 148264
148264 95286 126455
18372 88837 148223
148223 18372 88837
88837 18372 148223
407 115153 123617
115153 407 123617
123617 407 115153
55428 14798 129315
129315 14798 55428
14798 55428 129315
70574 113244 137244
137244 70574 113244
113244 70574 137244
58557 126009 132909
132909 58557 126009
126009 58557 132909
12671 100815 142695
100815 12671 142695
142695 12671 100815
105883 56666 106664
56666 105883 106664
106664 56666 105883
77111 12664 53791
12664 53791 77111
53791 12664 77111
11444 47192 89815
47192 11444 89815
89815 11444 47192
57104 86031 117502
117502 57104 86031
86031 57104 117502
144556 12231 92111
12231 92111 144556
92111 12231 144556
34414 31446 143564
31446 34414 143564
143564 31446 34414
27396 13971 104511
13971 27396 104511
104511 13971 27396
110331 123008 123923
123923 110331 123008
123008 110331 123923
13721 51608 71408
51608 13721 71408
71408 13721 51608
97422 7403 70133
70133 7403 97422
7403 70133 97422
64968 68622 90359
68622 64968 90359
90359 64968 68622
131043 12241 112934
12241 112934 131043
112934 12241 131043
106144 86796 128498
128498 86796 106144
86796 106144 128498
106707 67153 132344
67153 106707 132344
132344 67153 106707
112769 83817 88170
88170 83817 112769
83817 88170 112769
76261 41284 105782
41284 76261 105782
105782 41284 76261
99134 42126 124909
42126 99134 124909
124909 42126 99134
9205 105130 149347
149347 9205 105130
105130 9205 149347
88718 1635 92806
92806 1635 88718
1635 88718 92806
83881 32426 119066
119066 32426 83881
32426 83881 119066
141189 3328 90447
90447 3328 141189
3328 90447 141189
85737 114762 134610
134610 85737 114762
114762 85737 134610
47448 83243 94140
83243 47448 94140
94140 47448 83243
101931 35546 37423
37423 35546 101931
35546 37423 101931
21384 70167 83778
83778 21384 70167
70167 21384 83778
114349 33967 145276
145276 33967 114349
33967 114349 145276
67076 52728 115073
52728 67076 115073
115073 52728 67076
70422 10611 140488
140488 10611 70422
10611 70422 140488
2742 83893 138772
138772 2742 83893
83893 2742 138772
7121 53713 96713
96713 7121 53713
53713 7121 96713
134670 19580 61748
19580 61748 134670
61748 19580 134670
128379 93308 133738
133738 93308 128379
93308 128379 133738
4519 118 59800
59800 118 4519
118 4519 59800
140268 88580 140709
88580 140268 140709
140709 88580 140268
48204 16798 66424
66424 16798 48204
16798 48204 66424
60214 112605 120318
112605 60214 120318
120318 60214 112605
39793 23430 47802
47802 23430 39793
23430 39793 47802
53357 113469 116229
113469 53357 116229
116229 53357 113469
114582 58776 80976
58776 80976 114582
80976 58776 114582
104443 45618 85387
45618 85387 104443
85387 45618 104443
89890 15111 146083
15111 89890 146083
146083 15111 89890
109730 114346 130382
130382 109730 114346
114346 109730 130382
31495 23345 57281
57281 23345 31495
23345 31495 57281
74286 26325 75835
75835 26325 74286
26325 74286 75835
145809 33020 100679
33020 100679 145809
100679 33020 145809
131477 114451 138892
138892 114451 131477
114451 131477 138892
10535 107056 109402
107056 10535 109402
109402 10535 107056
119 66856 145972
66856 119 145972
145972 119 66856
129258 97440 103646
97440 103646 129258
103646 97440 129258
85497 6772 15792
15792 6772 85497
6772 15792 85497
16157 85463 141156
85463 16157 141156
141156 16157 85463
28411 50391 73220
73220 28411 50391
50391 28411 73220
41557 64691 89780
64691 41557 89780
89780 41557 64691
75312 18373 91843
91843 18373 75312
18373 75312 91843
13131 93559 120185
120185 13131 93559
93559 13131 120185
15983 10235 37042
10235 15983 37042
37042 10235 15983
43073 25709 41268
25709 41268 43073
41268 25709 43073
15788 58911 91189
91189 15788 58911
58911 15788 91189
75332 8073 19173
19173 8073 75332
8073 19173 75332
118607 41063 147212
147212 41063 118607
41063 118607 147212
143038 17292 74012
17292 74012 143038
74012 17292 143038
144889 119285 143785
143785 119285 144889
119285 143785 144889
93777 79770 80493
79770 80493 93777
80493 79770 93777
97912 128596 147502
128596 97912 147502
147502 97912 128596
23043 51534 142594
142594 23043 51534
51534 23043 142594
108984 64526 136778
64526 108984 136778
136778 64526 108984
30953 30216 71234
30216 30953 71234
71234 30216 30953
91003 31156 61529
61529 31156 91003
31156 61529 91003
12192 3676 146803
3676 12192 146803
146803 3676 12192
105073 78298 89451
89451 78298 105073
78298 89451 105073
130826 30633 41515
30633 41515 130826
41515 30633 130826
97030 5971 129850
5971 97030 129850
129850 5971 97030
3095 60927 101458
60927 3095 101458
101458 3095 60927
108406 59236 105307
105307 59236 108406
59236 105307 108406
76820 30598 145285
145285 30598 76820
30598 76820 145285
58545 14845 23149
23149 14845 58545
14845 23149 58545
82670 89624 101808
101808 82670 89624
89624 82670 101808
124900 48426 130734
130734 48426 124900
48426 124900 130734
102204 35713 93933
35713 93933 102204
93933 35713 102204
99236 56948 134916
56948 99236 134916
134916 56948 99236
69374 107849 124801
124801 69374 107849
107849 69374 124801
14230 43333 130532
130532 14230 43333
43333 14230 130532
98947 140206 148422
148422 98947 140206
140206 98947 148422
47533 99990 138799
138799 47533 99990
99990 47533 138799
47575 68412 82369
68412 47575 82369
82369 47575 68412
36410 47176 109049
109049 36410 47176
47176 36410 109049
62686 8884 146779
8884 62686 146779
146779 8884 62686
131391 77282 130784
130784 77282 131391
77282 130784 131391
149338 43491 59459
59459 43491 149338
43491 59459 149338
120577 10124 109708
109708 10124 120577
10124 109708 120577
114329 46639 129127
129127 46639 114329
46639 114329 129127
54122 75881 98222
98222 54122 75881
75881 54122 98222
111429 37887 66224
37887 66224 111429
66224 37887 111429
25166 55384 102491
55384 25166 102491
102491 25166 55384
4420 72823 78413
72823 4420 78413
78413 4420 72823
64199 35704 66341
35704 64199 66341
66341 35704 64199
8710 35444 104666
35444 8710 104666
104666 8710 35444
140276 107017 113328
113328 107017 140276
107017 113328 140276
103760 130066 146756
146756 103760 130066
130066 103760 146756
105427 12572 37098
37098 12572 105427
12572 37098 105427
56750 58929 139529
139529 56750 58929
58929 56750 139529
55297 45049 79213
45049 55297 79213
79213 45049 55297
34744 48127 149143
149143 34744 48127
48127 34744 149143
80111 99097 146436
146436 80111 99097
99097 80111 146436
6187 108794 149664
149664 6187 108794
108794 6187 149664
21732 23799 52961
23799 21732 52961
52961 21732 23799
91156 40955 67066
67066 40955 91156
40955 67066 91156
12048 33483 98392
98392 12048 33483
33483 12048 98392
24050 89593 97516
97516 24050 89593
89593 24050 97516
125375 37305 90223
90223 37305 125375
37305 90223 125375
44466 53683 74343
53683 44466 74343
74343 44466 53683
139596 10448 43262
43262 10448 139596
10448 43262 139596
82095 19519 81334
81334 19519 82095
19519 81334 82095
26642 30784 123297
30784 26642 123297
123297 26642 30784
66234 4825 135923
135923 4825 66234
4825 66234 135923
114935 57868 77968
77968 57868 114935
57868 77968 114935
112608 24977 74992
24977 74992 112608
74992 24977 112608
96753 25917 27509
25917 27509 96753
27509 25917 96753
12443 25533 37935
37935 12443 25533
25533 12443 37935
98684 39972 128832
39972 98684 128832
128832 39972 98684
58602 32958 62460
32958 58602 62460
62460 32958 58602
54722 98622 114473
114473 54722 98622
98622 54722 114473
94966 17347 139676
139676 17347 94966
17347 94966 139676
15650 108865 111559
111559 15650 108865
108865 15650 111559
11699 4671 49779
49779 4671 11699
4671 11699 49779
34793 42330 54366
54366 34793 42330
42330 34793 54366
132886 14014 16321
16321 14014 132886
14014 16321 132886
145731 49291 111997
111997 49291 145731
49291 111997 145731
6544 59307 113747
113747 6544 59307
59307 6544 113747
128539 7519 100003
100003 7519 128539
7519 100003 128539
19791 64463 100567
64463 19791 100567
100567 19791 64463
78836 109447 136784
136784 78836 109447
109447 78836 136784
146788 1373 47398
1373 47398 146788
47398 1373 146788
4327 56587 71633
71633 4327 56587
56587 4327 71633
149272 54262 89419
54262 89419 149272
89419 54262 149272
118253 74635 118592
74635 118253 118592
118592 74635 118253
55126 7686 96684
96684 7686 55126
7686 55126 96684
34845 107614 138795
138795 34845 107614
107614 34845 138795
38269 55188 117717
117717 38269 55188
55188 38269 117717
57021 1217 55749
55749 1217 57021
1217 55749 57021
6659 41468 64050
41468 6659 64050
64050 6659 41468
16285 43887 102389
102389 16285 43887
43887 16285 102389
117840 103708 129410
129410 103708 117840
103708 117840 129410
36434 95510 99729
95510 36434 99729
99729 36434 95510
118574 5519 102660
5519 102660 118574
102660 5519 118574
149647 47113 58842
47113 58842 149647
58842 47113 149647
128862 141044 142610
142610 128862 141044
141044 128862 142610
81339 32278 40430
32278 40430 81339
40430 32278 81339
147395 45017 136268
45017 136268 147395
136268 45017 147395
87498 34547 123832
123832 34547 87498
34547 87498 123832
73800 95874 132968
95874 73800 132968
132968 73800 95874
17556 20507 46214
20507 17556 46214
46214 17556 20507
70065 17581 53087
17581 53087 70065
53087 17581 70065
12747 79174 131383
131383 12747 79174
79174 12747 131383
130756 120743 137153
120743 130756 137153
137153 120743 130756
56070 12115 48748
48748 12115 56070
12115 48748 56070
149144 56077 133411
56077 133411 149144
133411 56077 149144
55310 87019 149995
87019 55310 149995
149995 55310 87019
27490 22410 42242
42242 22410 27490
22410 27490 42242
102876 764 40951
764 40951 102876
40951 764 102876
14999 61633 102056
61633 14999 102056
102056 14999 61633
81978 38098 49964
49964 38098 81978
38098 49964 81978
51443 33956 115529
33956 51443 115529
115529 33956 51443
96466 88515 123382
123382 88515 96466
88515 96466 123382
82781 102784 129355
102784 82781 129355
129355 82781 102784
133011 34295 65955
34295 65955 133011
65955 34295 133011
27917 19960 71711
71711 19960 27917
19960 27917 71711
110846 29967 135175
135175 29967 110846
29967 110846 135175
67379 41677 92873
41677 67379 92873
92873 41677 67379
83437 39259 123574
39259 83437 123574
123574 39259 83437
16590 44418 94087
44418 16590 94087
94087 16590 44418
116423 131108 149420
131108 116423 149420
149420 116423 131108
102585 1542 126501
1542 102585 126501
126501 1542 102585
3164 51142 88165
88165 3164 51142
51142 3164 88165
17678 80826 88448
88448 17678 80826
80826 17678 88448
17099 79778 141867
79778 17099 141867
141867 17099 79778
143397 94580 129984
129984 94580 143397
94580 129984 143397
128704 65701 79473
79473 65701 128704
65701 79473 128704
92629 104095 105590
105590 92629 104095
104095 92629 105590
61909 119875 148528
119875 61909 148528
148528 61909 119875
3149 36182 107648
107648 3149 36182
36182 3149 107648
18629 72355 111577
72355 18629 111577
111577 18629 72355
143655 28479 127011
28479 127011 143655
127011 28479 143655
59418 16069 48105
48105 16069 59418
16069 48105 59418
57282 26414 138524
26414 57282 138524
138524 26414 57282
42546 72883 143871
143871 42546 72883
72883 42546 143871
111243 76402 123664
123664 76402 111243
76402 111243 123664
50351 3412 51081
3412 50351 51081
51081 3412 50351
120232 47927 148001
47927 120232 148001
148001 47927 120232
118539 55307 97727
97727 55307 118539
55307 97727 118539
119995 43241 76891
76891 43241 119995
43241 76891 119995
81642 47903 119556
47903 81642 119556
119556 47903 81642
104161 10672 17415
17415 10672 104161
10672 17415 104161
105983 7044 22329
7044 22329 105983
22329 7044 105983
11532 93568 119645
93568 11532 119645
119645 11532 93568
109349 39390 142608
142608 39390 109349
39390 109349 142608
26546 39138 76706
39138 26546 76706
76706 26546 39138
119295 5933 78407
5933 78407 119295
78407 5933 119295
44426 15300 97413
97413 15300 44426
15300 44426 97413
140859 51205 133088
51205 133088 140859
133088 51205 140859
57069 6730 18655
18655 6730 57069
6730 18655 57069
149288 4336 132770
4336 132770 149288
132770 4336 149288
55722 7617 133260
7617 55722 133260
133260 7617 55722
122907 84519 125379
125379 84519 122907
84519 122907 125379
49041 1642 105120
1642 49041 105120
105120 1642 49041
51508 13554 105552
13554 51508 105552
105552 13554 51508
84516 40160 146730
40160 84516 146730
146730 40160 84516
138723 2904 114370
2904 114370 138723
114370 2904 138723
105955 36086 69464
36086 69464 105955
69464 36086 105955
69559 4733 19856
19856 4733 69559
4733 19856 69559
31847 24079 58650
24079 31847 58650
58650 24079 31847
3316 60028 113029
113029 3316 60028
60028 3316 113029
139639 137713 148178
137713 139639 148178
148178 137713 139639
56361 64294 127702
127702 56361 64294
64294 56361 127702
10570 57801 139710
57801 10570 139710
139710 10570 57801
33543 43815 82741
43815 33543 82741
82741 33543 43815
109540 32470 125687
125687 32470 109540
32470 109540 125687
109426 5141 65808
5141 65808 109426
65808 5141 109426
46429 170 86585
170 46429 86585
86585 170 46429
3020 3217 34103
3217 3020 34103
34103 3020 3217
11441 22463 94393
94393 11441 22463
22463 11441 94393
122114 344 147631
147631 344 122114
344 122114 147631
129811 34978 42720
34978 42720 129811
42720 34978 129811
117308 28820 135932
135932 28820 117308
28820 117308 135932
80225 51072 137592
51072 80225 137592
137592 51072 80225
99781 32016 139607
139607 32016 99781
32016 99781 139607
85968 86571 126068
86571 85968 126068
126068 85968 86571
5491 54867 82319
82319 5491 54867
54867 5491 82319
127494 105556 110118
105556 110118 127494
110118 105556 127494
90765 49576 143491
143491 49576 90765
49576 90765 143491
116396 29343 124316
124316 29343 116396
29343 116396 124316
27596 3334 66878
3334 27596 66878
66878 3334 27596
126889 39788 113247
113247 39788 126889
39788 113247 126889
108524 78596 130319
78596 108524 130319
130319 78596 108524
102443 3405 141551
141551 3405 102443
3405 102443 141551
130322 37722 103766
37722 103766 130322
103766 37722 130322
149582 104200 132667
132667 104200 149582
104200 132667 149582
71739 21241 48171
21241 48171 71739
48171 21241 71739
37360 28057 30362
28057 30362 37360
30362 28057 37360
28393 42590 52991
42590 28393 52991
52991 28393 42590
107107 47862 59970
47862 59970 107107
59970 47862 107107
78118 25030 139452
25030 78118 139452
139452 25030 78118
130809 29791 66858
29791 66858 130809
66858 29791 130809
42374 68303 98120
98120 42374 68303
68303 42374 98120
55531 1696 64262
64262 1696 55531
1696 55531 64262
107683 31905 103402
31905 103402 107683
103402 31905 107683
133417 30352 48392
48392 30352 133417
30352 48392 133417
84615 6997 142766
142766 6997 84615
6997 84615 142766
126382 52333 100401
100401 52333 126382
52333 100401 126382
32369 88442 143014
143014 32369 88442
88442 32369 143014
125233 57595 60951
60951 57595 125233
57595 60951 125233
80788 108410 138478
138478 80788 108410
108410 80788 138478
93109 74937 114613
74937 93109 114613
114613 74937 93109
25565 58618 75006
75006 25565 58618
58618 25565 75006
147477 70682 111726
111726 70682 147477
70682 111726 147477
46131 46892 102005
46892 46131 102005
102005 46131 46892
146044 19922 138181
138181 19922 146044
19922 138181 146044
51193 20048 52523
52523 20048 51193
20048 51193 52523
118400 54836 146255
146255 54836 118400
54836 118400 146255
55763 38185 129928
129928 38185 55763
38185 55763 129928
57247 18225 93649
18225 57247 93649
93649 18225 57247
103857 114186 123924
123924 103857 114186
114186 103857 123924
38865 21058 72243
72243 21058 38865
21058 38865 72243
91498 40479 92942
92942 40479 91498
40479 91498 92942
149065 96865 149937
96865 149065 149937
149937 96865 149065
39016 94002 148092
148092 39016 94002
94002 39016 148092
133025 51911 110512
51911 110512 133025
110512 51911 133025
74962 1139 9057
9057 1139 74962
1139 9057 74962
22572 79525 110739
79525 22572 110739
110739 22572 79525
130304 90217 107595
107595 90217 130304
90217 107595 130304
14053 71523 73682
71523 14053 73682
73682 14053 71523
123796 22919 60506
60506 22919 123796
22919 60506 123796
55528 68692 134896
68692 55528 134896
134896 55528 68692
50254 99964 102659
102659 50254 99964
99964 50254 102659
55212 156 83899
83899 156 55212
156 55212 83899
128958 123311 125227
125227 123311 128958
123311 125227 128958
10780 25239 53773
53773 10780 25239
25239 10780 53773
132035 11816 64485
64485 11816 132035
11816 64485 132035
147905 102033 108142
102033 108142 147905
108142 102033 147905
20248 31040 78640
78640 20248 31040
31040 20248 78640
35661 36920 129932
36920 35661 129932
129932 35661 36920
122048 41359 143518
41359 122048 143518
143518 41359 122048
23856 70330 86437
86437 23856 70330
70330 23856 86437
93817 98990 141788
98990 93817 141788
141788 93817 98990
136156 109376 139568
109376 136156 139568
139568 109376 136156
43651 114235 116621
114235 43651 116621
116621 43651 114235
116070 1143 26998
1143 26998 116070
26998 1143 116070
61624 69829 71863
71863 61624 69829
69829 61624 71863
49861 41164 112195
112195 41164 49861
41164 49861 112195
85488 25813 30936
30936 25813 85488
25813 30936 85488
32838 17257 64522
64522 17257 32838
17257 32838 64522
63917 4452 144079
4452 63917 144079
144079 4452 63917
144185 10973 103347
10973 103347 144185
103347 10973 144185
22633 99861 143244
143244 22633 99861
99861 22633 143244
122697 50172 54585
50172 54585 122697
54585 50172 122697
25863 46984 99285
99285 25863 46984
46984 25863 99285
124562 101579 112331
101579 112331 124562
112331 101579 124562
37620 59330 137410
59330 37620 137410
137410 37620 59330
99511 110687 116977
110687 99511 116977
116977 99511 110687
99494 38051 41757
41757 38051 99494
38051 41757 99494
64201 77395 97748
97748 64201 77395
77395 64201 97748
100766 63938 130232
130232 63938 100766
63938 100766 130232
61162 16584 64758
64758 16584 61162
16584 61162 64758
10500 84954 116370
116370 10500 84954
84954 10500 116370
136794 38793 104994
104994 38793 136794
38793 104994 136794
1943 28638 71796
71796 1943 28638
28638 1943 71796
116794 3156 79786
3156 79786 116794
79786 3156 116794
28498 63483 102769
63483 28498 102769
102769 28498 63483
77105 68791 105129
105129 68791 77105
68791 77105 105129
68218 81359 114832
114832 68218 81359
81359 68218 114832
139517 130607 133503
133503 130607 139517
130607 133503 139517
70447 75146 121674
75146 70447 121674
121674 70447 75146
40724 50395 83828
83828 40724 50395
50395 40724 83828
75438 76163 100338
76163 75438 100338
100338 75438 76163
9911 40081 93355
93355 9911 40081
40081 9911 93355
101773 4592 138829
4592 101773 138829
138829 4592 101773
65276 82348 92640
82348 65276 92640
92640 65276 82348
143352 89356 128613
128613 89356 143352
89356 128613 143352
10404 54034 89623
54034 10404 89623
89623 10404 54034
83737 41181 107656
107656 41181 83737
41181 83737 107656
89400 29404 57483
57483 29404 89400
29404 57483 89400
9542 4518 11392
4518 9542 11392
11392 4518 9542
80816 3533 18232
18232 3533 80816
3533 18232 80816
139028 72337 75852
72337 75852 139028
75852 72337 139028
143558 8321 137619
137619 8321 143558
8321 137619 143558
87842 4303 23649
23649 4303 87842
4303 23649 87842
147167 91989 126598
91989 126598 147167
126598 91989 147167
139519 22114 147648
22114 139519 147648
147648 22114 139519
63126 9924 19114
19114 9924 63126
9924 19114 63126
71199 5017 10728
5017 10728 71199
10728 5017 71199
149551 59833 110838
110838 59833 149551
59833 110838 149551
6450 33818 117317
117317 6450 33818
33818 6450 117317
71811 94590 114861
114861 71811 94590
94590 71811 114861
49393 124371 131767
124371 49393 131767
131767 49393 124371
23390 37784 43730
43730 23390 37784
37784 23390 43730
65669 9820 126658
126658 9820 65669
9820 65669 126658
149525 120491 135969
120491 135969 149525
135969 120491 149525
35777 52736 135756
135756 35777 52736
52736 35777 135756
149833 38029 116693
116693 38029 149833
38029 116693 149833
67594 63756 103790
103790 63756 67594
63756 67594 103790
127783 81418 111415
81418 111415 127783
111415 81418 127783
44057 947 122089
122089 947 44057
947 44057 122089
75926 100693 111710
111710 75926 100693
100693 75926 111710
86649 3178 121101
3178 86649 121101
121101 3178 86649
7740 53108 118792
118792 7740 53108
53108 7740 118792
102466 35412 66902
35412 66902 102466
66902 35412 102466
6006 33509 91229
91229 6006 33509
33509 6006 91229
6358 23721 142282
142282 6358 23721
23721 6358 142282
78427 29430 95076
95076 29430 78427
29430 78427 95076
48399 112316 117186
112316 48399 117186
117186 48399 112316
133340 116479 126709
116479 126709 133340
126709 116479 133340
147771 42809 113441
113441 42809 147771
42809 113441 147771
148937 56007 146973
146973 56007 148937
56007 146973 148937
136423 62934 111704
111704 62934 136423
62934 111704 136423
26567 6066 66653
6066 26567 66653
66653 6066 26567
8115 71097 125801
71097 8115 125801
125801 8115 71097
132115 73022 131058
131058 73022 132115
73022 131058 132115
42501 60267 109488
60267 42501 109488
109488 42501 60267
27565 53171 89425
53171 27565 89425
89425 27565 53171
92662 44106 87818
87818 44106 92662
44106 87818 92662
41744 49916 90802
49916 41744 90802
90802 41744 49916
8368 40734 141256
40734 8368 141256
141256 8368 40734
94426 40106 130669
130669 40106 94426
40106 94426 130669
21192 113622 123768
113622 21192 123768
123768 21192 113622
91740 88299 101726
101726 88299 91740
88299 91740 101726
109257 104692 126856
104692 109257 126856
126856 104692 109257
105669 30117 140152
140152 30117 105669
30117 105669 140152
107135 59966 143270
143270 59966 107135
59966 107135 143270
94730 71644 75094
75094 71644 94730
71644 75094 94730
51594 110825 130573
130573 51594 110825
110825 51594 130573
48420 28005 89197
28005 48420 89197
89197 28005 48420
50372 36792 89326
36792 50372 89326
89326 36792 50372
133251 130354 147136
147136 130354 133251
130354 133251 147136
15551 44116 97846
97846 15551 44116
44116 15551 97846
90757 12877 95769
95769 12877 90757
12877 90757 95769
27671 46668 141552
141552 27671 46668
46668 27671 141552
59962 60895 93387
60895 59962 93387
93387 59962 60895
27918 34538 104898
104898 27918 34538
34538 27918 104898
83518 110564 111531
111531 83518 110564
110564 83518 111531
38547 106876 121191
106876 38547 121191
121191 38547 106876
104981 44528 134372
134372 44528 104981
44528 104981 134372
122837 29210 91345
29210 91345 122837
91345 29210 122837
32993 80684 99733
99733 32993 80684
80684 32993 99733
63138 13864 115547
13864 63138 115547
115547 13864 63138
53319 42248 69426
69426 42248 53319
42248 53319 69426
108318 11427 25407
25407 11427 108318
11427 25407 108318
46552 17609 123119
123119 17609 46552
17609 46552 123119
83845 46369 95521
95521 46369 83845
46369 83845 95521
96538 2441 51528
2441 51528 96538
51528 2441 96538
39929 24592 134604
24592 39929 134604
134604 24592 39929
91817 31232 87914
31232 87914 91817
87914 31232 91817
82783 105833 135099
135099 82783 105833
105833 82783 135099
6575 73770 123045
73770 6575 123045
123045 6575 73770
146004 53309 79691
79691 53309 146004
53309 79691 146004
143254 1860 70554
1860 70554 143254
70554 1860 143254
65355 40358 116054
40358 65355 116054
116054 40358 65355
52926 132473 142292
142292 52926 132473
132473 52926 142292
13850 87111 131579
87111 13850 131579
131579 13850 87111
119500 84009 102285
102285 84009 119500
84009 102285 119500
41070 9955 54516
9955 41070 54516
54516 9955 41070
81133 118955 129911
118955 81133 129911
129911 81133 118955
2933 27180 74613
27180 2933 74613
74613 2933 27180
125903 22729 30993
22729 30993 125903
30993 22729 125903
18215 99487 125459
99487 18215 125459
125459 18215 99487
103950 72110 73922
72110 73922 103950
73922 72110 103950
123074 56111 107997
107997 56111 123074
56111 107997 123074
124033 81955 103565
81955 103565 124033
103565 81955 124033
53480 40865 123477
123477 40865 53480
40865 53480 123477
14968 95494 95872
95872 14968 95494
95494 14968 95872
46240 113439 142635
113439 46240 142635
142635 46240 113439
1420 38615 147938
147938 1420 38615
38615 1420 147938
81592 43827 135170
43827 81592 135170
135170 43827 81592
39676 69830 101056
69830 39676 101056
101056 39676 69830
6503 11188 34651
11188 6503 34651
34651 6503 11188
125109 99735 124893
124893 99735 125109
99735 124893 125109
85119 20304 112258
112258 20304 85119
20304 85119 112258
48079 69258 126161
126161 48079 69258
69258 48079 126161
85363 36040 143087
143087 36040 85363
36040 85363 143087
40953 68495 95589
68495 40953 95589
95589 40953 68495
9442 87281 91381
91381 9442 87281
87281 9442 91381
68363 118390 126819
118390 68363 126819
126819 68363 118390
5465 84486 108719
84486 5465 108719
108719 5465 84486
1177 5836 106253
106253 1177 5836
5836 1177 106253
21289 20059 103219
20059 21289 103219
103219 20059 21289
139878 45614 50910
50910 45614 139878
45614 50910 139878
107313 70045 111196
111196 70045 107313
70045 107313 111196
114411 59496 142913
142913 59496 114411
59496 114411 142913
42439 11139 91884
91884 11139 42439
11139 42439 91884
13403 121709 124404
121709 13403 124404
124404 13403 121709
147189 85295 129297
129297 85295 147189
85295 129297 147189
27534 136907 140247
136907 27534 140247
140247 27534 136907
102768 3232 51692
51692 3232 102768
3232 51692 102768
18452 30663 122984
30663 18452 122984
122984 18452 30663
35108 11614 137877
11614 35108 137877
137877 11614 35108
146970 50873 97140
97140 50873 146970
50873 97140 146970
5423 29959 84926
29959 5423 84926
84926 5423 29959
117892 21046 141663
21046 117892 141663
141663 21046 117892
105719 22713 56877
22713 56877 105719
56877 22713 105719
148891 39278 87902
87902 39278 148891
39278 87902 148891
107979 100529 148112
148112 100529 107979
100529 107979 148112
35400 14623 26618
14623 26618 35400
26618 14623 35400
68331 54635 79051
79051 54635 68331
54635 68331 79051
90445 90709 128873
90709 90445 128873
128873 90445 90709
27179 4775 39251
39251 4775 27179
4775 27179 39251
146221 38172 110531
38172 110531 146221
110531 38172 146221
8335 86835 107882
107882 8335 86835
86835 8335 107882
67404 7103 139016
7103 67404 139016
139016 7103 67404
43989 40658 61372
61372 40658 43989
40658 43989 61372
76980 2758 28453
28453 2758 76980
2758 28453 76980
20331 31816 132449
31816 20331 132449
132449 20331 31816
56488 73475 86288
73475 56488 86288
86288 56488 73475
88392 8068 114505
8068 88392 114505
114505 8068 88392
125478 25372 82776
82776 25372 125478
25372 82776 125478
50474 20939 92049
20939 50474 92049
92049 20939 50474
51827 89801 138811
89801 51827 138811
138811 51827 89801
77 100983 114968
100983 77 114968
114968 77 100983
12182 49053 126559
126559 12182 49053
49053 12182 126559
63612 14556 54676
54676 14556 63612
14556 54676 63612
38503 47750 97445
97445 38503 47750
47750 38503 97445
72391 20098 62980
62980 20098 72391
20098 62980 72391
131055 58293 72680
58293 72680 131055
72680 58293 131055
112479 77448 145599
145599 77448 112479
77448 112479 145599
138874 34807 95059
95059 34807 138874
34807 95059 138874
78539 1998 111500
1998 78539 111500
111500 1998 78539
35870 87591 126477
87591 35870 126477
126477 35870 87591
98138 29082 126478
126478 29082 98138
29082 98138 126478
139682 2498 97026
2498 97026 139682
97026 2498 139682
146232 100805 106333
100805 106333 146232
106333 100805 146232
19411 486 148296
148296 486 19411
486 19411 148296
133782 23787 116918
116918 23787 133782
23787 116918 133782
8052 15109 126353
15109 8052 126353
126353 8052 15109
84582 46590 47230
47230 46590 84582
46590 47230 84582
119376 20933 34611
20933 34611 119376
34611 20933 119376
13865 93718 113269
93718 13865 113269
113269 13865 93718
116727 55431 147483
147483 55431 116727
55431 116727 147483
145904 2010 24471
2010 24471 145904
24471 2010 145904
54652 36025 64651
36025 54652 64651
64651 36025 54652
135529 24182 132491
24182 132491 135529
132491 24182 135529
106028 2786 33109
33109 2786 106028
2786 33109 106028
3488 110738 149170
149170 3488 110738
110738 3488 149170
46275 5211 130934
5211 46275 130934
130934 5211 46275
20992 37659 68010
37659 20992 68010
68010 20992 37659
13358 51953 57083
57083 13358 51953
51953 13358 57083
81860 37716 121787
121787 37716 81860
37716 81860 121787
78089 82489 92327
92327 78089 82489
82489 78089 92327
52473 51999 107066
51999 52473 107066
107066 51999 52473
109634 23437 43715
23437 43715 109634
43715 23437 109634
31563 10549 111543
111543 10549 31563
10549 31563 111543
86933 120977 131218
120977 86933 131218
131218 86933 120977
104638 58195 114900
58195 104638 114900
114900 58195 104638
99384 31115 76722
31115 76722 99384
76722 31115 99384
119710 17837 84212
17837 84212 119710
84212 17837 119710
5860 90128 105408
105408 5860 90128
90128 5860 105408
98986 122430 123313
122430 98986 123313
123313 98986 122430
47119 34222 91353
91353 34222 47119
34222 47119 91353
62101 74192 137752
137752 62101 74192
74192 62101 137752
91237 24448 127572
24448 91237 127572
127572 24448 91237
40843 25712 95252
95252 25712 40843
25712 40843 95252
135015 8585 57851
8585 57851 135015
57851 8585 135015
35524 119323 149966
119323 35524 149966
149966 35524 119323
140155 36293 121136
121136 36293 140155
36293 121136 140155
66150 113584 145353
145353 66150 113584
113584 66150 145353
114503 60235 114808
114808 60235 114503
60235 114503 114808
5244 43351 55317
55317 5244 43351
43351 5244 55317
92088 39981 123626
39981 92088 123626
123626 39981 92088
142138 116398 137581
116398 137581 142138
137581 116398 142138
135037 50130 99508
50130 99508 135037
99508 50130 135037
22885 15647 113124
113124 15647 22885
15647 22885 113124
97952 83457 122111
122111 83457 97952
83457 97952 122111
103810 22824 99712
99712 22824 103810
22824 99712 103810
59449 91643 123470
91643 59449 123470
123470 59449 91643
14809 6469 8134
6469 8134 14809
8134 6469 14809
119652 83733 104057
83733 104057 119652
104057 83733 119652
56705 12652 29986
12652 29986 56705
29986 12652 56705
83620 49959 90136
90136 49959 83620
49959 83620 90136
143737 55933 93406
93406 55933 143737
55933 93406 143737
70619 39595 55023
39595 55023 70619
55023 39595 70619
124724 11897 34188
11897 34188 124724
34188 11897 124724
106373 43062 46861
43062 46861 106373
46861 43062 106373
48439 46148 86944
86944 46148 48439
46148 48439 86944
95269 81190 148776
148776 81190 95269
81190 95269 148776
9406 11047 26718
11047 9406 26718
26718 9406 11047
101550 54921 88995
88995 54921 101550
54921 88995 101550
115273 69494 69914
69914 69494 115273
69494 69914 115273
73994 49595 127888
127888 49595 73994
49595 73994 127888
130922 28237 118655
28237 118655 130922
118655 28237 130922
70420 133244 134068
134068 70420 133244
133244 70420 134068
55698 43335 62540
43335 55698 62540
62540 43335 55698
33562 24076 126695
24076 33562 126695
126695 24076 33562
63955 16760 25716
25716 16760 63955
16760 25716 63955
82058 102618 123410
123410 82058 102618
102618 82058 123410
148485 33047 73045
33047 73045 148485
73045 33047 148485
32370 19197 144516
144516 19197 32370
19197 32370 144516
110479 47045 131670
131670 47045 110479
47045 110479 131670
15295 19122 108977
19122 15295 108977
108977 15295 19122
15990 32101 134194
134194 15990 32101
32101 15990 134194
35924 22490 76690
22490 35924 76690
76690 22490 35924
53644 8847 37823
8847 37823 53644
37823 8847 53644
80664 4632 60903
4632 60903 80664
60903 4632 80664
98934 56025 118393
118393 56025 98934
56025 98934 118393
66008 17110 29819
17110 29819 66008
29819 17110 66008
68255 65008 114598
65008 68255 114598
114598 65008 68255
8677 20178 124975
124975 8677 20178
20178 8677 124975
21729 26806 144349
144349 21729 26806
26806 21729 144349
82565 82049 93838
82049 82565 93838
93838 82049 82565
39317 3874 38878
3874 38878 39317
38878 3874 39317
52277 71090 80620
80620 52277 71090
71090 52277 80620
66095 21512 86728
86728 21512 66095
21512 66095 86728
111968 92134 120624
120624 92134 111968
92134 111968 120624
134066 26872 106636
106636 26872 134066
26872 106636 134066
23145 52204 83246
52204 23145 83246
83246 23145 52204
61692 36814 43697
43697 36814 61692
36814 43697 61692
7068 62697 74747
74747 7068 62697
62697 7068 74747
109535 40305 99877
99877 40305 109535
40305 99877 109535
1921 70155 103652
70155 1921 103652
103652 1921 70155
129604 65346 122814
122814 65346 129604
65346 122814 129604
35367 73129 145772
73129 35367 145772
145772 35367 73129
131402 78576 122010
122010 78576 131402
78576 122010 131402
63471 58249 69056
58249 63471 69056
69056 58249 63471
42563 49948 67353
67353 42563 49948
49948 42563 67353
32105 84080 141133
141133 32105 84080
84080 32105 141133
105071 60215 76700
76700 60215 105071
60215 76700 105071
140549 52575 118548
52575 118548 140549
118548 52575 140549
15236 7908 117802
117802 7908 15236
7908 15236 117802
1972 2725 52642
2725 1972 52642
52642 1972 2725
28543 17840 27421
17840 27421 28543
27421 17840 28543
32646 44511 91291
44511 32646 91291
91291 32646 44511
118084 6976 115655
115655 6976 118084
6976 115655 118084
26319 92843 147983
147983 26319 92843
92843 26319 147983
18913 27102 49917
27102 18913 49917
49917 18913 27102
84967 38033 147852
147852 38033 84967
38033 84967 147852
11007 36454 134225
134225 11007 36454
36454 11007 134225
135643 57961 82863
57961 82863 135643
82863 57961 135643
56110 23800 28205
28205 23800 56110
23800 28205 56110
69743 3423 137261
137261 3423 69743
3423 69743 137261
16927 90097 121308
121308 16927 90097
90097 16927 121308
13732 80163 112579
80163 13732 112579
112579 13732 80163
142541 49878 50133
50133 49878 142541
49878 50133 142541
76877 66119 74429
66119 74429 76877
74429 66119 76877
35129 38416 126341
126341 35129 38416
38416 35129 126341
58111 48175 64909
48175 58111 64909
64909 48175 58111
32119 49189 100776
49189 32119 100776
100776 32119 49189
147128 16278 116280
16278 116280 147128
116280 16278 147128
112949 1604 139276
139276 1604 112949
1604 112949 139276
144333 27139 93700
27139 93700 144333
93700 27139 144333
80807 65870 125480
65870 80807 125480
125480 65870 80807
23049 25388 61109
61109 23049 25388
25388 23049 61109
7183 103279 143604
103279 7183 143604
143604 7183 103279
116305 82578 110603
110603 82578 116305
82578 110603 116305
138088 95042 134992
95042 134992 138088
134992 95042 138088
38806 25171 94742
94742 25171 38806
25171 38806 94742
30424 15270 132093
132093 15270 30424
15270 30424 132093
59522 41560 55829
41560 55829 59522
55829 41560 59522
141933 57384 142900
57384 141933 142900
142900 57384 141933
148819 59208 123479
59208 123479 148819
123479 59208 148819
101740 80997 135997
135997 80997 101740
80997 101740 135997
117905 65861 100886
65861 100886 117905
100886 65861 117905
105069 4936 87098
87098 4936 105069
4936 87098 105069
13773 47630 123042
123042 13773 47630
47630 13773 123042
140390 8967 20357
8967 20357 140390
20357 8967 140390
67540 85893 95920
85893 67540 95920
95920 67540 85893
68609 14434 32871
32871 14434 68609
14434 32871 68609
139826 80365 91616
80365 91616 139826
91616 80365 139826
2806 31855 58852
58852 2806 31855
31855 2806 58852
39371 21114 123029
21114 39371 123029
123029 21114 39371
7598 43564 56395
56395 7598 43564
43564 7598 56395
99673 46454 74736
74736 46454 99673
46454 74736 99673
123176 7978 17229
7978 17229 123176
17229 7978 123176
1723 122974 139805
139805 1723 122974
122974 1723 139805
98807 66555 106536
106536 66555 98807
66555 98807 106536
85098 41175 133716
133716 41175 85098
41175 85098 133716
131543 55551 83612
55551 83612 131543
83612 55551 131543
42118 17143 125334
125334 17143 42118
17143 42118 125334
55436 76437 134699
134699 55436 76437
76437 55436 134699
81779 29699 136332
29699 81779 136332
136332 29699 81779
30755 95240 146131
146131 30755 95240
95240 30755 146131
137811 51682 118852
51682 118852 137811
118852 51682 137811
49450 27739 50561
50561 27739 49450
27739 49450 50561
43170 60570 87883
87883 43170 60570
60570 43170 87883
119628 53371 96302
96302 53371 119628
53371 96302 119628
13937 10146 93677
10146 13937 93677
93677 10146 13937
55804 105894 121534
105894 55804 121534
121534 55804 105894
76727 46117 71719
46117 71719 76727
71719 46117 76727
142546 38535 68127
68127 38535 142546
38535 68127 142546
67077 88878 97047
88878 67077 97047
97047 67077 88878
76086 47223 113650
113650 47223 76086
47223 76086 113650
23207 47492 135176
47492 23207 135176
135176 23207 47492
119197 14673 66760
14673 66760 119197
66760 14673 119197
54825 12258 60778
60778 12258 54825
12258 54825 60778
38831 28316 58860
58860 28316 38831
28316 38831 58860
98093 3301 40048
40048 3301 98093
3301 40048 98093
1554 66835 107822
107822 1554 66835
66835 1554 107822
57914 5124 98952
5124 57914 98952
98952 5124 57914
4839 51399 104858
51399 4839 104858
104858 4839 51399
119664 13571 148901
13571 119664 148901
148901 13571 119664
79966 19886 44656
44656 19886 79966
19886 44656 79966
125251 31070 82924
82924 31070 125251
31070 82924 125251
115759 50662 122452
