1845 4182 8463
4182 1845 8463
8463 1845 4182
2259 678 6209
6209 678 2259
678 2259 6209
422 710 6879
6879 422 710
710 422 6879
13855 226 914
914 226 13855
226 914 13855
14441 4955 10876
10876 4955 14441
4955 10876 14441
6486 1684 6114
1684 6114 6486
6114 1684 6486
8057 13415 13683
13683 8057 13415
13415 8057 13683
1019 11256 12766
11256 1019 12766
12766 1019 11256
1698 10514 14463
10514 1698 14463
14463 1698 10514
11752 7711 9879
9879 7711 11752
7711 9879 11752
10594 8085 9131
8085 9131 10594
9131 8085 10594
12973 10139 13898
13898 10139 12973
10139 12973 13898
12688 939 14652
14652 939 12688
939 12688 14652
5307 8082 11937
8082 5307 11937
11937 5307 8082
6750 937 13452
13452 937 6750
937 6750 13452
10175 830 7854
7854 830 10175
830 7854 10175
2521 951 1463
951 1463 2521
1463 951 2521
5328 8703 9292
9292 5328 8703
8703 5328 9292
2319 3257 5459
5459 2319 3257
3257 2319 5459
10893 1784 10274
10274 1784 10893
1784 10274 10893
7747 1163 2865
1163 2865 7747
2865 1163 7747
412 1815 9141
9141 412 1815
1815 412 9141
13070 10338 11055
11055 10338 13070
10338 11055 13070
1714 746 6193
6193 746 1714
746 1714 6193
6321 6848 8340
8340 6321 6848
6848 6321 8340
12497 1310 13626
1310 12497 13626
13626 1310 12497
2515 2177 7612
7612 2177 2515
2177 2515 7612
8020 10267 10419
10267 8020 10419
10419 8020 10267
2026 2392 4942
4942 2026 2392
2392 2026 4942
7684 13506 14444
13506 7684 14444
14444 7684 13506
1512 9199 11873
11873 1512 9199
9199 1512 11873
11871 565 10658
565 10658 11871
10658 565 11871
33 7093 12600
12600 33 7093
7093 33 12600
13441 14746 14808
14746 13441 14808
14808 13441 14746
5196 3780 9569
9569 3780 5196
3780 5196 9569
5668 3371 10099
10099 3371 5668
3371 5668 10099
355 1192 11041
11041 355 1192
1192 355 11041
12703 2347 6255
2347 6255 12703
6255 2347 12703
14469 4375 5289
4375 5289 14469
5289 4375 14469
9111 9719 13316
9719 9111 13316
13316 9111 9719
2229 4494 11704
4494 2229 11704
11704 2229 4494
1407 448 10588
10588 448 1407
448 1407 10588
11824 2555 7673
2555 7673 11824
7673 2555 11824
14078 293 10256
293 10256 14078
10256 293 14078
14551 1274 14791
14791 1274 14551
1274 14551 14791
1143 8792 9182
8792 1143 9182
9182 1143 8792
9438 647 7123
7123 647 9438
647 7123 9438
12064 323 7889
323 7889 12064
7889 323 12064
9453 1788 11521
1788 9453 11521
11521 1788 9453
7306 3703 12695
3703 7306 12695
12695 3703 7306
10357 2631 6585
2631 6585 10357
6585 2631 10357
9065 1158 13570
13570 1158 9065
1158 9065 13570
6564 1062 8685
8685 1062 6564
1062 6564 8685
11341 60 2683
2683 60 11341
60 2683 11341
11148 9988 13581
9988 11148 13581
13581 9988 11148
10891 4453 5643
4453 5643 10891
5643 4453 10891
1535 847 5198
847 1535 5198
5198 847 1535
12545 3797 8995
3797 8995 12545
8995 3797 12545
818 1479 13903
13903 818 1479
1479 818 13903
290 988 14863
988 290 14863
14863 290 988
14873 9884 9922
9922 9884 14873
9884 9922 14873
2070 4805 8267
4805 2070 8267
8267 2070 4805
2899 3550 3551
3551 2899 3550
3550 2899 3551
751 5396 12603
5396 751 12603
12603 751 5396
11442 7655 8019
8019 7655 11442
7655 8019 11442
6149 4499 5041
4499 5041 6149
5041 4499 6149
12416 2386 8282
8282 2386 12416
2386 8282 12416
12999 1191 7696
7696 1191 12999
1191 7696 12999
13298 10370 14013
14013 10370 13298
10370 13298 14013
7156 8284 8978
8284 7156 8978
8978 7156 8284
11607 5505 6137
5505 6137 11607
6137 5505 11607
14972 6332 6936
6936 6332 14972
6332 6936 14972
2751 5908 9571
9571 2751 5908
5908 2751 9571
425 7839 8744
7839 425 8744
8744 425 7839
4680 6084 13639
6084 4680 13639
13639 4680 6084
14475 4663 11957
4663 11957 14475
11957 4663 14475
8442 4797 8308
8308 4797 8442
4797 8308 8442
3935 10311 14645
10311 3935 14645
14645 3935 10311
9725 10021 11079
11079 9725 10021
10021 9725 11079
9387 3737 4917
3737 4917 9387
4917 3737 9387
2917 4613 12956
12956 2917 4613
4613 2917 12956
6770 191 6826
6826 191 6770
191 6770 6826
11994 8325 10984
8325 10984 11994
10984 8325 11994
8833 10116 11830
10116 8833 11830
11830 8833 10116
5636 9645 12506
9645 5636 12506
12506 5636 9645
14261 5297 14678
14678 5297 14261
5297 14261 14678
7727 3911 8053
3911 7727 8053
8053 3911 7727
2776 1848 8087
1848 2776 8087
8087 1848 2776
13480 1066 7330
1066 7330 13480
7330 1066 13480
13494 8624 13612
13612 8624 13494
8624 13494 13612
7448 1764 9535
1764 7448 9535
9535 1764 7448
2525 7319 12044
12044 2525 7319
7319 2525 12044
2650 6724 9743
6724 2650 9743
9743 2650 6724
14130 6213 10786
6213 10786 14130
10786 6213 14130
10456 6161 7230
6161 7230 10456
7230 6161 10456
12909 13895 14598
14598 12909 13895
13895 12909 14598
12701 10973 14417
14417 10973 12701
10973 12701 14417
667 12977 13562
13562 667 12977
12977 667 13562
7253 1975 8012
1975 7253 8012
8012 1975 7253
5561 3578 9441
3578 5561 9441
9441 3578 5561
2773 4038 6307
4038 2773 6307
6307 2773 4038
6338 4335 13427
13427 4335 6338
4335 6338 13427
2401 7677 9841
9841 2401 7677
7677 2401 9841
12837 5483 14269
5483 12837 14269
14269 5483 12837
11667 4637 9026
4637 9026 11667
9026 4637 11667
8858 10245 11280
11280 8858 10245
10245 8858 11280
4471 5061 14512
14512 4471 5061
5061 4471 14512
6257 4799 13632
13632 4799 6257
4799 6257 13632
8775 170 4504
4504 170 8775
170 4504 8775
10509 8855 10485
10485 8855 10509
8855 10485 10509
7062 6820 12899
6820 7062 12899
12899 6820 7062
1230 12792 14072
14072 1230 12792
12792 1230 14072
10831 5150 10026
5150 10026 10831
10026 5150 10831
4089 5832 11448
5832 4089 11448
11448 4089 5832
2717 6860 8984
6860 2717 8984
8984 2717 6860
14646 3341 14347
3341 14347 14646
14347 3341 14646
8837 8807 14658
8807 8837 14658
14658 8807 8837
2843 7029 10827
10827 2843 7029
7029 2843 10827
12757 9395 10912
10912 9395 12757
9395 10912 12757
12484 11135 11822
11135 11822 12484
11822 11135 12484
14186 770 7460
7460 770 14186
770 7460 14186
8084 1563 5183
1563 5183 8084
5183 1563 8084
12597 11270 12488
11270 12488 12597
12488 11270 12597
1729 4229 5347
5347 1729 4229
4229 1729 5347
13565 7225 11444
7225 11444 13565
11444 7225 13565
10573 3328 4284
4284 3328 10573
3328 4284 10573
7378 316 6739
6739 316 7378
316 6739 7378
13161 3957 7332
3957 7332 13161
7332 3957 13161
1203 10704 11809
10704 1203 11809
11809 1203 10704
7785 2410 12406
12406 2410 7785
2410 7785 12406
3226 6565 11370
6565 3226 11370
11370 3226 6565
11290 104 11710
11710 104 11290
104 11290 11710
4890 803 13291
13291 803 4890
803 4890 13291
28 3049 10467
3049 28 10467
10467 28 3049
7744 7615 9559
9559 7615 7744
7615 7744 9559
12628 4892 6893
4892 6893 12628
6893 4892 12628
9234 6537 8642
8642 6537 9234
6537 8642 9234
8820 4973 8686
4973 8686 8820
8686 4973 8820
3505 6066 6445
6066 3505 6445
6445 3505 6066
11841 4476 14386
14386 4476 11841
4476 11841 14386
1843 6657 9684
9684 1843 6657
6657 1843 9684
12278 7966 9269
9269 7966 12278
7966 9269 12278
8795 5458 9721
5458 8795 9721
9721 5458 8795
7949 7725 12115
7725 7949 12115
12115 7725 7949
8092 9012 10191
10191 8092 9012
9012 8092 10191
2966 7642 12019
12019 2966 7642
7642 2966 12019
11943 10009 12135
10009 11943 12135
12135 10009 11943
331 8344 10141
8344 331 10141
10141 331 8344
2805 2923 2990
2923 2805 2990
2990 2805 2923
242 525 13375
13375 242 525
525 242 13375
11969 1261 5773
5773 1261 11969
1261 5773 11969
14096 791 11037
11037 791 14096
791 11037 14096
11954 3234 9582
9582 3234 11954
3234 9582 11954
1431 2209 5897
5897 1431 2209
2209 1431 5897
5330 8338 13032
13032 5330 8338
8338 5330 13032
10300 3553 14341
14341 3553 10300
3553 10300 14341
4214 2504 10321
10321 2504 4214
2504 4214 10321
949 1218 11732
1218 949 11732
11732 949 1218
14298 360 4054
4054 360 14298
360 4054 14298
12564 552 13215
552 12564 13215
13215 552 12564
10416 6693 10592
10592 6693 10416
6693 10416 10592
1009 4201 13277
13277 1009 4201
4201 1009 13277
12335 821 13539
13539 821 12335
821 12335 13539
11942 10954 13915
13915 10954 11942
10954 11942 13915
13650 1565 4747
1565 4747 13650
4747 1565 13650
14624 9977 12704
12704 9977 14624
9977 12704 14624
654 2903 5833
5833 654 2903
2903 654 5833
7242 8449 9572
9572 7242 8449
8449 7242 9572
4334 5539 7299
7299 4334 5539
5539 4334 7299
6284 1552 3489
3489 1552 6284
1552 3489 6284
11758 13952 14192
13952 11758 14192
14192 11758 13952
3165 4220 5776
4220 3165 5776
5776 3165 4220
12833 2593 14331
14331 2593 12833
2593 12833 14331
8486 362 7131
7131 362 8486
362 7131 8486
4972 5973 12473
5973 4972 12473
12473 4972 5973
2134 8378 8907
8378 2134 8907
8907 2134 8378
7492 640 7191
640 7191 7492
7191 640 7492
11923 1522 2944
1522 2944 11923
2944 1522 11923
10211 1708 4543
4543 1708 10211
1708 4543 10211
3046 8782 10660
10660 3046 8782
8782 3046 10660
457 1222 7226
1222 457 7226
7226 457 1222
861 7690 14699
7690 861 14699
14699 861 7690
2124 1981 5239
5239 1981 2124
1981 2124 5239
12363 2931 6518
2931 6518 12363
6518 2931 12363
1154 2513 5887
5887 1154 2513
2513 1154 5887
6738 4125 7754
4125 6738 7754
7754 4125 6738
9043 1909 13154
1909 9043 13154
13154 1909 9043
3038 4708 7664
4708 3038 7664
7664 3038 4708
3060 10564 13113
13113 3060 10564
10564 3060 13113
6316 765 10319
765 6316 10319
10319 765 6316
14813 2387 12121
12121 2387 14813
2387 12121 14813
6185 4811 7304
7304 4811 6185
4811 6185 7304
9697 5322 7207
5322 7207 9697
7207 5322 9697
6692 495 13749
13749 495 6692
495 6692 13749
8402 10871 14087
14087 8402 10871
10871 8402 14087
4590 927 4291
927 4291 4590
4291 927 4590
8756 3686 14546
3686 8756 14546
14546 3686 8756
13851 4850 11660
4850 11660 13851
11660 4850 13851
13072 2063 5312
5312 2063 13072
2063 5312 13072
11391 61 1930
1930 61 11391
61 1930 11391
11663 7882 13916
13916 7882 11663
7882 11663 13916
7377 6337 7967
7967 6337 7377
6337 7377 7967
1220 2256 3425
3425 1220 2256
2256 1220 3425
6574 13493 14834
13493 6574 14834
14834 6574 13493
11071 3458 13966
3458 11071 13966
13966 3458 11071
9284 11773 13401
11773 9284 13401
13401 9284 11773
14588 2791 11906
11906 2791 14588
2791 11906 14588
4608 7375 11046
11046 4608 7375
7375 4608 11046
11308 131 8183
131 8183 11308
8183 131 11308
13157 6108 14535
6108 13157 14535
14535 6108 13157
8494 1961 4106
1961 4106 8494
4106 1961 8494
7910 936 11349
936 7910 11349
11349 936 7910
14729 5334 8411
5334 8411 14729
8411 5334 14729
10630 1908 10028
10028 1908 10630
1908 10028 10630
6967 3412 4755
4755 3412 6967
3412 4755 6967
5793 460 12723
460 5793 12723
12723 460 5793
9215 12466 13365
12466 9215 13365
13365 9215 12466
358 7090 9513
9513 358 7090
7090 358 9513
13197 2784 12613
2784 12613 13197
12613 2784 13197
11459 12747 13062
13062 11459 12747
12747 11459 13062
1803 8241 10017
8241 1803 10017
10017 1803 8241
13858 10490 14498
14498 10490 13858
10490 13858 14498
8390 1472 2031
1472 2031 8390
2031 1472 8390
10766 3563 13321
3563 10766 13321
13321 3563 10766
2672 2283 5882
2283 2672 5882
5882 2283 2672
4348 8394 13954
8394 4348 13954
13954 4348 8394
7958 929 2663
2663 929 7958
929 2663 7958
11529 7153 10745
7153 10745 11529
10745 7153 11529
1730 2098 7913
2098 1730 7913
7913 1730 2098
100 6995 7937
7937 100 6995
6995 100 7937
14884 2635 13107
2635 13107 14884
13107 2635 14884
4676 3208 12839
3208 4676 12839
12839 3208 4676
18 1214 8776
1214 18 8776
8776 18 1214
4501 4289 9913
9913 4289 4501
4289 4501 9913
8710 8626 11233
11233 8626 8710
8626 8710 11233
14208 10337 11924
11924 10337 14208
10337 11924 14208
3820 5068 7250
5068 3820 7250
7250 3820 5068
4433 19 13820
13820 19 4433
19 4433 13820
5856 193 1302
193 1302 5856
1302 193 5856
5676 2809 7321
2809 5676 7321
7321 2809 5676
4175 7025 14152
14152 4175 7025
7025 4175 14152
13299 3883 4298
3883 4298 13299
4298 3883 13299
634 6800 10671
10671 634 6800
6800 634 10671
1386 6594 6743
6594 1386 6743
6743 1386 6594
8468 5049 14127
5049 8468 14127
14127 5049 8468
7121 4576 7868
7868 4576 7121
4576 7121 7868
3854 3352 9860
9860 3352 3854
3352 3854 9860
11026 10173 14842
10173 11026 14842
14842 10173 11026
13681 756 2743
756 2743 13681
2743 756 13681
8368 3167 14878
14878 3167 8368
3167 8368 14878
9811 1440 10844
10844 1440 9811
1440 9811 10844
8704 1704 14879
14879 1704 8704
1704 8704 14879
6057 1950 10728
1950 6057 10728
10728 1950 6057
13195 4584 13000
13000 4584 13195
4584 13000 13195
9740 700 7635
7635 700 9740
700 7635 9740
9727 6352 13746
6352 9727 13746
13746 6352 9727
12179 3055 3112
3055 3112 12179
3112 3055 12179
7706 900 4236
4236 900 7706
900 4236 7706
6271 5743 14185
5743 6271 14185
14185 5743 6271
6222 8716 10036
8716 6222 10036
10036 6222 8716
6282 180 8014
8014 180 6282
180 6282 8014
12940 6547 9808
9808 6547 12940
6547 9808 12940
11289 288 12150
12150 288 11289
288 11289 12150
6471 8199 10069
8199 6471 10069
10069 6471 8199
2255 9895 12579
9895 2255 12579
12579 2255 9895
889 8621 11980
11980 889 8621
8621 889 11980
12631 333 480
480 333 12631
333 480 12631
8293 3815 5197
3815 5197 8293
5197 3815 8293
6480 273 14713
273 6480 14713
14713 273 6480
9277 2397 7349
7349 2397 9277
2397 7349 9277
11223 6000 13303
13303 6000 11223
6000 11223 13303
12994 429 4014
4014 429 12994
429 4014 12994
2810 14089 14703
14703 2810 14089
14089 2810 14703
5974 1456 5878
5878 1456 5974
1456 5878 5974
14577 7908 8223
8223 7908 14577
7908 8223 14577
4894 10015 12572
10015 4894 12572
12572 4894 10015
12191 12117 12511
12117 12191 12511
12511 12117 12191
14992 12012 13888
13888 12012 14992
12012 13888 14992
6762 9140 11142
11142 6762 9140
9140 6762 11142
6050 10324 13417
10324 6050 13417
13417 6050 10324
10289 1121 3476
1121 3476 10289
3476 1121 10289
8810 4918 6133
4918 6133 8810
6133 4918 8810
3677 430 12192
12192 430 3677
430 3677 12192
3197 2267 5175
2267 3197 5175
5175 2267 3197
3286 8727 11424
8727 3286 11424
11424 3286 8727
3403 3095 13753
13753 3095 3403
3095 3403 13753
6013 7308 8639
7308 6013 8639
8639 6013 7308
8229 5374 7575
7575 5374 8229
5374 7575 8229
14203 1036 7723
7723 1036 14203
1036 7723 14203
11737 3766 10427
10427 3766 11737
3766 10427 11737
8026 10474 14971
10474 8026 14971
14971 8026 10474
1959 7737 8552
7737 1959 8552
8552 1959 7737
7146 9133 14312
9133 7146 14312
14312 7146 9133
2780 6593 10243
10243 2780 6593
6593 2780 10243
13317 10793 12805
10793 12805 13317
12805 10793 13317
2010 881 9611
881 2010 9611
9611 881 2010
13705 1570 2079
1570 2079 13705
2079 1570 13705
230 7774 9707
7774 230 9707
9707 230 7774
2816 7561 12825
7561 2816 12825
12825 2816 7561
592 8098 10409
8098 592 10409
10409 592 8098
12795 1580 3042
3042 1580 12795
1580 3042 12795
11166 3121 3632
3632 3121 11166
3121 3632 11166
14247 6732 12265
12265 6732 14247
6732 12265 14247
717 601 12801
601 717 12801
12801 601 717
10547 8616 10203
8616 10203 10547
10203 8616 10547
225 7878 12692
7878 225 12692
12692 225 7878
13595 5938 7122
5938 7122 13595
7122 5938 13595
2529 138 5673
5673 138 2529
138 2529 5673
11605 11751 12449
11751 11605 12449
12449 11605 11751
8815 1043 2261
1043 2261 8815
2261 1043 8815
11760 9632 11429
11429 9632 11760
9632 11429 11760
1990 2264 3267
2264 1990 3267
3267 1990 2264
5686 1557 9581
9581 1557 5686
1557 5686 9581
1738 6963 11599
6963 1738 11599
11599 1738 6963
2738 950 7489
950 2738 7489
7489 950 2738
320 3380 4310
4310 320 3380
3380 320 4310
5440 9664 14767
9664 5440 14767
14767 5440 9664
3610 11454 14003
14003 3610 11454
11454 3610 14003
44 3033 6532
3033 44 6532
6532 44 3033
4034 1322 13223
1322 4034 13223
13223 1322 4034
14747 11200 11827
11200 11827 14747
11827 11200 14747
14783 11228 14889
11228 14783 14889
14889 11228 14783
7015 382 10148
10148 382 7015
382 7015 10148
10576 5337 10114
10114 5337 10576
5337 10114 10576
13533 2103 5662
5662 2103 13533
2103 5662 13533
3678 3626 12273
3626 3678 12273
12273 3626 3678
9773 714 7264
714 7264 9773
7264 714 9773
7585 1106 14697
1106 7585 14697
14697 1106 7585
8005 1003 12745
12745 1003 8005
1003 8005 12745
13475 395 4459
395 4459 13475
4459 395 13475
8886 14653 14751
14751 8886 14653
14653 8886 14751
11398 9517 11469
9517 11398 11469
11469 9517 11398
1854 6017 8545
6017 1854 8545
8545 1854 6017
318 4621 9558
4621 318 9558
9558 318 4621
6925 1536 2910
1536 2910 6925
2910 1536 6925
2407 6597 14660
14660 2407 6597
6597 2407 14660
4485 3168 9641
3168 4485 9641
9641 3168 4485
8734 393 13230
393 8734 13230
13230 393 8734
11656 5120 5148
5148 5120 11656
5120 5148 11656
4368 573 6645
6645 573 4368
573 4368 6645
10679 6261 8781
6261 8781 10679
8781 6261 10679
9553 2851 5070
2851 5070 9553
5070 2851 9553
4872 1084 7396
1084 4872 7396
7396 1084 4872
943 984 2949
984 943 2949
2949 943 984
7452 2543 7382
7382 2543 7452
2543 7382 7452
6004 13342 14959
14959 6004 13342
13342 6004 14959
3529 2297 13713
2297 3529 13713
13713 2297 3529
8472 8184 11690
8184 8472 11690
11690 8184 8472
713 7564 13530
7564 713 13530
13530 713 7564
4355 7759 9075
9075 4355 7759
7759 4355 9075
7011 4514 5863
4514 5863 7011
5863 4514 7011
14680 2483 9891
2483 9891 14680
9891 2483 14680
1578 7504 14277
7504 1578 14277
14277 1578 7504
7311 2556 7676
7676 2556 7311
2556 7311 7676
2145 7367 10166
7367 2145 10166
10166 2145 7367
4740 655 7465
7465 655 4740
655 4740 7465
2161 6875 12997
6875 2161 12997
12997 2161 6875
5548 3430 10387
3430 5548 10387
10387 3430 5548
12393 1161 1715
1161 1715 12393
1715 1161 12393
12873 233 5503
5503 233 12873
233 5503 12873
1964 3589 8637
3589 1964 8637
8637 1964 3589
13073 114 823
823 114 13073
114 823 13073
10642 5576 7336
7336 5576 10642
5576 7336 10642
9956 3566 6012
3566 6012 9956
6012 3566 9956
8105 4787 8842
4787 8105 8842
8842 4787 8105
9640 1007 5079
1007 5079 9640
5079 1007 9640
2908 5121 10696
5121 2908 10696
10696 2908 5121
3738 5524 11703
11703 3738 5524
5524 3738 11703
3905 5656 7928
7928 3905 5656
5656 3905 7928
2761 2035 13836
2035 2761 13836
13836 2035 2761
11919 11215 12646
11215 11919 12646
12646 11215 11919
9826 626 3840
3840 626 9826
626 3840 9826
1333 7705 14654
7705 1333 14654
14654 1333 7705
2107 10998 13250
13250 2107 10998
10998 2107 13250
3351 5637 9004
9004 3351 5637
5637 3351 9004
11664 2307 12896
12896 2307 11664
2307 11664 12896
4624 6961 14671
14671 4624 6961
6961 4624 14671
2301 535 8814
535 2301 8814
8814 535 2301
4941 3570 9538
9538 3570 4941
3570 4941 9538
1278 2538 3666
3666 1278 2538
2538 1278 3666
12895 4992 7518
7518 4992 12895
4992 7518 12895
14542 8908 10328
8908 10328 14542
10328 8908 14542
10575 5968 9028
9028 5968 10575
5968 9028 10575
14589 14106 14564
14106 14564 14589
14564 14106 14589
1419 5218 10566
10566 1419 5218
5218 1419 10566
10268 6792 12037
6792 10268 12037
12037 6792 10268
1882 11795 12528
12528 1882 11795
11795 1882 12528
4027 9915 12705
12705 4027 9915
9915 4027 12705
3602 670 2003
670 2003 3602
2003 670 3602
6015 5515 11312
5515 6015 11312
11312 5515 6015
11860 2661 3136
3136 2661 11860
2661 3136 11860
7503 5310 13224
13224 5310 7503
5310 7503 13224
8327 2442 5173
5173 2442 8327
2442 5173 8327
7070 973 9555
973 7070 9555
9555 973 7070
3521 2282 13945
2282 3521 13945
13945 2282 3521
4574 3022 14616
3022 4574 14616
14616 3022 4574
1673 7531 14076
14076 1673 7531
7531 1673 14076
14677 732 14206
732 14206 14677
14206 732 14677
3895 3061 7310
3061 3895 7310
7310 3061 3895
6349 3823 14027
3823 6349 14027
14027 3823 6349
12059 7110 12760
7110 12059 12760
12760 7110 12059
1810 6861 8961
8961 1810 6861
6861 1810 8961
6741 8187 14265
14265 6741 8187
8187 6741 14265
10331 5464 14213
5464 10331 14213
14213 5464 10331
10466 1209 8733
8733 1209 10466
1209 8733 10466
11452 3943 14656
3943 11452 14656
14656 3943 11452
14315 2254 5831
2254 5831 14315
5831 2254 14315
6290 2109 14766
2109 6290 14766
14766 2109 6290
13825 6872 14904
6872 13825 14904
14904 6872 13825
12661 7686 11559
11559 7686 12661
7686 11559 12661
454 3976 8517
8517 454 3976
3976 454 8517
854 4443 5299
5299 854 4443
4443 854 5299
4681 10455 14429
14429 4681 10455
10455 4681 14429
9564 5652 11531
11531 5652 9564
5652 9564 11531
12648 632 2978
2978 632 12648
632 2978 12648
9746 2324 9219
2324 9219 9746
9219 2324 9746
11763 6617 13621
13621 6617 11763
6617 11763 13621
10833 3909 8127
3909 8127 10833
8127 3909 10833
353 2601 14704
14704 353 2601
2601 353 14704
14053 8931 11556
11556 8931 14053
8931 11556 14053
6758 1075 7175
7175 1075 6758
1075 6758 7175
8136 1926 4758
1926 4758 8136
4758 1926 8136
10850 7160 12750
12750 7160 10850
7160 10850 12750
6883 8142 12054
8142 6883 12054
12054 6883 8142
12746 1404 7921
7921 1404 12746
1404 7921 12746
13666 1666 7959
7959 1666 13666
1666 7959 13666
12124 5709 11024
5709 11024 12124
11024 5709 12124
378 14328 14682
14682 378 14328
14328 378 14682
2877 1498 11091
11091 1498 2877
1498 2877 11091
3591 7578 11614
7578 3591 11614
11614 3591 7578
9288 1606 8719
1606 8719 9288
8719 1606 9288
2896 2701 12371
12371 2701 2896
2701 2896 12371
6760 3172 12232
12232 3172 6760
3172 6760 12232
8246 4833 8393
4833 8246 8393
8393 4833 8246
14156 866 5211
866 5211 14156
5211 866 14156
1227 439 8903
8903 439 1227
439 1227 8903
9315 7545 11402
11402 7545 9315
7545 9315 11402
2678 6331 12379
6331 2678 12379
12379 2678 6331
12820 125 6764
125 6764 12820
6764 125 12820
14690 492 7788
492 7788 14690
7788 492 14690
12270 8877 12706
12706 8877 12270
8877 12270 12706
1931 7641 12073
12073 1931 7641
7641 1931 12073
11765 739 10512
10512 739 11765
739 10512 11765
12381 106 1480
106 1480 12381
1480 106 12381
9053 1016 11011
11011 1016 9053
1016 9053 11011
4210 1208 11137
1208 4210 11137
11137 1208 4210
12822 7360 9343
9343 7360 12822
7360 9343 12822
9357 2071 2869
2869 2071 9357
2071 2869 9357
10060 3401 6054
3401 6054 10060
6054 3401 10060
1577 5719 7107
5719 1577 7107
7107 1577 5719
880 7581 13461
13461 880 7581
7581 880 13461
11939 2080 5573
2080 5573 11939
5573 2080 11939
989 1591 12069
12069 989 1591
1591 989 12069
10562 2802 7066
2802 7066 10562
7066 2802 10562
3725 12226 13369
13369 3725 12226
12226 3725 13369
11268 5355 7632
5355 7632 11268
7632 5355 11268
5493 2695 11940
2695 5493 11940
11940 2695 5493
1979 14039 14230
14039 1979 14230
14230 1979 14039
3150 6055 12061
12061 3150 6055
6055 3150 12061
390 9731 13200
13200 390 9731
9731 390 13200
6220 2438 14271
2438 6220 14271
14271 2438 6220
6891 5649 12634
5649 6891 12634
12634 5649 6891
12845 7340 14919
7340 12845 14919
14919 7340 12845
9104 6819 14224
6819 9104 14224
14224 6819 9104
10522 8651 9897
9897 8651 10522
8651 9897 10522
10969 1691 10341
10341 1691 10969
1691 10341 10969
1236 12815 14165
14165 1236 12815
12815 1236 14165
14474 9355 14534
14534 9355 14474
9355 14474 14534
14532 4004 6344
6344 4004 14532
4004 6344 14532
10449 9820 10535
9820 10449 10535
10535 9820 10449
2721 3689 5986
3689 2721 5986
5986 2721 3689
7269 8201 9766
8201 7269 9766
9766 7269 8201
14238 435 7767
7767 435 14238
435 7767 14238
10723 11489 12025
12025 10723 11489
11489 10723 12025
13968 8748 10487
10487 8748 13968
8748 10487 13968
11828 4820 6270
6270 4820 11828
4820 6270 11828
14342 3100 11995
11995 3100 14342
3100 11995 14342
14688 4647 12034
12034 4647 14688
4647 12034 14688
12428 10294 12249
10294 12249 12428
12249 10294 12428
2559 4472 6542
4472 2559 6542
6542 2559 4472
4527 7638 8322
7638 4527 8322
8322 4527 7638
515 5985 13132
5985 515 13132
13132 515 5985
750 2509 7893
2509 750 7893
7893 750 2509
4086 4234 6646
4234 4086 6646
6646 4086 4234
1748 4436 11941
4436 1748 11941
11941 1748 4436
10560 10074 12398
12398 10074 10560
10074 10560 12398
12285 380 13951
380 12285 13951
13951 380 12285
10067 4346 9022
9022 4346 10067
4346 9022 10067
9046 7169 7647
7647 7169 9046
7169 7647 9046
5414 1406 4910
1406 4910 5414
4910 1406 5414
14260 1589 8007
1589 8007 14260
8007 1589 14260
615 10443 14030
10443 615 14030
14030 615 10443
63 11786 14445
14445 63 11786
11786 63 14445
11882 5578 10093
5578 10093 11882
10093 5578 11882
12884 129 10553
129 10553 12884
10553 129 12884
2304 11216 11315
11216 2304 11315
11315 2304 11216
3965 6876 12674
12674 3965 6876
6876 3965 12674
11175 10336 11203
10336 11175 11203
11203 10336 11175
14253 9070 13839
13839 9070 14253
9070 13839 14253
8870 10358 12808
12808 8870 10358
10358 8870 12808
11468 5911 6996
5911 6996 11468
6996 5911 11468
12377 2346 6780
6780 2346 12377
2346 6780 12377
13867 10301 11316
10301 11316 13867
11316 10301 13867
1379 520 8159
520 1379 8159
8159 520 1379
12853 6777 12535
6777 12535 12853
12535 6777 12853
4243 107 673
107 673 4243
673 107 4243
10157 3126 13625
13625 3126 10157
3126 10157 13625
5311 7409 14102
7409 5311 14102
14102 5311 7409
265 12724 13433
12724 265 13433
13433 265 12724
3348 4786 10917
4786 3348 10917
10917 3348 4786
6446 257 3337
257 3337 6446
3337 257 6446
12299 13583 14296
13583 12299 14296
14296 12299 13583
13438 7826 13747
7826 13438 13747
13747 7826 13438
7161 810 4640
4640 810 7161
810 4640 7161
3322 1128 1983
1983 1128 3322
1128 1983 3322
11724 8231 8714
8231 8714 11724
8714 8231 11724
2154 11128 12457
12457 2154 11128
11128 2154 12457
14405 14275 14510
14275 14405 14510
14510 14275 14405
8905 2083 4313
2083 4313 8905
4313 2083 8905
3799 12047 14056
12047 3799 14056
14056 3799 12047
9831 8620 10306
8620 9831 10306
10306 8620 9831
1053 1330 1469
1469 1053 1330
1330 1053 1469
2032 3387 11051
11051 2032 3387
3387 2032 11051
5631 5431 5690
5690 5431 5631
5431 5631 5690
8956 7582 12491
12491 7582 8956
7582 8956 12491
13286 5502 7714
7714 5502 13286
5502 7714 13286
10574 981 5260
5260 981 10574
981 5260 10574
14158 2489 8254
8254 2489 14158
2489 8254 14158
12589 6683 12388
6683 12388 12589
12388 6683 12589
12639 3862 10797
10797 3862 12639
3862 10797 12639
3818 3839 9432
9432 3818 3839
3839 3818 9432
12364 3081 3154
3154 3081 12364
3081 3154 12364
6546 3017 10446
10446 3017 6546
3017 6546 10446
8709 3881 11451
11451 3881 8709
3881 8709 11451
2455 3342 3535
3342 2455 3535
3535 2455 3342
8091 5591 11844
5591 8091 11844
11844 5591 8091
5808 5050 8802
5050 5808 8802
8802 5050 5808
9764 955 13420
13420 955 9764
955 9764 13420
10348 471 1446
471 1446 10348
1446 471 10348
6293 4781 9629
9629 4781 6293
4781 6293 9629
6362 4264 6623
4264 6362 6623
6623 4264 6362
13799 5846 12793
12793 5846 13799
5846 12793 13799
924 3281 13068
13068 924 3281
3281 924 13068
7201 1496 5052
1496 5052 7201
5052 1496 7201
8079 8232 14207
14207 8079 8232
8232 8079 14207
12199 3053 4500
4500 3053 12199
3053 4500 12199
2840 9246 12876
12876 2840 9246
9246 2840 12876
2027 1471 4783
4783 1471 2027
1471 2027 4783
7859 4729 7858
7858 4729 7859
4729 7858 7859
1294 2227 12699
12699 1294 2227
2227 1294 12699
3717 9188 14533
9188 3717 14533
14533 3717 9188
14220 11001 12322
11001 12322 14220
12322 11001 14220
14231 4603 13616
13616 4603 14231
4603 13616 14231
8958 9443 10502
10502 8958 9443
9443 8958 10502
1365 365 761
761 365 1365
365 761 1365
4696 8035 9389
8035 4696 9389
9389 4696 8035
14389 1733 2803
1733 2803 14389
2803 1733 14389
1516 11783 13309
13309 1516 11783
11783 1516 13309
415 8108 10699
8108 415 10699
10699 415 8108
940 109 1943
109 940 1943
1943 109 940
10883 8641 14320
8641 10883 14320
14320 8641 10883
3321 8873 13238
8873 3321 13238
13238 3321 8873
4528 6247 7002
7002 4528 6247
6247 4528 7002
12978 6011 11325
6011 11325 12978
11325 6011 12978
7729 7855 14709
7855 7729 14709
14709 7729 7855
12785 3658 11260
3658 11260 12785
11260 3658 12785
274 3753 10171
10171 274 3753
3753 274 10171
6020 12475 14776
14776 6020 12475
12475 6020 14776
7995 6852 13594
13594 6852 7995
6852 7995 13594
11916 8069 11772
8069 11772 11916
11772 8069 11916
3293 5399 8497
5399 3293 8497
8497 3293 5399
5774 3015 6205
3015 5774 6205
6205 3015 5774
8601 1493 4427
4427 1493 8601
1493 4427 8601
2669 5530 6912
5530 2669 6912
6912 2669 5530
8950 2916 6168
6168 2916 8950
2916 6168 8950
5385 5430 13361
5430 5385 13361
13361 5385 5430
5122 14100 14171
14100 5122 14171
14171 5122 14100
10958 5140 7513
5140 7513 10958
7513 5140 10958
907 9486 14763
9486 907 14763
14763 907 9486
11432 604 1960
604 1960 11432
1960 604 11432
10726 639 10724
639 10724 10726
10724 639 10726
12779 8420 10655
8420 10655 12779
10655 8420 12779
12947 4401 5697
5697 4401 12947
4401 5697 12947
11393 6412 12417
12417 6412 11393
6412 11393 12417
9907 7196 10424
10424 7196 9907
7196 9907 10424
14774 445 6922
6922 445 14774
445 6922 14774
5854 10680 13087
10680 5854 13087
13087 5854 10680
13296 1478 10062
10062 1478 13296
1478 10062 13296
4802 241 1839
241 1839 4802
1839 241 4802
11317 501 11893
501 11317 11893
11893 501 11317
2149 506 2845
506 2149 2845
2845 506 2149
2984 5775 11914
5775 2984 11914
11914 2984 5775
4737 3685 13658
13658 3685 4737
3685 4737 13658
13524 2278 9405
2278 9405 13524
9405 2278 13524
2313 11792 14580
11792 2313 14580
14580 2313 11792
6880 12858 14916
12858 6880 14916
14916 6880 12858
4420 2785 4929
2785 4420 4929
4929 2785 4420
10220 2972 6437
6437 2972 10220
2972 6437 10220
8256 4728 6984
6984 4728 8256
4728 6984 8256
14888 1450 7556
7556 1450 14888
1450 7556 14888
14424 9923 12227
12227 9923 14424
9923 12227 14424
9732 11450 13622
13622 9732 11450
11450 9732 13622
13831 9599 10468
10468 9599 13831
9599 10468 13831
8453 6928 8535
6928 8453 8535
8535 6928 8453
6999 8850 13213
8850 6999 13213
13213 6999 8850
13134 2243 8523
8523 2243 13134
2243 8523 13134
1100 8789 8954
8954 1100 8789
8789 1100 8954
11674 6881 12030
6881 11674 12030
12030 6881 11674
9247 6156 7228
6156 7228 9247
7228 6156 9247
3540 6039 6493
6493 3540 6039
6039 3540 6493
11932 1101 6394
1101 6394 11932
6394 1101 11932
4398 945 8470
8470 945 4398
945 4398 8470
11730 4043 7344
7344 4043 11730
4043 7344 11730
5661 7552 11244
7552 5661 11244
11244 5661 7552
3457 4150 9920
9920 3457 4150
4150 3457 9920
9865 2001 12297
2001 9865 12297
12297 2001 9865
13866 208 1605
208 1605 13866
1605 208 13866
12799 2973 13463
13463 2973 12799
2973 12799 13463
8477 4750 7589
4750 7589 8477
7589 4750 8477
13617 7091 10271
7091 10271 13617
10271 7091 13617
11719 7454 9828
7454 9828 11719
9828 7454 11719
11532 404 8408
404 8408 11532
8408 404 11532
11759 9183 12342
12342 9183 11759
9183 11759 12342
6145 11697 11870
11870 6145 11697
11697 6145 11870
2184 2583 7467
7467 2184 2583
2583 2184 7467
13776 8278 11876
11876 8278 13776
8278 11876 13776
10894 12776 13941
13941 10894 12776
12776 10894 13941
4598 3576 13862
3576 4598 13862
13862 3576 4598
10758 5264 9050
9050 5264 10758
5264 9050 10758
5005 4944 12356
12356 4944 5005
4944 5005 12356
10932 8615 11692
8615 10932 11692
11692 8615 10932
510 93 4262
93 510 4262
4262 93 510
13364 7198 12509
12509 7198 13364
7198 12509 13364
8190 1020 5432
5432 1020 8190
1020 5432 8190
14126 7524 12642
12642 7524 14126
7524 12642 14126
5235 4774 14722
4774 5235 14722
14722 4774 5235
1781 8118 12598
12598 1781 8118
8118 1781 12598
14673 622 3272
622 3272 14673
3272 622 14673
7598 6782 12307
6782 7598 12307
12307 6782 7598
6092 895 2074
895 2074 6092
2074 895 6092
13628 3239 5188
5188 3239 13628
3239 5188 13628
10901 944 9184
944 9184 10901
9184 944 10901
6229 2797 6035
6035 2797 6229
2797 6035 6229
7081 9478 9995
9995 7081 9478
9478 7081 9995
8289 10134 10334
10334 8289 10134
10134 8289 10334
5508 8466 14848
8466 5508 14848
14848 5508 8466
5582 7231 10860
10860 5582 7231
7231 5582 10860
3615 3488 10098
10098 3488 3615
3488 3615 10098
3277 6077 13043
6077 3277 13043
13043 3277 6077
8150 789 9420
789 8150 9420
9420 789 8150
260 788 9072
9072 260 788
788 260 9072
2755 12313 14880
14880 2755 12313
12313 2755 14880
4015 3994 9339
3994 4015 9339
9339 3994 4015
1168 11258 12139
12139 1168 11258
11258 1168 12139
7457 1409 11495
11495 1409 7457
1409 7457 11495
13569 7514 12576
12576 7514 13569
7514 12576 13569
7628 1396 11090
11090 1396 7628
1396 7628 11090
14991 2332 7922
7922 2332 14991
2332 7922 14991
400 1647 13007
13007 400 1647
1647 400 13007
9439 7682 9044
7682 9044 9439
9044 7682 9439
4488 7247 8051
7247 4488 8051
8051 4488 7247
610 13077 14568
14568 610 13077
13077 610 14568
1894 5314 6923
6923 1894 5314
5314 1894 6923
12279 5437 10530
10530 5437 12279
5437 10530 12279
4509 473 10130
473 4509 10130
10130 473 4509
1315 4463 6817
6817 1315 4463
4463 1315 6817
12325 4718 8598
4718 8598 12325
8598 4718 12325
9759 10840 13748
10840 9759 13748
13748 9759 10840
5565 6582 11406
11406 5565 6582
6582 5565 11406
14383 1763 8622
1763 8622 14383
8622 1763 14383
3843 594 9775
9775 594 3843
594 3843 9775
8316 4864 10307
4864 8316 10307
10307 4864 8316
4847 4564 9530
9530 4564 4847
4564 4847 9530
14905 6288 12269
6288 12269 14905
12269 6288 14905
3954 3497 8451
3497 3954 8451
8451 3497 3954
9690 6252 11405
11405 6252 9690
6252 9690 11405
9963 45 8119
8119 45 9963
45 8119 9963
13798 657 14426
657 13798 14426
14426 657 13798
7618 8937 12195
12195 7618 8937
8937 7618 12195
9202 3066 10359
10359 3066 9202
3066 9202 10359
9823 10406 11036
10406 9823 11036
11036 9823 10406
4749 5875 7783
7783 4749 5875
5875 4749 7783
10346 3186 5316
3186 5316 10346
5316 3186 10346
7345 370 13254
370 7345 13254
13254 370 7345
6636 2568 8471
8471 2568 6636
2568 6636 8471
2228 6420 14670
14670 2228 6420
6420 2228 14670
4643 958 11249
958 4643 11249
11249 958 4643
8061 1759 5466
5466 1759 8061
1759 5466 8061
14560 8932 14883
8932 14560 14883
14883 8932 14560
4169 1178 11095
11095 1178 4169
1178 4169 11095
10205 5380 13416
5380 10205 13416
13416 5380 10205
234 6816 7329
7329 234 6816
6816 234 7329
13808 7616 13188
13188 7616 13808
7616 13188 13808
6549 1847 6366
1847 6366 6549
6366 1847 6549
9798 3886 8694
3886 8694 9798
8694 3886 9798
13357 5129 6065
5129 6065 13357
6065 5129 13357
10161 8059 14527
14527 8059 10161
8059 10161 14527
8593 9294 10190
10190 8593 9294
9294 8593 10190
4416 11385 13198
11385 4416 13198
13198 4416 11385
14637 3484 4037
4037 3484 14637
3484 4037 14637
12246 985 2112
2112 985 12246
985 2112 12246
10225 4956 12400
12400 4956 10225
4956 10225 12400
10230 6718 14124
6718 10230 14124
14124 6718 10230
133 1889 11131
1889 133 11131
11131 133 1889
9981 1240 4674
1240 4674 9981
4674 1240 9981
10661 4578 8514
8514 4578 10661
4578 8514 10661
3402 3384 6046
6046 3384 3402
3384 3402 6046
259 8669 11422
11422 259 8669
8669 259 11422
11884 7289 11645
11645 7289 11884
7289 11645 11884
5800 1433 5770
1433 5770 5800
5770 1433 5800
13682 1524 11082
1524 11082 13682
11082 1524 13682
7302 3353 5507
5507 3353 7302
3353 5507 7302
10898 3782 6736
3782 6736 10898
6736 3782 10898
5525 7208 10156
10156 5525 7208
7208 5525 10156
11008 8270 9495
8270 9495 11008
9495 8270 11008
7224 1242 12149
1242 7224 12149
12149 1242 7224
9383 5509 10877
5509 9383 10877
10877 5509 9383
1593 4059 8257
8257 1593 4059
4059 1593 8257
12203 9015 11394
9015 11394 12203
11394 9015 12203
7734 8664 13800
13800 7734 8664
8664 7734 13800
10167 2116 8203
8203 2116 10167
2116 8203 10167
489 2433 12662
12662 489 2433
2433 489 12662
4994 12287 13985
13985 4994 12287
12287 4994 13985
13877 291 7305
291 7305 13877
7305 291 13877
540 2322 10034
10034 540 2322
2322 540 10034
10705 1393 7740
1393 7740 10705
7740 1393 10705
14613 4661 6503
6503 4661 14613
4661 6503 14613
11403 2371 12852
12852 2371 11403
2371 11403 12852
10146 6865 9770
9770 6865 10146
6865 9770 10146
1668 784 5557
5557 784 1668
784 1668 5557
3075 1876 11902
11902 1876 3075
1876 3075 11902
4998 9449 13274
9449 4998 13274
13274 4998 9449
49 2886 8618
2886 49 8618
8618 49 2886
9023 2030 14843
14843 2030 9023
2030 9023 14843
12041 4629 12483
12483 4629 12041
4629 12041 12483
7112 2680 14014
2680 7112 14014
14014 2680 7112
9302 4425 14860
14860 4425 9302
4425 9302 14860
10286 3810 13419
13419 3810 10286
3810 10286 13419
11945 1319 6755
6755 1319 11945
1319 6755 11945
14836 1291 8151
1291 8151 14836
8151 1291 14836
8741 5241 6135
6135 5241 8741
5241 6135 8741
4409 2873 13503
2873 4409 13503
13503 2873 4409
13852 4899 13758
13758 4899 13852
4899 13758 13852
7679 474 6887
6887 474 7679
474 6887 7679
6766 5952 12478
12478 5952 6766
5952 6766 12478
4687 3572 10760
10760 3572 4687
3572 4687 10760
4124 10179 11808
10179 4124 11808
11808 4124 10179
13449 9880 11545
9880 11545 13449
11545 9880 13449
6434 3097 6563
6563 3097 6434
3097 6434 6563
14849 4403 12777
12777 4403 14849
4403 12777 14849
8567 3247 5376
3247 5376 8567
5376 3247 8567
4626 2639 14945
2639 4626 14945
14945 2639 4626
1710 4882 9793
4882 1710 9793
9793 1710 4882
13884 2200 11326
2200 11326 13884
11326 2200 13884
9468 1539 2522
1539 2522 9468
2522 1539 9468
3152 1513 4163
4163 1513 3152
1513 3152 4163
3693 785 14122
785 3693 14122
14122 785 3693
7343 3509 4567
4567 3509 7343
3509 4567 7343
5826 5020 9376
5020 5826 9376
9376 5020 5826
10181 9886 13783
9886 10181 13783
13783 9886 10181
2950 2789 9081
9081 2789 2950
2789 2950 9081
8857 4303 5696
5696 4303 8857
4303 5696 8857
10234 4496 11734
4496 10234 11734
11734 4496 10234
2871 10125 11649
10125 2871 11649
11649 2871 10125
13252 4493 11182
11182 4493 13252
4493 11182 13252
7614 3368 13269
13269 3368 7614
3368 7614 13269
6648 9715 9800
9715 6648 9800
9800 6648 9715
1286 8511 10039
10039 1286 8511
8511 1286 10039
11397 4447 5253
5253 4447 11397
4447 5253 11397
5364 1852 3228
3228 1852 5364
1852 3228 5364
3964 1082 14184
1082 3964 14184
14184 1082 3964
580 11023 13445
13445 580 11023
11023 580 13445
8383 1344 5681
5681 1344 8383
1344 5681 8383
10763 523 7204
7204 523 10763
523 7204 10763
4701 5935 6259
5935 4701 6259
6259 4701 5935
6351 5900 8207
8207 5900 6351
5900 6351 8207
463 7140 14927
7140 463 14927
14927 463 7140
9272 3611 3816
3816 3611 9272
3611 3816 9272
6841 1363 12422
1363 6841 12422
12422 1363 6841
6423 377 6481
6481 377 6423
377 6423 6481
10549 9942 10388
10388 9942 10549
9942 10388 10549
1816 1165 5706
5706 1165 1816
1165 1816 5706
14820 6125 7502
6125 7502 14820
7502 6125 14820
754 3683 10104
10104 754 3683
3683 754 10104
1403 790 3896
3896 790 1403
790 1403 3896
14430 9014 14159
9014 14159 14430
14159 9014 14430
10123 2677 10201
2677 10123 10201
10201 2677 10123
5277 10 8758
10 5277 8758
8758 10 5277
14586 4329 6155
4329 6155 14586
6155 4329 14586
12666 5726 6783
5726 6783 12666
6783 5726 12666
12827 5563 5600
5600 5563 12827
5563 5600 12827
7163 4053 4618
4053 4618 7163
4618 4053 7163
12991 6215 8706
6215 8706 12991
8706 6215 12991
10737 9264 14415
9264 10737 14415
14415 9264 10737
5356 7617 12200
7617 5356 12200
12200 5356 7617
12204 8447 11606
11606 8447 12204
8447 11606 12204
12561 1401 2589
1401 2589 12561
2589 1401 12561
8872 7778 10475
10475 7778 8872
7778 8872 10475
1615 876 10700
10700 876 1615
876 1615 10700
8263 1567 7392
1567 7392 8263
7392 1567 8263
1655 6775 11284
11284 1655 6775
6775 1655 11284
11365 13426 14987
14987 11365 13426
13426 11365 14987
7055 4771 6785
6785 4771 7055
4771 6785 7055
753 101 13266
13266 101 753
101 753 13266
11038 6603 10600
6603 10600 11038
10600 6603 11038
10659 6957 12626
6957 10659 12626
12626 6957 10659
508 2042 4632
4632 508 2042
2042 508 4632
4070 5575 13531
5575 4070 13531
13531 4070 5575
2633 9006 9324
9006 2633 9324
9324 2633 9006
7775 2735 5699
2735 5699 7775
5699 2735 7775
12552 238 12665
238 12552 12665
12665 238 12552
8993 2693 3993
3993 2693 8993
2693 3993 8993
6550 9257 10450
9257 6550 10450
10450 6550 9257
2128 1509 6164
6164 1509 2128
1509 2128 6164
5296 9938 14361
14361 5296 9938
9938 5296 14361
7205 7417 12355
7417 7205 12355
12355 7205 7417
10742 3560 11935
11935 3560 10742
3560 10742 11935
11307 7399 12651
7399 11307 12651
12651 7399 11307
7836 11684 14944
11684 7836 14944
14944 7836 11684
8507 2519 14634
2519 8507 14634
14634 2519 8507
3768 1728 6510
6510 1728 3768
1728 3768 6510
5149 3587 12923
3587 5149 12923
12923 3587 5149
12556 857 8154
8154 857 12556
857 8154 12556
2800 6814 12609
12609 2800 6814
6814 2800 12609
11013 4094 13208
4094 11013 13208
13208 4094 11013
134 6372 9871
9871 134 6372
6372 134 9871
14011 2260 4508
2260 4508 14011
4508 2260 14011
9078 1127 12720
1127 9078 12720
12720 1127 9078
4521 3338 13827
13827 3338 4521
3338 4521 13827
10147 8224 13773
8224 10147 13773
13773 8224 10147
2567 3803 3940
3940 2567 3803
3803 2567 3940
8823 4297 9231
9231 4297 8823
4297 8823 9231
2767 12621 13614
13614 2767 12621
12621 2767 13614
14060 723 5393
5393 723 14060
723 5393 14060
8113 10129 11039
11039 8113 10129
10129 8113 11039
13442 6410 14109
14109 6410 13442
6410 13442 14109
8561 1018 3809
3809 1018 8561
1018 3809 8561
3614 8101 10299
10299 3614 8101
8101 3614 10299
7043 759 14890
759 7043 14890
14890 759 7043
1899 5792 13360
5792 1899 13360
13360 1899 5792
7516 4991 5352
5352 4991 7516
4991 5352 7516
2687 2258 7811
2258 2687 7811
7811 2258 2687
13202 9837 10375
10375 9837 13202
9837 10375 13202
10428 10110 11153
11153 10110 10428
10110 10428 11153
9781 10636 10805
10805 9781 10636
