632 903 1293
903 632 1293
1293 632 903
1264 125 1101
125 1101 1264
1101 125 1264
596 174 1396
174 596 1396
1396 174 596
337 981 1415
1415 337 981
981 337 1415
859 1113 1321
1113 859 1321
1321 859 1113
1449 982 1003
1003 982 1449
982 1003 1449
921 448 705
448 705 921
705 448 921
563 73 1207
73 563 1207
1207 73 563
697 998 1461
1461 697 998
998 697 1461
1491 313 842
842 313 1491
313 842 1491
851 308 559
308 559 851
559 308 851
1137 246 1074
246 1074 1137
1074 246 1137
1092 578 1443
578 1092 1443
1443 578 1092
970 822 1468
1468 822 970
822 970 1468
933 520 581
581 520 933
520 581 933
597 927 1307
927 597 1307
1307 597 927
716 794 854
794 716 854
854 716 794
669 746 939
746 669 939
939 669 746
1107 182 513
182 513 1107
513 182 1107
586 168 738
738 168 586
168 586 738
758 399 569
399 569 758
569 399 758
94 52 1156
52 94 1156
1156 52 94
381 290 655
655 290 381
290 381 655
28 226 608
226 28 608
608 28 226
1001 1129 1390
1129 1001 1390
1390 1001 1129
445 945 1127
1127 445 945
945 445 1127
750 91 433
91 433 750
433 91 750
34 1367 1433
1367 34 1433
1433 34 1367
588 801 817
801 588 817
817 588 801
372 757 1110
1110 372 757
757 372 1110
773 984 1380
984 773 1380
1380 773 984
1368 631 1182
631 1182 1368
1182 631 1368
327 363 1329
363 327 1329
1329 327 363
858 627 1220
627 858 1220
1220 627 858
943 918 1480
1480 918 943
918 943 1480
1292 707 873
707 873 1292
873 707 1292
444 16 1158
16 444 1158
1158 16 444
38 237 771
771 38 237
237 38 771
1407 425 533
425 533 1407
533 425 1407
353 876 995
876 353 995
995 353 876
2 494 1432
1432 2 494
494 2 1432
913 788 1163
788 913 1163
1163 788 913
715 140 574
574 140 715
140 574 715
566 245 1015
1015 245 566
245 566 1015
1388 345 383
345 383 1388
383 345 1388
408 1058 1436
1058 408 1436
1436 408 1058
1144 523 953
953 523 1144
523 953 1144
664 531 1216
1216 531 664
531 664 1216
1269 598 1243
598 1243 1269
1243 598 1269
990 144 1020
144 990 1020
1020 144 990
435 619 1032
619 435 1032
1032 435 619
1016 106 128
106 128 1016
128 106 1016
527 832 1352
832 527 1352
1352 527 832
1087 370 567
370 567 1087
567 370 1087
249 823 912
912 249 823
823 249 912
1135 830 1125
830 1125 1135
1125 830 1135
542 465 745
745 465 542
465 542 745
223 378 786
378 223 786
786 223 378
1073 118 594
594 118 1073
118 594 1073
518 504 684
684 504 518
504 518 684
1054 335 735
335 735 1054
735 335 1054
1266 69 622
69 622 1266
622 69 1266
691 584 886
886 584 691
584 691 886
1471 1208 1384
1384 1208 1471
1208 1384 1471
29 487 641
641 29 487
487 29 641
712 789 1050
789 712 1050
1050 712 789
1495 986 1466
986 1466 1495
1466 986 1495
733 250 1363
1363 250 733
250 733 1363
459 160 1399
160 459 1399
1399 160 459
117 701 1063
1063 117 701
701 117 1063
1013 699 1342
1342 699 1013
699 1013 1342
272 477 920
920 272 477
477 272 920
84 183 319
319 84 183
183 84 319
350 955 1285
1285 350 955
955 350 1285
826 472 1200
472 826 1200
1200 472 826
666 58 1119
58 666 1119
1119 58 666
611 60 954
954 60 611
60 611 954
458 544 1258
544 458 1258
1258 458 544
385 1169 1225
1169 385 1225
1225 385 1169
1002 366 534
366 534 1002
534 366 1002
917 365 620
620 365 917
365 620 917
1413 256 756
756 256 1413
256 756 1413
253 410 683
410 253 683
683 253 410
626 1010 1103
1103 626 1010
1010 626 1103
1149 1453 1484
1484 1149 1453
1453 1149 1484
1426 229 671
229 671 1426
671 229 1426
48 649 906
906 48 649
649 48 906
456 11 170
170 11 456
11 170 456
1303 492 1195
492 1195 1303
1195 492 1303
580 659 980
980 580 659
659 580 980
1126 216 1354
1354 216 1126
216 1126 1354
104 194 252
194 104 252
252 104 194
1349 693 825
825 693 1349
693 825 1349
361 198 1376
198 361 1376
1376 198 361
367 1204 1429
1204 367 1429
1429 367 1204
1229 13 1023
1023 13 1229
13 1023 1229
1033 713 1078
1078 713 1033
713 1033 1078
438 875 1077
1077 438 875
875 438 1077
1421 538 964
538 964 1421
964 538 1421
1314 12 1247
12 1247 1314
1247 12 1314
1089 650 957
650 957 1089
957 650 1089
119 1000 1302
1000 119 1302
1302 119 1000
173 233 568
568 173 233
233 173 568
1478 136 437
437 136 1478
136 437 1478
1310 423 1411
423 1310 1411
1411 423 1310
813 138 336
336 138 813
138 336 813
469 301 590
590 301 469
301 469 590
1457 1335 1383
1335 1383 1457
1383 1335 1457
1254 103 376
376 103 1254
103 376 1254
1479 47 291
291 47 1479
47 291 1479
770 334 623
623 334 770
334 623 770
1414 1192 1412
1412 1192 1414
1192 1412 1414
422 449 1395
449 422 1395
1395 422 449
151 996 1009
1009 151 996
996 151 1009
1465 1068 1142
1068 1142 1465
1142 1068 1465
599 201 214
214 201 599
201 214 599
1213 310 639
310 639 1213
639 310 1213
1230 50 98
50 98 1230
98 50 1230
137 264 1485
1485 137 264
264 137 1485
405 467 1066
467 405 1066
1066 405 467
1277 902 1168
902 1168 1277
1168 902 1277
1238 450 1489
450 1238 1489
1489 450 1238
411 754 1417
1417 411 754
754 411 1417
1386 6 455
455 6 1386
6 455 1386
600 248 1104
1104 248 600
248 600 1104
26 924 946
924 26 946
946 26 924
1280 293 550
293 550 1280
550 293 1280
1174 190 613
613 190 1174
190 613 1174
1324 68 1281
68 1281 1324
1281 68 1324
206 209 380
209 206 380
380 206 209
872 1005 1065
1065 872 1005
1005 872 1065
810 740 1027
740 810 1027
1027 740 810
1226 890 904
890 904 1226
904 890 1226
241 394 643
643 241 394
394 241 643
352 436 575
436 352 575
575 352 436
1056 93 281
281 93 1056
93 281 1056
275 561 1011
561 275 1011
1011 275 561
1187 447 645
645 447 1187
447 645 1187
976 1151 1246
1246 976 1151
1151 976 1246
463 333 1146
1146 333 463
333 463 1146
1490 988 1345
988 1345 1490
1345 988 1490
793 287 660
287 660 793
660 287 793
1291 807 1405
1405 807 1291
807 1291 1405
15 818 887
887 15 818
818 15 887
1487 732 748
732 748 1487
748 732 1487
1160 1030 1377
1030 1160 1377
1377 1030 1160
213 1401 1440
1440 213 1401
1401 213 1440
724 3 804
804 3 724
3 724 804
342 1232 1473
1232 342 1473
1473 342 1232
409 270 1203
270 409 1203
1203 270 409
743 33 866
866 33 743
33 743 866
1079 484 1029
1029 484 1079
484 1029 1079
1235 1191 1420
1420 1191 1235
1191 1235 1420
415 262 475
475 262 415
262 415 475
762 188 931
931 188 762
188 762 931
947 811 1267
811 947 1267
1267 811 947
1430 784 1331
784 1331 1430
1331 784 1430
22 20 1403
20 22 1403
1403 20 22
517 44 1343
44 517 1343
1343 44 517
21 434 1427
434 21 1427
1427 21 434
1162 207 1132
1132 207 1162
207 1132 1162
1245 398 1053
398 1053 1245
1053 398 1245
401 1128 1373
1128 401 1373
1373 401 1128
604 149 302
302 149 604
149 302 604
204 1037 1340
1340 204 1037
1037 204 1340
1469 54 79
79 54 1469
54 79 1469
616 260 791
791 260 616
260 616 791
779 141 526
141 526 779
526 141 779
96 552 630
630 96 552
552 96 630
617 300 905
905 300 617
300 617 905
1241 156 1286
156 1241 1286
1286 156 1241
63 496 603
603 63 496
496 63 603
560 83 1316
83 560 1316
1316 83 560
831 582 827
582 827 831
827 582 831
1393 471 1361
471 1361 1393
1361 471 1393
1435 479 1320
479 1320 1435
1320 479 1435
549 570 1099
1099 549 570
570 549 1099
1081 328 1492
1492 328 1081
328 1081 1492
845 554 1224
1224 554 845
554 845 1224
1496 244 1177
1177 244 1496
244 1177 1496
605 884 1155
1155 605 884
884 605 1155
768 1330 1333
1333 768 1330
1330 768 1333
1214 278 704
704 278 1214
278 704 1214
891 154 922
922 154 891
154 891 922
1098 112 1124
112 1098 1124
1124 112 1098
1234 329 782
329 782 1234
782 329 1234
295 482 1283
1283 295 482
482 295 1283
1344 546 799
799 546 1344
546 799 1344
1318 348 1112
1112 348 1318
348 1112 1318
525 752 937
937 525 752
752 525 937
208 760 1323
760 208 1323
1323 208 760
189 800 1227
1227 189 800
800 189 1227
749 686 721
686 721 749
721 686 749
736 49 1196
49 736 1196
1196 49 736
1022 382 792
792 382 1022
382 792 1022
1364 929 971
971 929 1364
929 971 1364
571 652 1157
652 571 1157
1157 571 652
1197 536 1445
1445 536 1197
536 1197 1445
1462 648 944
944 648 1462
648 944 1462
254 974 1360
1360 254 974
974 254 1360
171 894 1475
1475 171 894
894 171 1475
1493 178 1240
1240 178 1493
178 1240 1493
1148 113 798
798 113 1148
113 798 1148
25 314 379
379 25 314
314 25 379
127 540 840
540 127 840
840 127 540
234 177 747
177 234 747
747 177 234
277 491 1184
1184 277 491
491 277 1184
1274 341 950
341 950 1274
950 341 1274
1265 76 192
192 76 1265
76 192 1265
61 35 1387
35 61 1387
1387 35 61
1062 70 1180
1180 70 1062
70 1062 1180
512 129 864
129 512 864
864 129 512
914 338 962
962 338 914
338 914 962
454 870 928
870 454 928
928 454 870
99 392 589
589 99 392
392 99 589
139 298 1051
1051 139 298
298 139 1051
191 702 1021
702 191 1021
1021 191 702
185 285 453
285 185 453
453 185 285
1248 89 803
803 89 1248
89 803 1248
994 323 606
323 606 994
606 323 994
717 895 1424
895 717 1424
1424 717 895
1083 480 727
727 480 1083
480 727 1083
1334 1249 1339
1339 1249 1334
1249 1334 1339
653 720 1371
1371 653 720
720 653 1371
1152 279 614
279 614 1152
614 279 1152
975 1236 1313
1313 975 1236
1236 975 1313
772 1084 1408
1408 772 1084
1084 772 1408
239 528 1136
1136 239 528
528 239 1136
1472 286 979
979 286 1472
286 979 1472
120 593 1444
593 120 1444
1444 120 593
835 357 709
709 357 835
357 709 835
1018 231 963
231 963 1018
963 231 1018
1088 547 882
882 547 1088
547 882 1088
1276 414 583
583 414 1276
414 583 1276
1210 1072 1159
1159 1072 1210
1072 1159 1210
466 27 105
27 105 466
105 27 466
690 1319 1365
1319 690 1365
1365 690 1319
483 829 1052
829 483 1052
1052 483 829
601 1398 1450
1398 601 1450
1450 601 1398
107 1300 1337
1300 107 1337
1337 107 1300
1268 1233 1422
1233 1268 1422
1422 1233 1268
1309 1275 1348
1348 1275 1309
1275 1309 1348
10 419 1206
1206 10 419
419 10 1206
1311 551 978
551 978 1311
978 551 1311
219 610 809
610 219 809
809 219 610
572 115 1451
1451 115 572
115 572 1451
320 81 621
81 320 621
621 81 320
615 122 949
949 122 615
122 615 949
969 708 1114
1114 708 969
708 969 1114
739 340 797
340 739 797
797 340 739
62 359 421
421 62 359
359 62 421
123 1167 1271
1167 123 1271
1271 123 1167
1378 1060 1116
1060 1116 1378
1116 1060 1378
919 318 1094
318 919 1094
1094 318 919
162 564 965
564 162 965
965 162 564
677 145 1402
1402 145 677
145 677 1402
102 218 1117
218 102 1117
1117 102 218
1189 354 1391
354 1189 1391
1391 354 1189
263 282 577
282 263 577
577 263 282
1067 1 324
1 324 1067
324 1 1067
808 785 966
966 785 808
785 808 966
486 199 1458
199 486 1458
1458 199 486
1133 1055 1494
1494 1055 1133
1055 1133 1494
824 429 522
522 429 824
429 522 824
1338 909 1253
909 1253 1338
1253 909 1338
108 737 1130
737 108 1130
1130 108 737
898 375 775
775 375 898
375 775 898
680 1035 1358
1358 680 1035
1035 680 1358
706 1299 1486
1486 706 1299
1299 706 1486
507 638 1183
1183 507 638
638 507 1183
499 14 19
14 19 499
19 14 499
432 86 579
579 86 432
86 432 579
179 679 1025
679 179 1025
1025 179 679
1315 519 1143
1143 519 1315
519 1143 1315
676 163 1221
1221 163 676
163 676 1221
710 729 1139
1139 710 729
729 710 1139
1326 488 1223
488 1223 1326
1223 488 1326
1201 360 663
360 663 1201
663 360 1201
1389 30 651
30 651 1389
651 30 1389
1296 999 1460
1460 999 1296
999 1296 1460
1308 915 1199
915 1199 1308
1199 915 1308
255 45 731
731 45 255
45 255 731
1111 388 1095
1095 388 1111
388 1095 1111
1034 514 1288
514 1034 1288
1288 514 1034
1446 836 1294
836 1294 1446
1294 836 1446
911 59 439
59 439 911
439 59 911
4 344 489
489 4 344
344 4 489
288 637 1007
1007 288 637
637 288 1007
51 503 1305
1305 51 503
503 51 1305
730 121 481
121 481 730
481 121 730
114 404 814
814 114 404
404 114 814
203 153 1041
153 203 1041
1041 153 203
1263 236 900
900 236 1263
236 900 1263
1317 349 654
654 349 1317
349 654 1317
502 304 412
412 304 502
304 412 502
39 1346 1474
1346 39 1474
1474 39 1346
296 497 783
783 296 497
497 296 783
696 776 991
991 696 776
776 696 991
40 647 1256
647 40 1256
1256 40 647
541 532 867
867 532 541
532 541 867
116 330 923
923 116 330
330 116 923
211 159 674
159 211 674
674 159 211
427 446 1046
1046 427 446
446 427 1046
508 347 687
347 508 687
687 347 508
1351 956 1202
956 1202 1351
1202 956 1351
852 74 325
325 74 852
74 325 852
37 635 1036
635 37 1036
1036 37 635
1441 420 646
646 420 1441
420 646 1441
1392 200 1057
200 1057 1392
1057 200 1392
839 210 1145
1145 210 839
210 839 1145
880 1251 1261
1261 880 1251
1251 880 1261
744 505 1044
1044 505 744
505 744 1044
1075 326 355
326 355 1075
355 326 1075
165 55 1231
55 165 1231
1231 55 165
670 7 1255
1255 7 670
7 670 1255
1205 936 1400
1400 936 1205
936 1205 1400
1447 406 1061
406 1061 1447
1061 406 1447
612 430 940
430 612 940
940 430 612
478 196 850
196 478 850
850 196 478
41 242 1252
242 41 1252
1252 41 242
78 524 1438
524 78 1438
1438 78 524
661 66 841
66 661 841
841 66 661
543 18 871
18 543 871
871 18 543
868 371 681
371 681 868
681 371 868
1138 321 585
585 321 1138
321 585 1138
306 1356 1456
1356 306 1456
1456 306 1356
938 195 802
802 195 938
195 802 938
806 31 386
31 386 806
386 31 806
9 82 656
656 9 82
82 9 656
1409 158 498
158 498 1409
498 158 1409
942 440 1442
1442 440 942
440 942 1442
689 892 973
892 689 973
973 689 892
935 476 932
476 932 935
932 476 935
315 442 1375
442 315 1375
1375 315 442
1242 490 1439
1439 490 1242
490 1242 1439
673 941 1370
941 673 1370
1370 673 941
609 24 688
688 24 609
24 609 688
148 961 1322
1322 148 961
961 148 1322
837 530 993
993 530 837
530 837 993
221 930 1026
1026 221 930
930 221 1026
311 893 1028
893 311 1028
1028 311 893
925 5 642
642 5 925
5 642 925
838 217 908
217 838 908
908 217 838
633 1301 1454
1454 633 1301
1301 633 1454
305 636 796
636 305 796
796 305 636
881 424 1419
1419 424 881
424 881 1419
1459 1382 1431
1431 1382 1459
1382 1431 1459
495 510 1217
510 495 1217
1217 495 510
847 558 1141
558 847 1141
1141 558 847
276 861 1181
861 276 1181
1181 276 861
790 267 1069
267 790 1069
1069 267 790
992 474 1043
1043 474 992
474 992 1043
958 545 951
545 951 958
951 545 958
1185 224 1131
224 1131 1185
1131 224 1185
565 916 1270
916 565 1270
1270 565 916
1153 202 416
202 416 1153
416 202 1153
132 1222 1394
1394 132 1222
1222 132 1394
441 257 1464
257 441 1464
1464 257 441
373 722 1164
722 373 1164
1164 373 722
1218 384 592
384 592 1218
592 384 1218
1120 521 1193
521 1120 1193
1193 521 1120
390 805 1434
805 390 1434
1434 390 805
1372 1147 1237
1237 1147 1372
1147 1237 1372
780 339 562
562 339 780
339 562 780
97 175 834
834 97 175
175 97 834
553 556 869
556 553 869
869 553 556
87 274 1082
1082 87 274
274 87 1082
143 251 977
251 143 977
977 143 251
763 418 1250
418 763 1250
1250 418 763
1488 428 1481
1481 428 1488
428 1481 1488
765 812 934
812 765 934
934 765 812
629 1211 1350
1211 629 1350
1350 629 1211
658 625 1379
625 658 1379
1379 625 658
88 312 576
312 88 576
576 88 312
703 853 1327
853 703 1327
1327 703 853
1047 181 473
473 181 1047
181 473 1047
535 56 865
865 56 535
56 535 865
1071 1295 1499
1499 1071 1295
1295 1071 1499
147 166 879
879 147 166
166 147 879
573 155 665
155 573 665
665 155 573
1425 960 1100
960 1100 1425
1100 960 1425
493 228 364
228 364 493
364 228 493
624 259 358
358 259 624
259 358 624
863 500 1070
1070 500 863
500 863 1070
698 351 413
351 413 698
413 351 698
1076 967 1123
1123 967 1076
967 1076 1123
1448 816 877
877 816 1448
816 877 1448
1006 1040 1186
1040 1006 1186
1186 1006 1040
1031 124 1024
1024 124 1031
124 1024 1031
101 297 387
387 101 297
297 101 387
726 1106 1467
1106 726 1467
1467 726 1106
393 718 1209
718 393 1209
1209 393 718
667 172 292
292 172 667
172 292 667
23 17 346
346 17 23
17 23 346
1423 452 555
555 452 1423
452 555 1423
1166 470 761
470 761 1166
761 470 1166
888 815 1452
815 888 1452
1452 815 888
1306 356 1198
356 1198 1306
1198 356 1306
767 855 1353
855 767 1353
1353 767 855
225 95 1404
95 225 1404
1404 95 225
1500 164 1359
164 1359 1500
1359 164 1500
857 176 1397
176 857 1397
1397 176 857
644 997 1215
1215 644 997
997 644 1215
331 856 1049
1049 331 856
856 331 1049
1366 607 1176
607 1176 1366
1176 607 1366
1239 443 1497
443 1239 1497
1497 443 1239
1102 72 1476
1476 72 1102
72 1102 1476
755 271 501
271 501 755
501 271 755
240 742 1017
742 240 1017
1017 240 742
539 451 1259
451 539 1259
1259 451 539
1048 460 1194
460 1048 1194
1194 460 1048
1109 284 846
846 284 1109
284 846 1109
820 65 1008
1008 65 820
65 820 1008
457 725 1170
725 457 1170
1170 457 725
1090 874 1282
1282 874 1090
874 1090 1282
1357 36 548
36 548 1357
548 36 1357
1406 71 205
205 71 1406
71 205 1406
1290 307 1416
1416 307 1290
307 1290 1416
134 186 774
774 134 186
186 134 774
464 220 685
685 220 464
220 464 685
1038 1042 1118
1118 1038 1042
1042 1038 1118
377 719 860
860 377 719
719 377 860
833 142 952
952 142 833
142 833 952
317 258 848
258 317 848
848 258 317
781 197 618
618 197 781
197 618 781
1428 332 766
766 332 1428
332 766 1428
1171 43 462
43 462 1171
462 43 1171
764 777 1325
777 764 1325
1325 764 777
485 395 989
989 395 485
395 485 989
795 844 1105
844 795 1105
1105 795 844
1362 289 1059
289 1059 1362
1059 289 1362
369 150 511
511 150 369
150 369 511
468 403 695
403 468 695
695 403 468
402 238 819
238 402 819
819 238 402
407 1284 1298
1284 407 1298
1298 407 1284
232 843 1173
1173 232 843
843 232 1173
700 396 557
396 557 700
557 396 700
889 193 675
193 675 889
675 193 889
75 57 1172
57 75 1172
1172 57 75
595 268 1091
268 595 1091
1091 268 595
157 714 1341
1341 157 714
714 157 1341
42 309 1297
1297 42 309
309 42 1297
741 322 362
362 322 741
322 362 741
723 426 1150
426 723 1150
1150 426 723
769 828 910
828 769 910
910 769 828
657 92 1039
1039 92 657
92 657 1039
184 692 1140
1140 184 692
692 184 1140
417 1219 1347
1219 417 1347
1347 417 1219
265 734 1093
734 265 1093
1093 265 734
1381 862 901
862 901 1381
901 862 1381
1165 431 1279
1279 431 1165
431 1165 1279
1498 180 1437
1437 180 1498
180 1437 1498
959 899 1086
1086 899 959
899 959 1086
1273 294 926
294 926 1273
926 294 1273
161 1085 1244
1244 161 1085
1085 161 1244
1121 515 883
515 883 1121
883 515 1121
1190 167 778
167 778 1190
778 167 1190
759 678 682
678 682 759
682 678 759
897 110 1336
110 897 1336
1336 110 897
187 694 1161
1161 187 694
694 187 1161
948 1134 1272
1134 948 1272
1272 948 1134
1212 85 135
85 135 1212
135 85 1212
243 374 602
374 243 602
602 243 374
227 1257 1304
1257 227 1304
1304 227 1257
711 751 1154
1154 711 751
751 711 1154
1477 109 1045
109 1045 1477
1045 109 1477
126 46 343
343 46 126
46 126 343
1470 215 283
215 283 1470
283 215 1470
591 1064 1463
1064 591 1463
1463 591 1064
668 389 1080
1080 389 668
389 668 1080
247 146 1014
146 247 1014
1014 146 247
111 100 299
100 111 299
299 100 111
787 1108 1262
1262 787 1108
1108 787 1262
1410 529 1483
529 1410 1483
1483 529 1410
662 32 1289
1289 32 662
32 662 1289
1019 235 1374
1374 235 1019
235 1019 1374
516 90 509
90 509 516
509 90 516
1012 222 506
506 222 1012
222 506 1012
391 303 1328
303 391 1328
1328 303 391
1179 972 1332
972 1179 1332
1332 972 1179
1482 212 640
212 640 1482
640 212 1482
1418 587 821
587 821 1418
821 587 1418
1122 130 397
130 397 1122
397 130 1122
849 368 1455
368 849 1455
1455 368 849
907 266 1312
266 907 1312
1312 266 907
1097 152 728
152 728 1097
728 152 1097
131 400 634
400 131 634
634 131 400
133 53 1178
53 133 1178
1178 53 133
1004 983 1175
1175 983 1004
983 1004 1175
672 269 753
269 672 753
753 269 672
987 316 537
316 537 987
537 316 987
1188 8 878
8 878 1188
878 8 1188
1385 64 1287
64 1287 1385
1287 64 1385
896 968 1355
1355 896 968
968 896 1355
1369 261 461
261 461 1369
461 261 1369
80 67 985
67 80 985
985 67 80
1278 77 280
77 280 1278
280 77 1278
169 273 628
628 169 273
273 169 628
1115 230 1228
1228 230 1115
230 1115 1228
1096 885 1260
1260 885 1096
885 1096 1260
